1583817327.85	750	4	0.025	450283	2	-0.10750000000000004
1583817327.91	4300	8	0.0	2123065	4	0.75
1583817327.96	4300	12	0.0	2177073	4	4.3
1583817328.0	4300	16.0	0.0	2160877	6	4.3
1583817328.05	4300	20	0.0	2233056	4	4.3
1583817328.1	4300	24	0.0	1941625	4	4.3
1583817328.15	4300	28	0.0	2157535	6	4.3
1583817328.2	4300	32	0.0	2290172	5	4.3
1583817328.24	4300	36	0.0	2055469	4	4.3
1583817328.29	4300	40	0.0	2169201	5	4.3
1583817328.34	4300	44	0.0	2173522	4	4.3
1583817328.38	4300	48	0.0	2102452	5	4.3
1583817328.43	4300	52	0.0	2209463	5	4.3
1583817328.48	4300	56	0.0	2275376	4	4.3
1583817330.03	4300	59.748467	0.0	2005399	4	4.3
1583817335.5	750	4	0.022	2354772	5	-2.8945999999999996
1583817335.55	4300	8	0.0	2123065	2	0.75
1583817335.6	4300	12	0.0	2177073	3	4.3
1583817335.65	4300	16.0	0.0	2160877	2	4.3
1583817335.7	4300	20	0.0	2233056	5	4.3
1583817335.75	4300	24	0.0	1941625	3	4.3
1583817335.8	4300	28	0.0	2157535	2	4.3
1583817335.85	4300	32	0.0	2290172	4	4.3
1583817335.9	4300	36	0.0	2055469	3	4.3
1583817335.95	4300	40	0.0	2169201	4	4.3
1583817335.99	4300	44	0.0	2173522	2	4.3
1583817336.04	4300	48	0.0	2102452	2	4.3
1583817336.08	4300	52	0.0	2209463	2	4.3
1583817336.13	4300	56	0.0	2275376	3	4.3
1583817338.18	4300	59.499618	0.0	2005399	1	4.3
1583817342.26	4300	59.499699	0.0	2152483	2	4.3
1583817346.34	4300	59.499692	0.0	2289689	4	4.3
1583817349.92	4300	59.749644	0.0	2059512	4	4.3
1583817354.01	4300	59.7497	0.0	2220726	5	4.3
1583817358.09	4300	59.749634	0.0	2156729	4	4.3
1583817363.23	750	4	0.009	2354772	5	-2.8387
1583817363.28	4300	8	0.0	2123065	5	0.75
1583817363.33	4300	12	0.0	2177073	2	4.3
1583817363.37	4300	16.0	0.0	2160877	2	4.3
1583817363.42	4300	20	0.0	2233056	2	4.3
1583817363.47	4300	24	0.0	1941625	2	4.3
1583817363.51	4300	28	0.0	2157535	3	4.3
1583817363.56	4300	32	0.0	2290172	2	4.3
1583817363.6	4300	36	0.0	2055469	2	4.3
1583817363.65	4300	40	0.0	2169201	2	4.3
1583817363.69	4300	44	0.0	2173522	2	4.3
1583817363.74	4300	48	0.0	2102452	3	4.3
1583817363.78	4300	52	0.0	2209463	2	4.3
1583817363.83	4300	56	0.0	2275376	2	4.3
1583817365.38	4300	59.499658	0.0	2005399	2	4.3
1583817368.66	750	4	-0.032	2354772	4	-2.6624
1583817368.7	4300	8	0.0	2123065	2	0.75
1583817368.74	4300	12	0.0	2177073	2	4.3
1583817368.79	4300	16.0	0.0	2160877	1	4.3
1583817368.83	4300	20	0.0	2233056	2	4.3
1583817368.87	4300	24	0.0	1941625	1	4.3
1583817368.91	4300	28	0.0	2157535	2	4.3
1583817368.95	4300	32	0.0	2290172	2	4.3
1583817369.0	4300	36	0.0	2055469	2	4.3
1583817369.04	4300	40	0.0	2169201	2	4.3
1583817369.08	4300	44	0.0	2173522	3	4.3
1583817369.12	4300	48	0.0	2102452	2	4.3
1583817369.16	4300	52	0.0	2209463	2	4.3
1583817369.21	4300	56	0.0	2275376	2	4.3
1583817372.77	4300	59.499667	0.0	2005399	3	4.3
1583817375.76	4300	59.672883	0.023	2039773	5	4.2011
1583817376.99	4300	59.775211	-0.022	2152483	3	4.3946
1583817379.84	4300	59.999204	0.022	2176469	4	4.2054
1583817381.05	4300	59.864139	-0.022	2289689	2	4.3946
1583817388.26	4300	59.81595	-0.001	2152483	2	4.3043
1583817388.76	4300	59.908056	0.023	2221506	5	4.2011
1583817391.25	4300	59.875669	-0.022	2059512	2	4.3946
1583817394.61	750	4	0.03	2354772	2	-2.929
1583817394.67	4300	7.947568	0.0	2123065	6	0.75
1583817394.72	4300	11.902517	0.0	2177073	1	4.3
1583817394.76	4300	15.856825	0.0	2160877	2	4.3
1583817394.81	4300	19.810387	0.0	2233056	1	4.3
1583817394.85	4300	23.766014	0.0	1941625	3	4.3
1583817394.9	4300	27.719962	0.0	2157535	2	4.3
1583817394.95	4300	31.672772	0.0	2290172	2	4.3
1583817394.99	4300	35.62794	0.0	2055469	2	4.3
1583817395.04	4300	39.57983	0.0	2169201	2	4.3
1583817395.09	4300	43.531384	0.0	2173522	3	4.3
1583817395.13	4300	47.488166	0.0	2102452	1	4.3
1583817395.18	4300	51.440014	0.0	2209463	4	4.3
1583817395.22	4300	55.395385	0.0	2275376	2	4.3
1583817395.27	4300	59.351667	0.0	2005399	1	4.3
1583817398.82	4300	59.961079	0.0	2152483	3	4.3
1583817409.26	4300	59.734505	0.0	2289689	2	4.3
1583817412.84	4300	59.98445	0.0	2059512	2	4.3
1583817417.76	4300	59.564832	-0.03	2220726	2	4.429
1583817418.32	4300	59.62418	0.022	2044075	4	4.2054
1583817424.26	4300	59.831076	0.0	2186790	11	4.3
1583817429.76	4300	59.525055	0.008	2220726	1	4.2656
1583817434.26	4300	59.449018	0.0	2156729	2	4.3
1583817435.29	4300	59.73254	-0.03	2156729	2	4.429
1583817439.36	4300	59.732477	0.0	2039773	1	4.3
1583817443.44	4300	59.732424	0.0	2176469	2	4.3
1583817447.5	4300	59.732474	0.0	2221506	2	4.3
1583817451.09	4300	59.982438	0.0	2044075	2	4.3
1583817455.17	4300	59.982457	0.0	2186790	1	4.3
1583817459.25	4300	59.982435	0.0	2105231	2	4.3
1583817463.33	4300	59.732478	0.0	2395588	7	4.3
1583817468.32	4300	59.995123	0.022	2105231	5	4.2054
1583817472.38	4300	59.995014	0.0	2395588	2	4.3
1583817476.46	4300	59.995056	0.0	1972048	1	4.3
1583817480.41	4300	59.702311	-0.022	1972048	4	4.3946
1583817484.46	4300	59.702151	0.0	2134614	2	4.3
1583817488.54	4300	59.702088	0.0	2164140	4	4.3
1583817492.62	4300	59.702289	0.0	2113193	4	4.3
1583817496.17	4300	59.952151	0.0	2147852	6	4.3
1583817500.26	4300	59.9521	0.0	2191074	5	4.3
1583817504.33	4300	59.952297	0.0	2286761	5	4.3
1583817508.39	4300	59.952156	0.0	2307787	5	4.3
1583817512.47	4300	59.70213	0.0	2143948	4	4.3
1583817516.56	4300	59.702108	0.0	1919781	3	4.3
1583817520.64	4300	59.702123	0.0	2147467	4	4.3
1583817524.22	4300	59.952162	0.0	2133870	4	4.3
1583817528.31	4300	59.952104	0.0	2146120	4	4.3
1583817532.4	4300	59.952093	0.0	2108491	4	4.3
1583817536.48	4300	59.702137	0.0	2184571	4	4.3
1583817540.56	4300	59.702138	0.0	2121928	5	4.3
1583817544.64	4300	59.702107	0.0	2219102	5	4.3
1583817548.23	4300	59.952131	0.0	2124950	6	4.3
1583817552.3	4300	59.952195	0.0	2246506	4	4.3
1583817556.38	4300	59.952166	0.0	1961140	4	4.3
1583817560.45	4300	59.702167	0.0	2155012	4	4.3
1583817562.02	4300	59.882158	0.0	1433658	3	4.3

1583817562.35	750	4	0.022	668286	1	-0.09460000000000002
1583817562.41	4300	7.948466	0.0	2123065	2	0.75
1583817562.45	4300	11.907793	0.0	2177073	2	4.3
1583817562.49	4300	15.866467	0.0	2160877	2	4.3
1583817562.54	4300	19.81043	0.0	2233056	2	4.3
1583817562.59	4300	23.766722	0.0	1941625	1	4.3
1583817562.63	4300	27.723742	0.0	2157535	2	4.3
1583817562.67	4300	31.680282	0.0	2290172	3	4.3
1583817562.72	4300	35.638078	0.0	2055469	2	4.3
1583817562.76	4300	39.594084	0.0	2169201	2	4.3
1583817562.8	4300	43.551508	0.0	2173522	2	4.3
1583817562.84	4300	47.509846	0.0	2102452	2	4.3
1583817562.89	4300	51.468456	0.0	2209463	1	4.3
1583817562.93	4300	55.42628	0.0	2275376	1	4.3
1583817562.97	4300	59.38442	0.0	2005399	2	4.3
1583817566.51	4300	59.967002	0.0	2152483	2	4.3
1583817570.58	4300	59.967037	0.0	2289689	2	4.3
1583817574.65	4300	59.716979	0.0	2059512	2	4.3
1583817578.73	4300	59.717104	0.0	2220726	1	4.3
1583817582.81	4300	59.717083	0.0	2156729	2	4.3
1583817586.88	4300	59.716997	0.0	2039773	1	4.3
1583817590.46	4300	59.967016	0.0	2176469	1	4.3
