0 3.327094136795385
1 3.327094136795385
2 4.3379094665153834
3 4.3379094665153834
4 3.671056729714759
5 3.671056729714759
6 2.3458608553604177
7 2.3458608553604177
8 5.609996769940326
9 5.609996769940326
10 2.8890840697857127
11 2.8890840697857127
12 5.287428142559458
13 5.287428142559458
14 5.831547891749526
15 5.831547891749526
16 4.195713262338676
17 4.195713262338676
18 2.682892041831009
19 2.682892041831009
20 5.836624924045788
21 5.836624924045788
22 5.101596183276472
23 5.101596183276472
24 2.4946419980134102
25 2.4946419980134102
26 4.767211906481882
27 4.767211906481882
28 5.034537012115549
29 5.034537012115549
30 3.2638455013262524
31 3.2638455013262524
32 3.5682415635059272
33 3.5682415635059272
34 4.102527808323213
35 4.102527808323213
36 3.413289700141671
37 3.413289700141671
38 6.371754908932015
39 6.371754908932015
40 5.69820876555968
41 5.69820876555968
42 5.957101766269724
43 5.957101766269724
44 0.8398289268817569
45 0.8398289268817569
46 3.272780621588876
47 3.272780621588876
48 3.3011749467359346
49 3.3011749467359346
50 3.924031002206494
51 3.924031002206494
52 4.570794875787321
53 4.570794875787321
54 4.139625960463676
55 4.139625960463676
56 3.0173918347347275
57 3.0173918347347275
58 5.4694360083675555
59 5.4694360083675555
60 2.362360714247811
61 2.362360714247811
62 2.992987379801696
63 2.992987379801696
64 2.543037426602272
65 2.543037426602272
66 3.277708607652578
67 3.277708607652578
68 2.4396706023785035
69 2.4396706023785035
70 3.325902641581457
71 3.325902641581457
72 2.249773681972498
73 2.249773681972498
74 1.6033483268143258
75 1.6033483268143258
76 3.10131819449538
77 3.10131819449538
78 3.8881729810605545
79 3.8881729810605545
80 2.7467456087121302
81 2.7467456087121302
82 2.2365051626554644
83 2.2365051626554644
84 3.740704273964069
85 3.740704273964069
86 0.8842403901849529
87 0.8842403901849529
88 1.1701118910552133
89 1.1701118910552133
90 3.75932166454895
91 3.75932166454895
92 2.897506551848595
93 2.897506551848595
94 2.5584132245195796
95 2.5584132245195796
96 3.189854628204686
97 3.189854628204686
98 2.7825188387870443
99 2.7825188387870443
100 2.5177854982021026
101 2.5177854982021026
102 3.6059093513265577
103 3.6059093513265577
104 3.042633352588913
105 3.042633352588913
106 1.6675234670189893
107 1.6675234670189893
108 1.530644578909831
109 1.530644578909831
110 2.8550594088845274
111 2.8550594088845274
112 2.3486434461963883
113 2.3486434461963883
114 2.8137583349691795
115 2.8137583349691795
116 2.650912766582255
117 2.650912766582255
118 4.235279838002824
119 4.235279838002824
120 3.764507184829004
121 3.764507184829004
122 1.5936088996366375
123 1.5936088996366375
124 4.592424938793945
125 4.592424938793945
126 3.0313482092439514
127 3.0313482092439514
128 2.326292827926543
129 2.326292827926543
130 3.5780292132414235
131 3.5780292132414235
132 2.1068392385710446
133 2.1068392385710446
134 3.1693439029430945
135 3.1693439029430945
136 3.2131283978341583
137 3.2131283978341583
138 3.2962219194366877
139 3.2962219194366877
140 3.9385184370355697
141 3.9385184370355697
142 1.3554023850411654
143 1.3554023850411654
144 2.298384417886166
145 2.298384417886166
146 2.6035358464557072
147 2.6035358464557072
148 1.3792483571907557
149 1.3792483571907557
150 0.7531109128681115
151 0.7531109128681115
152 1.1518601101906123
153 1.1518601101906123
154 0.3130992897304212
155 0.3130992897304212
156 1.3725719049884066
157 1.3725719049884066
158 2.2579266622672325
159 2.2579266622672325
160 1.9447270921394377
161 1.9447270921394377
162 0.588360871006071
163 0.588360871006071
164 1.987561707130139
165 1.987561707130139
166 2.8082497917107148
167 2.8082497917107148
168 1.1009266828175917
169 1.1009266828175917
170 1.7456423650246617
171 1.7456423650246617
172 1.1124777653161622
173 1.1124777653161622
174 1.4023170680681956
175 1.4023170680681956
176 1.3676792692672057
177 1.3676792692672057
178 2.4002808812639818
179 2.4002808812639818
180 1.6117270597025466
181 1.6117270597025466
182 1.3840884945168388
183 1.3840884945168388
184 1.4616952428695424
185 1.4616952428695424
186 1.707828595683714
187 1.707828595683714
188 0.9291735073740132
189 0.9291735073740132
190 1.6955807879668054
191 1.6955807879668054
192 1.6714528341868204
193 1.6714528341868204
194 1.6911058645525316
195 1.6911058645525316
196 2.1547649015462333
197 2.1547649015462333
198 0.9688373863931153
199 0.9688373863931153
200 2.2264668970475165
201 2.2264668970475165
202 1.6733658844076085
203 1.6733658844076085
204 1.9004873069627803
205 1.9004873069627803
206 0.1543490959348628
207 0.1543490959348628
208 0.4550877902394104
209 0.4550877902394104
210 1.2899480180953011
211 1.2899480180953011
212 1.779067141629227
213 1.779067141629227
214 2.0984907642153763
215 2.0984907642153763
216 1.5923406724493672
217 1.5923406724493672
218 1.1390988794554828
219 1.1390988794554828
220 0.8164641813643693
221 0.8164641813643693
222 2.340490738313748
223 2.340490738313748
224 2.1836649242105945
225 2.1836649242105945
226 1.7355751622268933
227 1.7355751622268933
228 0.768950947579669
229 0.768950947579669
230 1.5809838969466994
231 1.5809838969466994
232 2.2920166253889143
233 2.2920166253889143
234 1.883494091845658
235 1.883494091845658
236 2.0622243277489876
237 2.0622243277489876
238 1.8596301988102215
239 1.8596301988102215
240 0.8687594438148366
241 0.8687594438148366
242 2.559807876067425
243 2.559807876067425
244 1.3702021431976192
245 1.3702021431976192
246 1.0873593668531467
247 1.0873593668531467
248 1.254876621118814
249 1.254876621118814
250 1.8512918602312802
251 1.8512918602312802
252 1.8463567162480619
253 1.8463567162480619
254 1.0994024115965755
255 1.0994024115965755
256 1.0403538613212926
257 1.0403538613212926
258 2.391176660884283
259 2.391176660884283
260 1.755875675647701
261 1.755875675647701
262 1.2414982283525684
263 1.2414982283525684
264 1.6198202685551915
265 1.6198202685551915
266 1.140784815748661
267 1.140784815748661
268 2.1144286729567847
269 2.1144286729567847
270 2.076023456429243
271 2.076023456429243
272 1.3654938196123028
273 1.3654938196123028
274 0.9005928375703164
275 0.9005928375703164
276 1.9273915446762757
277 1.9273915446762757
278 0.483781294554517
279 0.483781294554517
280 1.2220213245113687
281 1.2220213245113687
282 1.7604885568164192
283 1.7604885568164192
284 1.8003791236611215
285 1.8003791236611215
286 1.426288086625811
287 1.426288086625811
288 1.2215950384296672
289 1.2215950384296672
290 1.7076983435833974
291 1.7076983435833974
292 1.6264714504898452
293 1.6264714504898452
294 1.299258712859035
295 1.299258712859035
296 1.583980483808803
297 1.583980483808803
298 1.8153654367363024
299 1.8153654367363024
300 0.9233627891288699
301 0.9233627891288699
302 1.6898378288852254
303 1.6898378288852254
304 1.1714963702590035
305 1.1714963702590035
306 0.9806198407010864
307 2.980081204136943
308 2.980081204136943
309 2.7243083239676973
310 2.7243083239676973
311 4.7221767726039126
312 4.7221767726039126
313 2.6331648089735893
314 2.6331648089735893
315 1.9529778573046956
316 1.9529778573046956
317 2.2134627204823074
318 2.2134627204823074
319 2.33416404853155
320 2.33416404853155
321 1.7138218675075079
322 1.7138218675075079
323 3.212927948420214
324 3.212927948420214
325 2.312763089077005
326 2.312763089077005
327 3.7316106048885604
328 3.7316106048885604
329 2.068454612474442
330 2.068454612474442
331 1.6703737624368316
332 1.6703737624368316
333 2.3825382210473682
334 2.3825382210473682
335 1.6449116782954096
336 1.6449116782954096
337 3.0207623617726194
338 3.0207623617726194
339 2.9987536442290232
340 2.9987536442290232
341 3.5349159754861637
342 3.5349159754861637
343 2.8479196977315384
344 2.8479196977315384
345 2.9634202695494665
346 2.9634202695494665
347 1.7751121437064525
348 1.7751121437064525
349 2.60319382642902
350 2.60319382642902
351 2.0435748833640983
352 2.0435748833640983
353 2.511846028178074
354 2.511846028178074
355 2.5407644554770528
356 2.5407644554770528
357 3.8446017219156188
358 3.8446017219156188
359 2.6170246203511374
360 2.6170246203511374
361 3.047141779441245
362 3.047141779441245
363 3.5136735408817232
364 3.5136735408817232
365 1.4841863092583591
366 1.4841863092583591
367 3.2371410959010487
368 3.2371410959010487
369 2.263193179530452
370 2.263193179530452
371 2.215352872291097
372 2.215352872291097
373 4.1708119150908
374 4.1708119150908
375 1.0713856749555726
376 1.0713856749555726
377 2.6134268034775285
378 2.6134268034775285
379 2.9207415871929547
380 2.9207415871929547
381 2.3649171477415694
382 2.3649171477415694
383 2.486088455392039
384 2.486088455392039
385 1.317695803029212
386 1.317695803029212
387 1.5127994733895647
388 1.5127994733895647
389 2.690174819861469
390 2.690174819861469
391 2.6830419711981603
392 2.6830419711981603
393 3.3802447261471875
394 3.3802447261471875
395 3.1548570445551594
396 3.1548570445551594
397 3.1625710270925413
398 3.1625710270925413
399 0.1
400 0.1
401 3.1459470675918597
402 3.1459470675918597
403 2.7530004088632642
404 2.7530004088632642
405 2.386101059003731
406 2.386101059003731
407 1.2085355196075425
408 1.2085355196075425
409 2.648244173127021
410 2.648244173127021
411 2.701288874966409
412 2.701288874966409
413 1.0373383137738352
414 1.0373383137738352
415 2.1549151461800666
416 2.1549151461800666
417 2.68197755158009
418 2.68197755158009
419 1.4397289125065111
420 1.4397289125065111
421 3.4145114535857113
422 3.4145114535857113
423 2.933091053724609
424 2.933091053724609
425 3.017521062550089
426 3.017521062550089
427 2.7732218732391947
428 2.7732218732391947
429 2.44404761104034
430 2.44404761104034
431 2.136092975573817
432 2.136092975573817
433 2.535235470888819
434 2.535235470888819
435 3.0369504864229326
436 3.0369504864229326
437 2.435169937001763
438 2.435169937001763
439 0.6016591737364563
440 0.6016591737364563
441 3.107245352370432
442 3.107245352370432
443 0.8499853179959251
444 0.8499853179959251
445 1.0760203470081946
446 1.0760203470081946
447 2.5919762238358137
448 2.5919762238358137
449 2.2198880999825277
450 2.2198880999825277
451 3.8572339366284374
452 3.8572339366284374
453 2.0883309262116896
454 2.0883309262116896
455 2.3935220171603317
456 2.3935220171603317
457 0.9275909883499699
458 0.9275909883499699
459 1.275597082197516
460 1.275597082197516
461 1.4126128601782268
462 1.4126128601782268
463 1.7183683467585928
464 1.7183683467585928
465 1.1121221769981586
466 1.1121221769981586
467 0.7860511703506616
468 0.7860511703506616
469 1.4958657898608216
470 1.4958657898608216
471 1.5477421282157555
472 1.5477421282157555
473 0.7512272620605894
474 0.7512272620605894
475 0.9439934582842477
476 0.9439934582842477
477 1.1765668022606943
478 1.1765668022606943
479 0.8436554314549447
480 0.8436554314549447
481 1.4863113854385936
482 1.4863113854385936
483 0.9848419159130639
484 0.9848419159130639
485 1.1801728475984885
486 1.1801728475984885
487 1.6560254763732676
488 1.6560254763732676
489 0.8720000721485253
490 0.8720000721485253
491 1.6195771233393934
492 1.6195771233393934
493 0.7596136331781023
494 0.7596136331781023
495 0.8277135227132291
496 0.8277135227132291
497 1.29510556289339
498 1.29510556289339
499 0.34320635114732334
500 0.34320635114732334
501 1.0303144931331416
502 1.0303144931331416
503 1.116702491810135
504 1.116702491810135
505 1.4236344875153721
506 1.4236344875153721
507 0.884608545143902
508 0.884608545143902
509 1.6253789671614953
510 1.086316222964477
511 1.086316222964477
512 2.5390856961129553
513 2.5390856961129553
514 2.923525520867986
515 2.923525520867986
516 2.5456574641754686
517 2.5456574641754686
518 2.4917125402079225
519 2.4917125402079225
520 2.2131334496851807
521 2.2131334496851807
522 2.649525377292999
523 2.649525377292999
524 2.8118266138796044
525 2.8118266138796044
526 2.2147162442224224
527 2.2147162442224224
528 1.8082134817112352
529 1.8082134817112352
530 2.7972134898586627
531 2.7972134898586627
532 3.0495914306376983
533 3.0495914306376983
534 2.004948045338909
535 2.004948045338909
536 2.2736741742664863
537 2.2736741742664863
538 0.5637002082884979
539 0.5637002082884979
540 2.438567617920551
541 2.438567617920551
542 2.0956466163949004
543 2.0956466163949004
544 4.203404528615972
545 4.203404528615972
546 2.2870359430212326
547 2.2870359430212326
548 2.159442756897711
549 2.159442756897711
550 3.377436162993437
551 3.377436162993437
552 2.2986822259616786
553 2.2986822259616786
554 2.9751274576879183
555 2.9751274576879183
556 2.660115636251113
557 2.660115636251113
558 2.840242272538426
559 2.840242272538426
560 1.4179516254347093
561 1.4179516254347093
562 2.302222810389182
563 2.302222810389182
564 2.446415514841843
565 2.446415514841843
566 1.431872161333991
567 1.431872161333991
568 2.787373120520132
569 2.787373120520132
570 1.707326331523118
571 1.707326331523118
572 1.9006344344135155
573 1.9006344344135155
574 2.374050601188376
575 2.374050601188376
576 2.5898615248251917
577 2.5898615248251917
578 1.774738648027919
579 1.774738648027919
580 3.004689862963045
581 3.004689862963045
582 3.7506834874615036
583 3.7506834874615036
584 3.093163313099822
585 3.093163313099822
586 1.784295886374736
587 1.784295886374736
588 2.0316039423676275
589 2.0316039423676275
590 2.1853963721100618
591 2.1853963721100618
592 2.1428935869423062
593 2.1428935869423062
594 2.6990526558384107
595 2.6990526558384107
596 1.6912178032632232
597 1.6912178032632232
598 3.0121712878798625
599 3.0121712878798625
600 1.0348283806820928
601 1.0348283806820928
602 2.9664041094903633
603 2.9664041094903633
604 3.09707364869769
605 3.09707364869769
606 2.581866106423397
607 2.581866106423397
608 3.3361745366369737
609 3.3361745366369737
610 1.1993420417585137
611 1.1993420417585137
612 2.0901251541279047
613 2.0901251541279047
614 0.9560696327266626
615 0.9560696327266626
616 0.5325283063591761
617 0.5325283063591761
618 0.6487072949525439
619 0.6487072949525439
620 4.477845241736735
621 4.477845241736735
622 2.2869989590481694
623 2.2869989590481694
624 2.945851868499626
625 2.945851868499626
626 1.9991310158103015
627 1.9991310158103015
628 2.0208126095049406
629 2.0208126095049406
630 2.0394998436460128
631 2.0394998436460128
632 2.4974102128265905
633 2.4974102128265905
634 1.5618229813949074
635 1.5618229813949074
636 4.044845701321092
637 4.044845701321092
638 2.8845404649266175
639 2.8845404649266175
640 2.8449228073128134
641 2.8449228073128134
642 1.6212419029945697
643 1.6212419029945697
644 1.5557174866828223
645 1.5557174866828223
646 1.6531538881187602
647 1.6531538881187602
648 2.6685351338293875
649 2.6685351338293875
650 2.4490843028472216
651 2.4490843028472216
652 1.835029398582945
653 1.835029398582945
654 1.722985015193705
655 1.722985015193705
656 3.46640857336524
657 3.46640857336524
658 2.692909470638239
659 2.692909470638239
660 2.467222912829795
661 2.467222912829795
662 3.2931610479450204
663 3.2931610479450204
664 2.6971862149875103
665 2.6971862149875103
666 3.682279555623786
667 3.682279555623786
668 2.19033581507275
669 2.19033581507275
670 1.9625568196015053
671 1.9625568196015053
672 1.0348479146926983
673 1.0348479146926983
674 2.0364238677640607
675 2.0364238677640607
676 2.3430662209619055
677 2.3430662209619055
678 2.34946753402429
679 2.34946753402429
680 3.987324915673013
681 3.987324915673013
682 2.469383949235433
683 2.469383949235433
684 2.6769733488064094
685 2.6769733488064094
686 2.1623610229286068
687 2.1623610229286068
688 2.540633779892393
689 2.540633779892393
690 2.5358679850923407
691 2.5358679850923407
692 3.751179769620005
693 3.751179769620005
694 3.9772634629475743
695 3.9772634629475743
696 2.9355976591362904
697 2.9355976591362904
698 3.0763579159207457
699 3.0763579159207457
700 3.2564268540078367
701 3.2564268540078367
702 1.0307838304526915
703 1.0307838304526915
704 1.5947380642061022
705 1.5947380642061022
706 0.4847616473103844
707 0.4847616473103844
708 2.784109549822227
709 2.784109549822227
710 1.3144233307200193
711 1.3144233307200193
712 1.725915191645258
713 1.725915191645258
714 2.1780036777435323
715 2.1780036777435323
716 3.0391954488623614
717 3.0391954488623614
718 3.949910426480246
719 3.949910426480246
720 1.7119218317634304
721 1.7119218317634304
722 2.5574117688920297
723 2.5574117688920297
724 1.7615609064506113
725 1.7615609064506113
726 2.660862892855607
727 2.660862892855607
728 3.1625773587111246
729 3.1625773587111246
730 1.4436473735817592
731 1.4436473735817592
732 1.9435202288320912
733 1.9435202288320912
734 3.200650362200247
735 3.200650362200247
736 1.6133377824279882
737 1.6133377824279882
738 3.827023002789841
739 3.827023002789841
740 1.9675373945554568
741 1.9675373945554568
742 1.75745132627341
743 1.75745132627341
744 1.6048858612901828
745 1.6048858612901828
746 3.296815190237668
747 3.296815190237668
748 2.6492202451977866
749 2.6492202451977866
750 3.6010126241222373
751 3.6010126241222373
752 2.385238582297687
753 2.385238582297687
754 2.2055090489343803
755 2.2055090489343803
756 2.5444042337387365
757 2.5444042337387365
758 1.6007368349389584
759 1.6007368349389584
760 3.342317120514324
761 3.342317120514324
762 2.680934558674029
763 2.680934558674029
764 0.9724000123494527
765 0.9724000123494527
766 3.022003209525783
767 3.022003209525783
768 2.8940684658491005
769 2.8940684658491005
770 1.5668106844292204
771 1.5668106844292204
772 3.5524348992484276
773 3.5524348992484276
774 0.9774196946655958
775 0.9774196946655958
776 2.5507249027943666
777 2.5507249027943666
778 2.0961597387639985
779 2.0961597387639985
780 2.597127047569004
781 2.597127047569004
782 2.179906952985093
783 2.179906952985093
784 2.92368583119282
785 2.92368583119282
786 2.5134541084956923
787 2.5134541084956923
788 2.63839935713224
789 2.63839935713224
790 2.993603301872235
791 2.993603301872235
792 4.027040194234091
793 4.027040194234091
794 2.142749091409378
795 2.142749091409378
796 3.3757123225733885
797 3.3757123225733885
798 2.8911574461091134
799 2.8911574461091134
800 1.7709023446980208
801 1.7709023446980208
802 1.2065891291696613
803 1.2065891291696613
804 2.214383415346512
805 2.214383415346512
806 2.41936501096356
807 1.2144936332912017
808 1.2144936332912017
809 1.956972074389096
810 1.956972074389096
811 1.7362450783369634
812 1.7362450783369634
813 2.203022048368144
814 3.329517366880787
815 3.329517366880787
816 0.6065475223992469
817 0.6065475223992469
818 4.418545751758065
819 4.418545751758065
820 5.112334745350473
821 5.112334745350473
822 3.37710113670967
823 3.37710113670967
824 4.538877837646161
825 4.538877837646161
826 3.856126120292704
827 3.856126120292704
828 3.915228726893828
829 3.915228726893828
830 2.552653489935576
831 2.552653489935576
832 3.358852896825504
833 3.358852896825504
834 0.520765376134328
835 0.520765376134328
836 1.6831819050030656
837 1.6831819050030656
838 4.392956976859123
839 4.392956976859123
840 2.5076471717048436
841 2.5076471717048436
842 2.894589939353353
843 2.894589939353353
844 1.6574566401711086
845 2.3485129085745795
846 2.3485129085745795
847 2.188911837056715
848 2.188911837056715
849 4.376693937129918
850 4.376693937129918
851 2.189772532108972
852 2.189772532108972
853 2.9844154537913115
854 2.9844154537913115
855 3.2640037920676916
856 3.2640037920676916
857 4.5634334039354005
858 4.5634334039354005
859 3.479449491014791
860 3.479449491014791
861 2.74091298179746
862 2.74091298179746
863 3.1278197240272823
864 3.1278197240272823
865 2.335643015323346
866 2.335643015323346
867 2.4462103831589093
868 2.4462103831589093
869 2.625528155531413
870 2.625528155531413
871 2.1306906091538194
872 2.1306906091538194
873 2.9497321872585194
874 2.9497321872585194
875 2.3201037631335155
876 2.3201037631335155
877 3.4965075832246946
878 3.4965075832246946
879 3.201300012278633
880 3.201300012278633
881 2.699307881635687
882 2.699307881635687
883 4.34708449924285
884 4.34708449924285
885 2.4372591153081924
886 2.4372591153081924
887 3.5584537669043383
888 3.5584537669043383
889 3.1905835379202094
890 3.1905835379202094
891 1.4096167158819304
892 1.4096167158819304
893 3.2235480723488843
894 3.2235480723488843
895 3.860303432726144
896 3.860303432726144
897 2.894567527455346
898 2.894567527455346
899 2.191423513995222
900 2.191423513995222
901 2.229114371360863
902 2.229114371360863
903 2.647069353910451
904 2.647069353910451
905 3.7360783867192144
906 3.7360783867192144
907 2.0620338024292804
908 2.0620338024292804
909 3.149636350236244
910 3.149636350236244
911 1.0572880664822775
912 1.0572880664822775
913 2.270686070506084
914 2.270686070506084
915 2.933006128763861
916 2.933006128763861
917 0.5141276999867745
918 0.5141276999867745
919 3.909538476290175
920 3.909538476290175
921 3.227129723666284
922 3.227129723666284
923 1.7417439874075586
924 1.7417439874075586
925 3.6317775964111028
926 3.6317775964111028
927 1.5640227416738248
928 1.5640227416738248
929 4.4530707762134325
930 4.4530707762134325
931 3.271971124930677
932 3.271971124930677
933 5.080743075110443
934 5.080743075110443
935 2.070543351629377
936 2.070543351629377
937 3.300676362130396
938 3.300676362130396
939 5.675447776263407
940 5.675447776263407
941 3.324531916627792
942 3.324531916627792
943 3.381042095236425
944 3.381042095236425
945 2.601229607107264
946 2.601229607107264
947 1.834818863480229
948 1.834818863480229
949 2.0340043467344526
950 1.785400994403534
951 1.785400994403534
952 1.1597799481402822
953 1.1597799481402822
954 0.9684958216181585
955 0.9684958216181585
956 0.36298172900158654
957 0.36298172900158654
958 1.0893171621264006
959 1.0893171621264006
960 1.0900831453138142
961 1.0900831453138142
962 0.8934737069732772
963 0.8934737069732772
964 1.0927561908970007
965 1.0927561908970007
966 0.914659183840765
967 0.914659183840765
968 1.2460900914297905
969 1.2460900914297905
970 1.2394283084935274
971 1.2394283084935274
972 1.373671205900984
973 1.373671205900984
974 1.7016326182550654
975 1.7016326182550654
976 1.1527164779872683
977 1.1527164779872683
978 1.877941918617044
979 1.877941918617044
980 1.5501788945969377
981 1.5501788945969377
982 1.335218732618568
983 1.335218732618568
984 1.5238373264711027
985 1.5238373264711027
986 1.6360223367939595
987 1.6360223367939595
988 0.3983142497841514
989 0.3983142497841514
990 0.9026425579433434
991 0.9026425579433434
992 1.5385350841687626
993 1.5385350841687626
994 0.9470286138750064
995 0.9470286138750064
996 1.3141504187468953
997 1.3141504187468953
998 0.7565860637302045
999 0.7565860637302045
1000 1.241907247831683
1001 1.241907247831683
1002 1.598771205202662
1003 1.598771205202662
1004 1.2844069074002227
1005 1.2844069074002227
1006 0.20908695810533862
1007 0.20908695810533862
1008 1.0595794048764904
1009 1.0595794048764904
1010 0.9938545401165015
1011 0.9938545401165015
1012 1.8233313906085957
1013 1.8233313906085957
1014 0.5271096570661884
1015 0.5271096570661884
1016 1.3949527037712561
1017 1.3949527037712561
1018 1.0233683552084396
1019 1.0233683552084396
1020 0.6447758359359217
1021 0.6447758359359217
1022 1.2833416677347071
1023 1.2833416677347071
1024 1.0305681769363064
1025 1.0305681769363064
1026 1.444748491226191
1027 1.444748491226191
1028 0.5879872653067361
1029 0.5879872653067361
1030 0.36709540167207944
1031 0.36709540167207944
1032 1.3712386241267538
1033 1.3712386241267538
1034 1.4786734371875896
1035 1.4786734371875896
1036 0.6661504233518838
1037 0.6661504233518838
1038 0.806820789346413
1039 0.806820789346413
1040 0.9127080556282374
1041 0.9127080556282374
1042 0.6356214536558638
1043 0.6356214536558638
1044 1.268066067349782
1045 1.268066067349782
1046 0.8189482212541703
1047 0.8189482212541703
1048 1.7465287227776685
1049 1.7465287227776685
1050 1.4591419635724423
1051 1.4591419635724423
1052 1.0146125742530816
1053 1.0146125742530816
1054 0.8445659152363105
1055 0.8445659152363105
1056 1.0521980635700745
1057 1.0521980635700745
1058 0.8310770923111732
1059 0.8310770923111732
1060 0.9807386747074275
1061 0.9807386747074275
1062 1.3583654238270937
1063 1.3583654238270937
1064 1.4169948915807178
1065 1.4169948915807178
1066 1.426365970549457
1067 1.426365970549457
1068 1.6996127907779053
1069 1.6996127907779053
1070 1.1295760462950726
1071 1.1295760462950726
1072 2.9249608626994084
1073 2.9249608626994084
1074 1.5613339754373576
1075 1.5613339754373576
1076 4.69070673699094
1077 1.0678217889006671
1078 1.0678217889006671
1079 2.6292206960499866
1080 2.6292206960499866
1081 1.4030283869993005
1082 1.4030283869993005
1083 1.9614543679015195
1084 1.9614543679015195
1085 0.7046661709181117
1086 0.7046661709181117
1087 0.9590566329528056
1088 0.9590566329528056
1089 1.474744259759056
1090 1.474744259759056
1091 1.1854056050260762
1092 1.1854056050260762
1093 2.9506269711979667
1094 2.9506269711979667
1095 1.3708667187869485
1096 1.3708667187869485
1097 2.209424558412235
1098 2.209424558412235
1099 1.569983191414932
1100 1.569983191414932
1101 2.4975561854086648
1102 2.4975561854086648
1103 1.2890684411565116
1104 1.2890684411565116
1105 2.7279973606423584
1106 2.7279973606423584
1107 1.2953203712446748
1108 1.2953203712446748
1109 1.7452141426344467
1110 1.7452141426344467
1111 2.3097343339106704
1112 2.3097343339106704
1113 2.7725678946691996
1114 2.7725678946691996
1115 2.4491449224159014
1116 2.4491449224159014
1117 1.965189608440249
1118 1.965189608440249
1119 1.4079747922525008
1120 1.4079747922525008
1121 1.4838782265202874
1122 1.4838782265202874
1123 2.252533398475726
1124 2.252533398475726
1125 2.1958154865667643
1126 2.1958154865667643
1127 1.8606182030329177
1128 1.8606182030329177
1129 0.7313072821639257
1130 0.7313072821639257
1131 1.9072407682151018
1132 1.9072407682151018
1133 1.8229083506960617
1134 1.8229083506960617
1135 1.2823337892343
1136 1.2823337892343
1137 1.6177068827163894
1138 1.6177068827163894
1139 2.9634237971274207
1140 2.9634237971274207
1141 1.6401136081099634
1142 1.6401136081099634
1143 0.5072151106216711
1144 0.5072151106216711
1145 3.896131568122218
1146 3.896131568122218
1147 2.1689689853749172
1148 2.1689689853749172
1149 2.7551588096515296
1150 2.7551588096515296
1151 2.4869529823971086
1152 2.4869529823971086
1153 1.8383679312498353
1154 1.8383679312498353
1155 1.201742880471258
1156 1.201742880471258
1157 2.1232900112853765
1158 2.1232900112853765
1159 2.3948722480458757
1160 2.3948722480458757
1161 0.872182646856501
1162 0.872182646856501
1163 1.9827243629990776
1164 1.9827243629990776
1165 2.269396108160726
1166 2.269396108160726
1167 1.5022743138865353
1168 1.5022743138865353
1169 2.710904638351174
1170 2.710904638351174
1171 2.1282395335873527
1172 2.1282395335873527
1173 2.0750396036859047
1174 2.0750396036859047
1175 2.3313751792953603
1176 2.3313751792953603
1177 3.1053455402702115
1178 3.1053455402702115
1179 1.8876943651946605
1180 1.8876943651946605
1181 2.038007027197525
1182 2.038007027197525
1183 1.7800379442172056
1184 1.7800379442172056
1185 1.5704080167501722
1186 1.5704080167501722
1187 2.3023580748067642
1188 2.3023580748067642
1189 1.1949891624319229
1190 1.1949891624319229
1191 1.6221424985842894
1192 1.6221424985842894
1193 2.191468151683422
1194 2.191468151683422
1195 1.0404978477409188
1196 1.0404978477409188
1197 1.6105423577361773
1198 1.6105423577361773
1199 2.0760726365263147
1200 2.0760726365263147
1201 2.0211770730976375
1202 2.0211770730976375
1203 1.421263861914233
1204 1.421263861914233
1205 3.249534818484716
1206 3.249534818484716
1207 3.0330682907849704
1208 3.0330682907849704
1209 3.186794304659921
1210 3.186794304659921
1211 1.4447441117527704
1212 1.4447441117527704
1213 1.3060532352211864
1214 1.3060532352211864
1215 2.6600670093680248
1216 2.6600670093680248
1217 2.8431201337719085
1218 2.8431201337719085
1219 2.670745174296812
1220 2.670745174296812
1221 2.4671473826397543
1222 2.4671473826397543
1223 1.6802112876336004
1224 1.6802112876336004
1225 2.499892378075227
1226 2.499892378075227
1227 1.8318640236433001
1228 1.8318640236433001
1229 1.7661754813508528
1230 1.7661754813508528
1231 2.0735532381533024
1232 2.0735532381533024
1233 2.7162349600298366
1234 2.7162349600298366
1235 2.1904421847966558
1236 2.1904421847966558
1237 2.5393725426735796
1238 2.5393725426735796
1239 1.2230810457378085
1240 1.2230810457378085
1241 2.045488363592859
1242 2.045488363592859
1243 0.7140126386935521
1244 0.18211825196968828
1245 0.18211825196968828
1246 0.3028850763018269
1247 0.3028850763018269
1248 0.2061039833417935
1249 0.2061039833417935
1250 0.17730269363589846
1251 0.17730269363589846
1252 0.17265527970904776
1253 0.17265527970904776
1254 0.20842085596440904
1255 0.20842085596440904
1256 0.17362605978217324
1257 0.17362605978217324
1258 5.086770411596145
1259 5.086770411596145
1260 2.2567103795089776
1261 2.2567103795089776
1262 4.262642272037816
1263 4.262642272037816
1264 5.710570920218705
1265 5.710570920218705
1266 2.4378323207623036
1267 2.4378323207623036
1268 3.460777559269357
1269 3.460777559269357
1270 4.231762554105644
1271 4.231762554105644
1272 2.8423519150484013
1273 2.8423519150484013
1274 3.501399832440845
1275 3.501399832440845
1276 4.382237640903818
1277 4.382237640903818
1278 3.6527360344790942
1279 3.6527360344790942
1280 1.8806009349101465
1281 1.8806009349101465
1282 4.755776406495716
1283 4.755776406495716
1284 3.3505950701055083
1285 3.3505950701055083
1286 2.3474430911164497
1287 2.3474430911164497
1288 3.204292671504844
1289 3.204292671504844
1290 2.4307736243855933
1291 2.4307736243855933
1292 2.432843339527716
1293 2.432843339527716
1294 1.7188480958674002
1295 1.7188480958674002
1296 2.242496890686358
1297 2.242496890686358
1298 2.592445742909687
1299 2.592445742909687
1300 2.1271979677670148
1301 2.1271979677670148
1302 2.2326880931657267
1303 2.2326880931657267
1304 2.3809456470902557
1305 2.3809456470902557
1306 2.174359331056889
1307 2.174359331056889
1308 1.7347054598812068
1309 1.7347054598812068
1310 1.2856447822013968
1311 1.2856447822013968
1312 2.105781045126302
1313 2.105781045126302
1314 2.1900527787701223
1315 2.1900527787701223
1316 1.5385549531022056
1317 1.5385549531022056
1318 2.3995806497931085
1319 2.3995806497931085
1320 0.7014967139554082
1321 0.7014967139554082
1322 1.5662561678178648
1323 1.5662561678178648
1324 0.855400832673096
1325 0.855400832673096
1326 2.2348625422696125
1327 2.2348625422696125
1328 2.7963584138566278
1329 2.7963584138566278
1330 1.0271275998034255
1331 1.0271275998034255
1332 1.8208560722483387
1333 1.8208560722483387
1334 1.7898059270844584
1335 1.7898059270844584
1336 1.6965400622171258
1337 1.6965400622171258
1338 2.685883851247301
1339 2.685883851247301
1340 2.233707345894165
1341 2.233707345894165
1342 0.6876418563966026
1343 0.6876418563966026
1344 0.5542410758546936
1345 0.5542410758546936
1346 0.9297546419016252
1347 0.9297546419016252
1348 0.5151573948382924
1349 0.5151573948382924
1350 0.5867093550118518
1351 0.5867093550118518
1352 0.49110622913795
1353 0.49110622913795
1354 0.10223752641859418
1355 0.10223752641859418
1356 0.8432403725790003
1357 0.8432403725790003
1358 0.8074366614783914
1359 0.8074366614783914
1360 0.4263701943686782
1361 0.4263701943686782
1362 0.42945700771920325
1363 0.42945700771920325
1364 0.3124347676664767
1365 0.3124347676664767
1366 0.33419273343578937
1367 0.33419273343578937
1368 0.780550468419325
1369 0.780550468419325
1370 0.6788489614953364
1371 0.6788489614953364
1372 1.005889315798065
1373 1.005889315798065
1374 0.4870032555856127
1375 0.4870032555856127
1376 0.6429961236233499
1377 0.6429961236233499
1378 0.6026180986575252
1379 0.6026180986575252
1380 0.3347606551910521
1381 0.3347606551910521
1382 0.31187206264236844
1383 5.315351559008422
1384 5.315351559008422
1385 3.3950210655838946
1386 3.3950210655838946
1387 5.304984223852532
1388 5.304984223852532
1389 3.103930994441033
1390 3.103930994441033
1391 3.4843350263237687
1392 3.4843350263237687
1393 3.441999835847944
1394 3.441999835847944
1395 2.9775203428710277
1396 2.9775203428710277
1397 2.979280906255077
1398 2.979280906255077
1399 4.211996538044152
1400 4.211996538044152
1401 1.9182329629344244
1402 1.9182329629344244
1403 2.7809736416605872
1404 2.7809736416605872
1405 0.645022107396437
1406 0.645022107396437
1407 0.3821785733763641
1408 0.3821785733763641
1409 0.7470501449200678
1410 0.7470501449200678
1411 0.3609333540780637
1412 0.3609333540780637
1413 0.6756760869094488
1414 0.6756760869094488
1415 0.433134010218602
1416 0.433134010218602
1417 0.8438642820813236
1418 0.8438642820813236
1419 0.8018397274600441
1420 0.8018397274600441
1421 2.0256121163351226
1422 2.0256121163351226
1423 1.613730657888845
1424 1.613730657888845
1425 0.41140412672019777
1426 0.41140412672019777
1427 2.2967967703177186
1428 2.2967967703177186
1429 1.2809213590282167
1430 1.2809213590282167
1431 2.894549679573379
1432 4.3068937887253185
1433 4.3068937887253185
1434 4.803411087295288
1435 4.803411087295288
1436 4.461122234216005
1437 4.461122234216005
1438 3.310945551117301
1439 3.310945551117301
1440 2.251144190300793
1441 2.251144190300793
1442 3.3673584847849116
1443 3.3673584847849116
1444 5.377871965410247
1445 5.377871965410247
1446 1.4468746455667452
1447 1.4468746455667452
1448 3.8550019828198785
1449 3.8550019828198785
1450 4.127710565851996
1451 4.127710565851996
1452 2.63105517042945
1453 2.63105517042945
1454 4.752708711257302
1455 4.752708711257302
1456 4.891497623016088
1457 4.891497623016088
1458 2.8305977619622826
1459 2.8305977619622826
1460 2.8046009914994974
1461 2.8046009914994974
1462 5.777238318328484
1463 5.777238318328484
1464 0.7814537431571256
1465 0.7814537431571256
1466 4.046243030010755
1467 4.046243030010755
1468 4.352946499661229
1469 4.352946499661229
1470 3.4366000614195302
1471 3.4366000614195302
1472 1.941001514395413
1473 1.941001514395413
1474 1.4643817618863388
1475 1.4643817618863388
1476 5.079347835832496
1477 5.079347835832496
1478 4.73538210035305
1479 4.73538210035305
1480 5.379189226500078
1481 5.379189226500078
1482 2.705395747535742
1483 2.705395747535742
1484 2.5917336539441163
1485 2.5917336539441163
1486 0.9598645809472677
1487 0.9598645809472677
1488 3.4181656630015755
1489 3.4181656630015755
1490 3.153979001994903
1491 3.153979001994903
1492 2.6019144641305485
1493 2.6019144641305485
1494 2.0333206094291487
1495 2.0333206094291487
1496 2.9607137804725774
1497 2.9607137804725774
1498 3.19289967432263
1499 3.19289967432263
1500 3.265491792872772
1501 3.265491792872772
1502 0.9545894511580497
1503 0.9545894511580497
1504 2.838348449056521
1505 2.838348449056521
1506 1.9584922978340655
1507 1.9584922978340655
1508 2.279113142762392
1509 2.279113142762392
1510 3.9286635591824863
1511 3.9286635591824863
1512 2.2947141916211518
1513 2.2947141916211518
1514 1.4457229767425521
1515 1.4457229767425521
1516 2.6417703410459525
1517 2.6417703410459525
1518 3.328867653551287
1519 3.328867653551287
1520 2.249421532305766
1521 2.249421532305766
1522 4.0413014441729995
1523 4.0413014441729995
1524 3.4447087147220303
1525 3.4447087147220303
1526 2.6364044139679255
1527 2.6364044139679255
1528 3.0655180503421944
1529 3.0655180503421944
1530 2.1566769129116126
1531 2.1566769129116126
1532 2.528409504712379
1533 2.528409504712379
1534 2.5565968970155613
1535 2.5565968970155613
1536 3.6590243740513895
1537 3.6590243740513895
1538 2.8148956459278702
1539 2.8148956459278702
1540 2.2313116258678116
1541 2.2313116258678116
1542 2.769250799821613
1543 2.769250799821613
1544 2.133530065909297
1545 2.133530065909297
1546 2.1171102999512788
1547 2.1171102999512788
1548 1.845344759377885
1549 1.845344759377885
1550 2.0568094642379187
1551 2.0568094642379187
1552 1.9702081646874459
1553 1.9702081646874459
1554 2.027733443586991
1555 2.027733443586991
1556 2.472706244481417
1557 2.472706244481417
1558 2.78594680483535
1559 2.78594680483535
1560 3.458282777547604
1561 3.458282777547604
1562 2.221192940920539
1563 2.221192940920539
1564 4.201068592926679
1565 4.201068592926679
1566 1.320454412229113
1567 1.320454412229113
1568 3.5616716169303673
1569 3.5616716169303673
1570 1.9270413428509274
1571 1.9270413428509274
1572 1.1399716813491614
1573 1.1399716813491614
1574 3.401074469818587
1575 3.401074469818587
1576 2.217248144257643
1577 2.217248144257643
1578 2.840231399700953
1579 2.840231399700953
1580 3.002677195355861
1581 3.002677195355861
1582 3.728214198116845
1583 3.728214198116845
1584 2.697409388660407
1585 2.697409388660407
1586 2.3052698017416513
1587 2.3052698017416513
1588 2.307050814648028
1589 2.307050814648028
1590 2.269591399251666
1591 2.269591399251666
1592 2.8248411236776505
1593 2.8248411236776505
1594 4.264402633248972
1595 4.264402633248972
1596 2.791296017275605
1597 2.791296017275605
1598 2.6807037441081545
1599 2.6807037441081545
1600 2.2384005333067205
1601 2.2384005333067205
1602 4.625266116656742
1603 4.625266116656742
1604 4.903628423660632
1605 4.903628423660632
1606 5.241142527624684
1607 5.241142527624684
1608 5.922616193289167
1609 5.922616193289167
1610 1.672112027509003
1611 1.672112027509003
1612 6.2852044722002764
1613 6.2852044722002764
1614 2.9484738846091947
1615 2.9484738846091947
1616 5.0985955711506215
1617 5.0985955711506215
1618 7.646314844846937
1619 7.646314844846937
1620 5.3077788608061764
1621 5.3077788608061764
1622 6.095186514094637
1623 6.095186514094637
1624 2.9396325517173842
1625 2.9396325517173842
1626 5.132782374914179
1627 5.132782374914179
1628 5.074420190059987
1629 5.074420190059987
1630 3.1877098318540176
1631 3.1877098318540176
1632 5.2629086088255725
1633 5.2629086088255725
1634 1.8138571081899357
1635 1.8138571081899357
1636 3.1707341806329814
1637 3.1707341806329814
1638 6.469320990003109
1639 6.469320990003109
1640 5.952010568286609
1641 5.952010568286609
1642 3.730837366103068
1643 3.730837366103068
1644 6.028575853454976
1645 6.028575853454976
1646 3.051910166457373
1647 3.051910166457373
1648 3.8708635604281505
1649 3.8708635604281505
1650 6.2372658630068605
1651 6.2372658630068605
1652 3.1371109567153965
1653 3.1371109567153965
1654 3.8279516726000025
1655 3.8279516726000025
1656 3.7196748255941516
1657 3.7196748255941516
1658 5.4183235010609945
1659 5.4183235010609945
1660 2.7711088043582297
1661 2.7711088043582297
1662 3.516998310243932
1663 3.516998310243932
1664 2.0127401931858784
1665 2.0127401931858784
1666 5.2701188697316805
1667 5.2701188697316805
1668 3.455236633504698
1669 3.455236633504698
1670 5.379407248022521
1671 5.379407248022521
1672 2.8806509600399286
1673 2.8806509600399286
1674 5.218987159460295
1675 5.218987159460295
1676 6.4590848689328615
1677 6.4590848689328615
1678 1.6019480382245344
1679 1.6019480382245344
1680 2.219886135642422
1681 2.219886135642422
1682 5.582709850449449
1683 5.582709850449449
1684 5.579436406122991
1685 5.579436406122991
1686 4.496625760247169
1687 4.496625760247169
1688 3.1999752933134373
1689 3.1999752933134373
1690 3.0408814184751725
1691 3.0408814184751725
1692 5.657555676657634
1693 5.657555676657634
1694 5.786278347032333
1695 5.786278347032333
1696 5.151781391481393
1697 5.151781391481393
1698 1.2606649442589033
1699 1.2606649442589033
1700 2.5476046467911218
1701 2.5476046467911218
1702 6.28688513730857
1703 6.28688513730857
1704 3.5358850294757036
1705 3.5358850294757036
1706 4.973426460821879
1707 4.973426460821879
1708 3.576097419150404
1709 3.576097419150404
1710 3.1435647148621104
1711 3.1435647148621104
1712 4.320448400446201
1713 4.320448400446201
1714 5.067338899096576
1715 5.067338899096576
1716 4.048290129100885
1717 4.048290129100885
1718 6.311958572745427
1719 6.311958572745427
1720 3.1066239840118635
1721 3.1066239840118635
1722 3.0471817658103877
1723 3.0471817658103877
1724 5.306897427825129
1725 5.306897427825129
1726 4.25315243816268
1727 4.25315243816268
1728 4.491085071581219
1729 4.491085071581219
1730 4.470744670202602
1731 4.470744670202602
1732 4.513573063698784
1733 4.513573063698784
1734 5.399927599167491
1735 5.399927599167491
1736 3.378478771603057
1737 3.378478771603057
1738 3.0489170202222686
1739 3.0489170202222686
1740 5.2575422767801845
1741 5.2575422767801845
1742 3.6577746404089453
1743 3.6577746404089453
1744 4.57738655625384
1745 4.57738655625384
1746 4.932243092784385
1747 4.932243092784385
1748 2.7337865807076778
1749 2.7337865807076778
1750 5.056661921171204
1751 5.056661921171204
1752 3.765661865007976
1753 3.765661865007976
1754 2.2994808790018637
1755 2.2994808790018637
1756 3.858985160625563
1757 3.858985160625563
1758 4.222025237162822
1759 4.222025237162822
1760 6.50535742202749
1761 6.50535742202749
1762 3.736961915033026
1763 3.736961915033026
1764 3.7864400299575594
1765 3.7864400299575594
1766 5.549856850112864
1767 5.549856850112864
1768 3.382713522730516
1769 3.382713522730516
1770 7.874215350353737
1771 7.874215350353737
1772 2.501532283106971
1773 2.501532283106971
1774 3.911966390261954
1775 3.911966390261954
1776 4.134754497486296
1777 4.134754497486296
1778 2.701296332642632
1779 2.701296332642632
1780 2.878479527845453
1781 2.878479527845453
1782 3.6315108136123415
1783 3.6315108136123415
1784 3.3466788732470873
1785 3.3466788732470873
1786 2.3957727916659635
1787 2.3957727916659635
1788 3.720069667062567
1789 3.720069667062567
1790 6.402444802347594
1791 6.402444802347594
1792 3.0546675536640673
1793 3.0546675536640673
1794 3.5036080491551362
1795 3.5036080491551362
1796 3.619338134172109
1797 3.619338134172109
1798 4.226432344871378
1799 4.226432344871378
1800 1.445019299386352
1801 1.445019299386352
1802 1.4302395484678558
1803 1.4302395484678558
1804 3.0392591741806605
1805 3.0392591741806605
1806 6.154280697726213
1807 6.154280697726213
1808 7.3391352622635395
1809 7.3391352622635395
1810 2.870069630447345
1811 2.870069630447345
1812 2.986624750190935
1813 2.986624750190935
1814 3.1532987759128925
1815 3.1532987759128925
1816 5.507027940502085
1817 5.507027940502085
1818 4.335475367332229
1819 4.335475367332229
1820 5.361522126329861
1821 5.361522126329861
1822 2.6805948153839187
1823 2.6805948153839187
1824 3.7613489720021924
1825 3.7613489720021924
1826 2.9043024038757004
1827 2.9043024038757004
1828 2.163826693719776
1829 2.163826693719776
1830 3.7506248190023483
1831 3.7506248190023483
1832 2.865562446497632
1833 2.865562446497632
1834 3.921653599473781
1835 3.921653599473781
1836 3.221458642633487
1837 3.221458642633487
1838 4.679689229215914
1839 4.679689229215914
1840 3.4315123481438103
1841 3.4315123481438103
1842 3.8233952497837578
1843 3.8233952497837578
1844 4.340978420619329
1845 4.340978420619329
1846 4.189007793370119
1847 4.189007793370119
1848 4.429117180479151
1849 4.429117180479151
1850 3.6867837565345525
1851 3.6867837565345525
1852 2.686864042913263
1853 2.686864042913263
1854 4.447990502562008
1855 4.447990502562008
1856 6.892257319250504
1857 6.892257319250504
1858 6.737321295568016
1859 6.737321295568016
1860 4.660322937838301
1861 4.660322937838301
1862 3.815762913849466
1863 3.815762913849466
1864 4.436621684100725
1865 4.436621684100725
1866 6.278850487796438
1867 6.278850487796438
1868 3.7467910844482333
1869 3.7467910844482333
1870 4.278688530080334
1871 4.278688530080334
1872 5.001651519183477
1873 5.001651519183477
1874 6.334510054553739
1875 6.334510054553739
1876 2.909754286819001
1877 2.909754286819001
1878 5.342253404150226
1879 5.342253404150226
1880 4.379583412167801
1881 4.379583412167801
1882 3.7505014969437163
1883 3.7505014969437163
1884 3.2845894226020746
1885 3.2845894226020746
1886 3.75729490230232
1887 3.75729490230232
1888 3.296018401013825
1889 3.296018401013825
1890 4.336103201079438
1891 4.336103201079438
1892 5.970033432269365
1893 5.970033432269365
1894 6.518096685164568
1895 6.518096685164568
1896 2.9225152981327147
1897 2.9225152981327147
1898 2.958961326033111
1899 2.958961326033111
1900 4.272053989962851
1901 4.272053989962851
1902 1.3637831991477296
1903 1.3637831991477296
1904 4.975426693080046
1905 4.975426693080046
1906 6.551161179940581
1907 6.551161179940581
1908 5.20059410059055
1909 5.20059410059055
1910 3.3908557753932853
1911 3.3908557753932853
1912 1.6980664823420906
1913 1.6980664823420906
1914 2.4213399571370493
1915 2.4213399571370493
1916 1.98777076952424
1917 1.98777076952424
1918 2.2961870489714302
1919 2.2961870489714302
1920 3.093217025653926
1921 3.093217025653926
1922 2.66517894810195
1923 2.66517894810195
1924 3.3456824870243613
1925 3.3456824870243613
1926 1.386151938717839
1927 1.386151938717839
1928 2.465567428206903
1929 2.465567428206903
1930 2.021588599769245
1931 2.021588599769245
1932 2.853191315302671
1933 2.853191315302671
1934 2.4038478587792427
1935 2.4038478587792427
1936 2.0844053883158664
1937 2.0844053883158664
1938 1.2005851248482593
1939 1.2005851248482593
1940 1.3157644545494993
1941 1.3157644545494993
1942 1.1105315341034292
1943 1.1105315341034292
1944 4.046209930424303
1945 4.046209930424303
1946 2.8399431857490343
1947 2.8399431857490343
1948 2.87259746693161
1949 2.87259746693161
1950 3.219082207856586
1951 3.219082207856586
1952 0.8806058078612988
1953 0.8806058078612988
1954 2.78540316941907
1955 2.78540316941907
1956 2.5285851176471086
1957 2.5285851176471086
1958 1.658024235729542
1959 1.658024235729542
1960 1.20084412370656
1961 1.20084412370656
1962 1.3318667058996574
1963 1.3318667058996574
1964 2.758195645923248
1965 2.758195645923248
1966 2.3581866591167597
1967 2.3581866591167597
1968 1.7607744058341976
1969 1.7607744058341976
1970 4.047413193116226
1971 4.047413193116226
1972 4.198500713930331
1973 4.198500713930331
1974 4.061854446242186
1975 4.061854446242186
1976 5.357962018548275
1977 5.357962018548275
1978 3.9640337296873227
1979 3.9640337296873227
1980 4.056075543215797
1981 4.056075543215797
1982 3.3828901729149052
1983 3.3828901729149052
1984 2.982436766653863
1985 2.982436766653863
1986 4.180345539318891
1987 4.180345539318891
1988 3.044048499775129
1989 3.044048499775129
1990 2.36204080563871
1991 2.36204080563871
1992 0.1
1993 1.0622729493406424
1994 1.0622729493406424
1995 1.5303957887061486
1996 1.5303957887061486
1997 1.0387564347707567
1998 1.0387564347707567
1999 1.0371620279093134
