0 2.816692890905237
1 2.816692890905237
2 2.816692890905237
3 2.816692890905237
4 2.816692890905237
5 2.5166751028400434
6 2.5166751028400434
7 2.5166751028400434
8 2.5166751028400434
9 2.5166751028400434
10 2.5195571782347286
11 2.5195571782347286
12 2.5195571782347286
13 2.5195571782347286
14 2.5195571782347286
15 2.8076399753712695
16 2.8076399753712695
17 2.8076399753712695
18 2.8076399753712695
19 2.8076399753712695
20 2.514467585996621
21 2.514467585996621
22 2.514467585996621
23 1.1285539247377574
24 1.1285539247377574
25 1.1285539247377574
26 1.1285539247377574
27 1.1285539247377574
28 1.113119309418726
29 1.113119309418726
30 1.113119309418726
31 1.113119309418726
32 1.113119309418726
33 1.2116056802907866
34 1.2116056802907866
35 1.2116056802907866
36 1.2116056802907866
37 1.2116056802907866
38 1.0166833111049913
39 1.0166833111049913
40 1.0166833111049913
41 1.0166833111049913
42 1.0166833111049913
43 1.2472993635135208
44 1.2472993635135208
45 1.2472993635135208
46 1.2472993635135208
47 1.2472993635135208
48 0.9884583443519426
49 0.9884583443519426
50 0.9884583443519426
51 0.9884583443519426
52 0.9884583443519426
53 1.0776380011182052
54 1.0776380011182052
55 1.0776380011182052
56 1.0776380011182052
57 1.0776380011182052
58 1.0120989509757974
59 1.0120989509757974
60 1.0120989509757974
61 1.0120989509757974
62 1.0120989509757974
63 1.1757789958799392
64 1.1757789958799392
65 1.1757789958799392
66 1.1757789958799392
67 1.1757789958799392
68 2.8375947870281824
69 2.8375947870281824
70 2.8375947870281824
71 2.8375947870281824
72 2.8375947870281824
73 2.8122380676597305
74 2.8122380676597305
75 2.8122380676597305
76 2.8122380676597305
77 2.8122380676597305
78 2.815153932908757
79 1.9285777646225335
80 1.9285777646225335
81 1.9285777646225335
82 1.9285777646225335
83 1.9285777646225335
84 1.993167032546459
85 1.993167032546459
86 3.4985403577698233
87 3.4985403577698233
88 3.4985403577698233
89 3.4985403577698233
90 3.4985403577698233
91 3.5746649359386957
92 3.5746649359386957
93 3.5746649359386957
94 3.5746649359386957
95 3.5746649359386957
96 3.5908079866851534
97 3.5908079866851534
98 3.5908079866851534
99 3.5908079866851534
100 3.5908079866851534
101 3.3647310913605475
102 3.3647310913605475
103 3.3647310913605475
104 3.3647310913605475
105 3.3647310913605475
106 3.6410951192385306
107 3.6410951192385306
108 3.6410951192385306
109 3.6410951192385306
110 3.6410951192385306
111 4.122463404855645
112 2.7622119991972807
113 2.7622119991972807
114 2.7622119991972807
115 2.7622119991972807
116 2.7622119991972807
117 2.3606285711409067
118 2.3606285711409067
119 2.3606285711409067
120 2.3606285711409067
121 2.3606285711409067
122 4.225121830256012
123 4.225121830256012
124 4.225121830256012
125 4.225121830256012
126 4.225121830256012
127 4.740007373089431
128 4.740007373089431
129 4.740007373089431
130 4.740007373089431
131 4.740007373089431
132 4.1742249331899295
133 4.1742249331899295
134 4.1742249331899295
135 4.1742249331899295
136 4.1742249331899295
137 4.32297497459399
138 4.32297497459399
139 4.32297497459399
140 4.32297497459399
141 4.32297497459399
142 1.4128536489948194
143 1.4128536489948194
144 1.4128536489948194
145 1.4128536489948194
146 1.4128536489948194
147 1.536837990989054
148 1.536837990989054
149 1.536837990989054
150 1.536837990989054
151 1.536837990989054
152 1.6063397224314584
153 1.6063397224314584
154 1.6063397224314584
155 1.6063397224314584
156 1.6063397224314584
157 1.47699758361285
158 1.47699758361285
159 1.47699758361285
160 1.47699758361285
161 3.300166483735654
162 3.300166483735654
163 3.300166483735654
164 3.300166483735654
165 2.267462864842586
166 2.267462864842586
167 2.267462864842586
168 2.267462864842586
169 2.267462864842586
170 1.9153386847610545
171 1.9153386847610545
172 1.9153386847610545
173 1.9153386847610545
174 1.9153386847610545
175 0.6402414442119995
176 0.6402414442119995
177 0.6402414442119995
178 0.6402414442119995
179 0.6402414442119995
180 0.648445260748667
181 0.648445260748667
182 0.648445260748667
183 0.648445260748667
184 0.648445260748667
185 0.6315911064263117
186 0.6315911064263117
187 0.6315911064263117
188 0.6315911064263117
189 0.6315911064263117
190 0.6725893905498346
191 0.6725893905498346
192 0.6725893905498346
193 0.6725893905498346
194 0.6725893905498346
195 0.5854621109861998
196 0.5854621109861998
197 0.5854621109861998
198 0.5854621109861998
199 0.5854621109861998
200 0.5983082859045036
201 0.5983082859045036
202 0.5983082859045036
203 0.5983082859045036
204 0.5983082859045036
205 0.654118945767006
206 0.654118945767006
207 0.654118945767006
208 0.654118945767006
209 0.654118945767006
210 0.6866765247954993
211 2.242947244971041
212 2.242947244971041
213 2.242947244971041
214 2.242947244971041
215 2.242947244971041
216 2.062039171565218
217 2.062039171565218
218 2.062039171565218
219 2.062039171565218
220 2.062039171565218
221 2.423688991223009
222 2.423688991223009
223 2.423688991223009
224 2.423688991223009
225 2.423688991223009
226 2.335932388639607
227 2.335932388639607
228 2.335932388639607
229 2.335932388639607
230 2.335932388639607
231 2.8053479622754165
232 2.8053479622754165
233 2.8053479622754165
234 2.8053479622754165
235 2.8053479622754165
236 3.25545010348599
237 3.25545010348599
238 3.25545010348599
239 3.25545010348599
240 3.25545010348599
241 3.205852605028239
242 3.205852605028239
243 1.1824453738354908
244 1.1824453738354908
245 1.1824453738354908
246 1.1824453738354908
247 1.1824453738354908
248 1.0286326207079313
249 1.0286326207079313
250 1.0286326207079313
251 1.0286326207079313
252 1.0286326207079313
253 1.0410088374504034
254 1.0410088374504034
255 1.0410088374504034
256 1.0410088374504034
257 1.0410088374504034
258 1.2075041209572668
259 1.2075041209572668
260 1.2075041209572668
261 1.2075041209572668
262 2.3250666453487066
263 2.3250666453487066
264 2.3250666453487066
265 2.3250666453487066
266 2.3250666453487066
267 1.9328349281495079
268 1.9328349281495079
269 1.9328349281495079
270 1.9328349281495079
271 1.9328349281495079
272 2.0262871103117193
273 2.0262871103117193
274 2.0262871103117193
275 2.0262871103117193
276 2.0262871103117193
277 1.9094045113468714
278 3.536749762422144
279 3.536749762422144
280 3.536749762422144
281 3.536749762422144
282 3.536749762422144
283 3.8005477125715825
284 3.8005477125715825
285 3.8005477125715825
286 3.8005477125715825
287 3.8005477125715825
288 3.7384712995368545
289 3.7384712995368545
290 3.7384712995368545
291 3.7384712995368545
292 3.7384712995368545
293 3.647255814502253
294 3.647255814502253
295 3.647255814502253
296 3.647255814502253
297 3.647255814502253
298 3.7372997657129603
299 3.7372997657129603
300 3.7372997657129603
301 3.7372997657129603
302 3.7372997657129603
303 3.8925748236769206
304 2.6806438490452718
305 2.6806438490452718
306 2.6806438490452718
307 2.6806438490452718
308 2.6806438490452718
309 2.6840142349232856
310 2.6840142349232856
311 2.6840142349232856
312 2.6840142349232856
313 2.6840142349232856
314 2.4535324504704628
315 2.4535324504704628
316 2.4535324504704628
317 2.4535324504704628
318 2.4535324504704628
319 2.6144080489063506
320 2.6144080489063506
321 2.6144080489063506
322 2.6144080489063506
323 4.763769779009592
324 4.763769779009592
325 4.763769779009592
326 4.763769779009592
327 4.763769779009592
328 4.240193495485948
329 4.240193495485948
330 3.6848718433359653
331 3.6848718433359653
332 3.6848718433359653
333 3.6848718433359653
334 3.6848718433359653
335 3.718629094388955
336 3.718629094388955
337 3.718629094388955
338 3.718629094388955
339 3.718629094388955
340 3.7777434782861468
341 3.7777434782861468
342 4.130963514643394
343 4.130963514643394
344 4.130963514643394
345 4.130963514643394
346 4.130963514643394
347 3.945394226681318
348 3.945394226681318
349 3.945394226681318
350 3.945394226681318
351 2.4953496200879273
352 2.4953496200879273
353 2.4953496200879273
354 2.4953496200879273
355 2.4953496200879273
356 2.6565843599641554
357 2.6565843599641554
358 2.6565843599641554
359 2.6565843599641554
360 2.6565843599641554
361 2.6927584455854596
362 2.6927584455854596
363 2.6927584455854596
364 2.6927584455854596
365 2.6927584455854596
366 2.495660716766099
367 2.495660716766099
368 2.495660716766099
369 2.495660716766099
370 2.495660716766099
371 2.296130522174023
372 2.296130522174023
373 2.296130522174023
374 2.296130522174023
375 2.296130522174023
376 2.5758917140902793
377 2.5758917140902793
378 2.5758917140902793
379 2.5758917140902793
380 2.5758917140902793
381 2.5355430653001347
382 2.5355430653001347
383 2.5355430653001347
384 2.5355430653001347
385 2.5355430653001347
386 2.612523921612908
387 2.612523921612908
388 2.612523921612908
389 2.612523921612908
390 2.612523921612908
391 2.37047166843833
392 2.37047166843833
393 2.37047166843833
394 2.37047166843833
395 2.37047166843833
396 2.5382049824435393
397 2.5382049824435393
398 2.5382049824435393
399 2.5382049824435393
400 2.5382049824435393
401 2.4583866807927928
402 2.4583866807927928
403 2.4583866807927928
404 2.4583866807927928
405 2.4583866807927928
406 2.3648846468150344
407 2.3648846468150344
408 2.3648846468150344
409 2.3648846468150344
410 2.3648846468150344
411 2.5330474967876713
412 2.5330474967876713
413 2.2949041956621796
414 2.2949041956621796
415 2.2949041956621796
416 2.2949041956621796
417 2.2949041956621796
418 1.9471526855206918
419 1.9471526855206918
420 1.9471526855206918
421 1.9471526855206918
422 1.9471526855206918
423 2.1479825825579573
424 2.1479825825579573
425 2.1479825825579573
426 2.1479825825579573
427 2.1479825825579573
428 2.093341987811334
429 2.093341987811334
430 2.093341987811334
431 2.093341987811334
432 2.093341987811334
433 1.9216093151475073
434 1.9216093151475073
435 1.9216093151475073
436 1.9216093151475073
437 1.9216093151475073
438 2.1747278176547886
439 2.1747278176547886
440 2.1747278176547886
441 2.1747278176547886
442 2.1747278176547886
443 1.9990040780374543
444 1.9990040780374543
445 1.9990040780374543
446 1.9990040780374543
447 1.9990040780374543
448 2.0508211868895865
449 2.0508211868895865
450 2.0508211868895865
451 2.0508211868895865
452 2.0508211868895865
453 2.009568245804789
454 2.009568245804789
455 0.19836817046584343
456 0.19836817046584343
457 0.19836817046584343
458 0.19836817046584343
459 0.19836817046584343
460 0.20914170329123105
461 0.20914170329123105
462 0.20914170329123105
463 0.20914170329123105
464 0.20914170329123105
465 0.19346956187901201
466 0.19346956187901201
467 0.19346956187901201
468 0.19346956187901201
469 0.19346956187901201
470 0.2070092358140279
471 2.3171367550373465
472 2.3171367550373465
473 2.3171367550373465
474 2.7184686300036147
475 0.7611956797836646
476 0.7611956797836646
477 0.7611956797836646
478 0.7611956797836646
479 0.7611956797836646
480 0.6820125159738938
481 0.6820125159738938
482 0.6820125159738938
483 0.6820125159738938
484 0.6820125159738938
485 0.7101078802407825
486 0.7101078802407825
487 2.059639871292655
488 2.059639871292655
489 2.059639871292655
490 2.059639871292655
491 1.772404329994672
492 1.772404329994672
493 1.772404329994672
494 1.772404329994672
495 1.772404329994672
496 1.438193147955392
497 1.438193147955392
498 1.438193147955392
499 1.438193147955392
500 1.438193147955392
501 1.7284631861166535
502 1.7284631861166535
503 1.7284631861166535
504 1.7284631861166535
505 1.7284631861166535
506 1.4412334846134154
507 1.4412334846134154
508 1.4412334846134154
509 1.4412334846134154
510 1.4412334846134154
511 1.4581556690965303
512 1.4581556690965303
513 1.4581556690965303
514 1.4581556690965303
515 1.4581556690965303
516 1.5688221693065207
517 3.0355603890058434
518 3.0355603890058434
519 3.0355603890058434
520 3.0355603890058434
521 3.0355603890058434
522 3.2633877608778397
523 3.2633877608778397
524 3.2633877608778397
525 3.2633877608778397
526 3.2633877608778397
527 3.704497908863143
528 3.704497908863143
529 3.704497908863143
530 3.704497908863143
531 3.704497908863143
532 3.440699188451091
533 3.440699188451091
534 3.440699188451091
535 3.440699188451091
536 3.440699188451091
537 3.420136821014503
538 3.420136821014503
539 3.420136821014503
540 3.420136821014503
541 3.420136821014503
542 3.4464981469478806
543 3.4464981469478806
544 3.4464981469478806
545 3.4464981469478806
546 3.4464981469478806
547 3.274812841364809
548 3.274812841364809
549 3.274812841364809
550 3.274812841364809
551 3.274812841364809
552 2.825784573303768
553 2.825784573303768
554 2.825784573303768
555 2.825784573303768
556 2.825784573303768
557 3.6769418941195386
558 3.6769418941195386
559 3.6769418941195386
560 3.6769418941195386
561 3.6769418941195386
562 3.477414589539765
563 1.1493839996182982
564 1.1493839996182982
565 2.206874943026479
566 2.206874943026479
567 2.206874943026479
568 2.206874943026479
569 2.206874943026479
570 1.908291874543648
571 1.908291874543648
572 1.908291874543648
573 1.908291874543648
574 1.908291874543648
575 2.0232534086453535
576 2.0232534086453535
577 2.0232534086453535
578 2.0232534086453535
579 2.0232534086453535
580 2.358760640906433
581 2.358760640906433
582 2.358760640906433
583 2.358760640906433
584 2.358760640906433
585 1.9733497154966573
586 1.9733497154966573
587 1.9733497154966573
588 1.9733497154966573
589 1.9733497154966573
590 1.955216920091292
591 2.8452794814609925
592 2.8452794814609925
593 2.8452794814609925
594 2.8452794814609925
595 2.8452794814609925
596 2.754974025142217
597 2.754974025142217
598 2.754974025142217
599 3.3577358631940273
600 3.3577358631940273
601 3.3577358631940273
602 3.3577358631940273
603 1.908271960016445
604 1.908271960016445
605 1.908271960016445
606 1.908271960016445
607 1.908271960016445
608 2.2536579205434917
609 2.2536579205434917
610 2.2536579205434917
611 2.2536579205434917
612 2.2536579205434917
613 2.121643365770869
614 2.121643365770869
615 2.121643365770869
616 2.121643365770869
617 2.121643365770869
618 2.0738932370626832
619 2.0738932370626832
620 2.0738932370626832
621 2.0738932370626832
622 2.0738932370626832
623 1.7592365676475552
624 1.7592365676475552
625 1.7592365676475552
626 1.7592365676475552
627 1.7592365676475552
628 2.1933647825597444
629 2.1933647825597444
630 2.1933647825597444
631 2.1933647825597444
632 2.1933647825597444
633 1.9752750021589496
634 1.9752750021589496
635 3.616260566416388
636 3.616260566416388
637 3.616260566416388
638 3.616260566416388
639 3.616260566416388
640 3.446045479677163
641 3.446045479677163
642 3.446045479677163
643 0.6145265515044609
644 0.6145265515044609
645 3.5482802110462943
646 3.5482802110462943
647 3.5482802110462943
648 3.5482802110462943
649 0.9752633019538546
650 0.9752633019538546
651 0.9752633019538546
652 0.9752633019538546
653 0.9752633019538546
654 1.153818854593963
655 1.153818854593963
656 1.153818854593963
657 1.153818854593963
658 1.153818854593963
659 1.1535144414945055
660 1.1535144414945055
661 1.1535144414945055
662 1.1535144414945055
663 1.1535144414945055
664 1.0856634904527118
665 1.0856634904527118
666 1.0856634904527118
667 1.0856634904527118
668 1.0856634904527118
669 1.2288733219552772
670 1.2288733219552772
671 1.2288733219552772
672 1.2288733219552772
673 1.2288733219552772
674 1.1484386558732136
675 1.1484386558732136
676 1.1484386558732136
677 1.1484386558732136
678 1.1484386558732136
679 1.0651650345551325
680 1.0651650345551325
681 1.0651650345551325
682 3.5947030239139957
683 3.5947030239139957
684 3.5947030239139957
685 3.5947030239139957
686 3.5947030239139957
687 4.208488721331559
688 4.208488721331559
689 4.208488721331559
690 4.208488721331559
691 4.208488721331559
692 4.142718079498071
693 4.142718079498071
694 4.142718079498071
695 4.142718079498071
696 4.142718079498071
697 3.9761787767729126
698 3.9761787767729126
699 3.9761787767729126
700 3.9761787767729126
701 3.9761787767729126
702 3.825618156514481
703 3.825618156514481
704 3.7337152133095635
705 3.7337152133095635
706 3.7337152133095635
707 3.7337152133095635
708 3.7337152133095635
709 3.09149081416896
710 3.09149081416896
711 3.09149081416896
712 3.09149081416896
713 3.09149081416896
714 3.1564286934573214
715 3.1564286934573214
716 3.1564286934573214
717 3.1564286934573214
718 3.1564286934573214
719 3.0582205820130235
720 3.0582205820130235
721 3.0582205820130235
722 3.0582205820130235
723 3.0582205820130235
724 3.8040264216149895
725 3.8040264216149895
726 3.8040264216149895
727 3.8040264216149895
728 3.8040264216149895
729 3.689201519586078
730 3.689201519586078
731 3.689201519586078
732 3.689201519586078
733 3.689201519586078
734 3.3934911605076987
735 3.3934911605076987
736 3.3934911605076987
737 3.3934911605076987
738 3.3934911605076987
739 3.3147752865074183
740 3.3147752865074183
741 3.3147752865074183
742 3.3147752865074183
743 3.3147752865074183
744 3.639296389937482
745 3.639296389937482
746 3.639296389937482
747 3.639296389937482
748 3.639296389937482
749 3.4791274132288685
750 3.4791274132288685
751 3.4791274132288685
752 3.4791274132288685
753 2.9519760392853036
754 2.9519760392853036
755 2.9519760392853036
756 2.9519760392853036
757 2.9519760392853036
758 3.105657708273597
759 3.105657708273597
760 3.105657708273597
761 3.105657708273597
762 3.105657708273597
763 2.886422093417705
764 2.886422093417705
765 2.886422093417705
766 2.886422093417705
767 2.886422093417705
768 3.2515823661238223
769 3.2515823661238223
770 3.2515823661238223
771 3.79859991660109
772 3.79859991660109
773 3.79859991660109
774 3.79859991660109
775 3.79859991660109
776 4.031868950123023
777 4.031868950123023
778 4.031868950123023
779 4.031868950123023
780 4.031868950123023
781 3.689562889148788
782 3.689562889148788
783 3.689562889148788
784 3.689562889148788
785 3.689562889148788
786 3.8527817203973287
787 3.8527817203973287
788 3.8527817203973287
789 3.8527817203973287
790 1.9257407780623028
791 1.9257407780623028
792 1.9257407780623028
793 1.9257407780623028
794 1.9257407780623028
795 1.8409626245517101
796 1.8409626245517101
797 1.8409626245517101
798 1.8409626245517101
799 1.8409626245517101
800 2.1512058677923704
801 2.1512058677923704
802 2.1512058677923704
803 2.1512058677923704
804 2.1512058677923704
805 1.929055263003285
806 1.929055263003285
807 1.929055263003285
808 1.929055263003285
809 1.929055263003285
810 1.7580214207824196
811 1.7580214207824196
812 1.7580214207824196
813 1.7580214207824196
814 1.7580214207824196
815 1.97279775867619
816 1.97279775867619
817 0.6356196988852063
818 0.6356196988852063
819 0.6356196988852063
820 0.6356196988852063
821 0.6356196988852063
822 0.6514581867993992
823 0.6514581867993992
824 0.6514581867993992
825 2.393870458348763
826 2.393870458348763
827 2.393870458348763
828 2.393870458348763
829 2.393870458348763
830 3.4179023208727197
831 3.4179023208727197
832 3.4179023208727197
833 3.4179023208727197
834 3.4179023208727197
835 2.974128079611697
836 2.974128079611697
837 2.974128079611697
838 2.974128079611697
839 2.974128079611697
840 3.2559076161637943
841 3.2559076161637943
842 3.2559076161637943
843 3.2559076161637943
844 3.2559076161637943
845 3.55679163638747
846 3.55679163638747
847 3.55679163638747
848 3.55679163638747
849 3.55679163638747
850 3.0490783233815484
851 3.0490783233815484
852 3.0490783233815484
853 3.0490783233815484
854 3.0490783233815484
855 3.678320835307918
856 3.678320835307918
857 3.678320835307918
858 3.678320835307918
859 3.678320835307918
860 3.2502260628013775
861 3.2502260628013775
862 3.2502260628013775
863 3.2502260628013775
864 3.2502260628013775
865 3.4780990163835206
866 3.4780990163835206
867 3.4780990163835206
868 3.4780990163835206
869 3.4780990163835206
870 3.1832146922425246
871 3.1832146922425246
872 3.1832146922425246
873 3.1832146922425246
874 3.1832146922425246
875 3.330549842334082
876 3.330549842334082
877 3.330549842334082
878 3.330549842334082
879 3.330549842334082
880 3.017954033386197
881 3.017954033386197
882 3.017954033386197
883 3.017954033386197
884 3.017954033386197
885 3.1547327933324083
886 3.1547327933324083
887 3.1547327933324083
888 3.1547327933324083
889 3.1547327933324083
890 2.9501661629335065
891 2.9501661629335065
892 2.9501661629335065
893 2.9501661629335065
894 2.9501661629335065
895 2.619786363464166
896 2.619786363464166
897 2.619786363464166
898 2.619786363464166
899 2.814528702944056
900 2.814528702944056
901 2.814528702944056
902 2.814528702944056
903 2.814528702944056
904 2.640639487558933
905 2.640639487558933
906 2.640639487558933
907 2.640639487558933
908 2.640639487558933
909 3.041299041750233
910 3.041299041750233
911 3.2635803881280143
912 3.2635803881280143
913 3.2635803881280143
914 3.2635803881280143
915 3.2635803881280143
916 3.4221481380631555
917 3.4221481380631555
918 3.4221481380631555
919 3.4221481380631555
920 3.4221481380631555
921 3.873937295826754
922 3.873937295826754
923 3.873937295826754
924 3.873937295826754
925 3.873937295826754
926 3.1809255196808266
927 3.1809255196808266
928 3.1809255196808266
929 3.1809255196808266
930 3.1809255196808266
931 3.214802992486626
932 3.214802992486626
933 3.214802992486626
934 3.214802992486626
935 3.214802992486626
936 1.3488050268200134
937 1.3488050268200134
938 1.3488050268200134
939 1.3488050268200134
940 1.3488050268200134
941 0.19944398581875497
942 0.19944398581875497
943 1.9707190141013948
944 1.9707190141013948
945 1.9707190141013948
946 1.9707190141013948
947 1.9707190141013948
948 2.115796164065643
949 2.115796164065643
950 2.115796164065643
951 2.115796164065643
952 2.115796164065643
953 2.092643025849789
954 2.092643025849789
955 2.092643025849789
956 2.092643025849789
957 2.092643025849789
958 1.9838371954136595
959 1.9838371954136595
960 1.9838371954136595
961 1.9838371954136595
962 1.9838371954136595
963 2.046426556416466
964 2.046426556416466
965 2.046426556416466
966 2.046426556416466
967 2.046426556416466
968 2.1877078712649887
969 2.1877078712649887
970 2.1877078712649887
971 2.1877078712649887
972 2.1877078712649887
973 1.9995903037600753
974 1.9995903037600753
975 1.9995903037600753
976 1.9995903037600753
977 1.9995903037600753
978 2.1316365830105153
979 2.1316365830105153
980 2.1316365830105153
981 2.1316365830105153
982 2.1316365830105153
983 1.9020573663941664
984 1.9020573663941664
985 1.9020573663941664
986 1.9020573663941664
987 1.9020573663941664
988 1.8927910808029313
989 1.8927910808029313
990 1.8927910808029313
991 1.8927910808029313
992 0.19517984943639674
993 0.19517984943639674
994 0.19517984943639674
995 0.19517984943639674
996 2.539620434554071
997 2.539620434554071
998 2.539620434554071
999 2.539620434554071
1000 2.539620434554071
1001 2.369697900611953
1002 2.369697900611953
1003 2.369697900611953
1004 2.369697900611953
1005 2.369697900611953
1006 2.195731451816054
1007 3.027296476159866
1008 3.027296476159866
1009 3.027296476159866
1010 3.027296476159866
1011 3.027296476159866
1012 2.987718006493599
1013 2.987718006493599
1014 2.987718006493599
1015 2.987718006493599
1016 2.987718006493599
1017 2.9442625894174936
1018 3.475602409061554
1019 3.475602409061554
1020 3.475602409061554
1021 3.475602409061554
1022 3.475602409061554
1023 3.749932563413458
1024 3.749932563413458
1025 3.749932563413458
1026 3.749932563413458
1027 3.749932563413458
1028 3.2436533765068414
1029 3.2436533765068414
1030 3.2436533765068414
1031 3.2436533765068414
1032 3.2436533765068414
1033 3.5729894478328394
1034 3.5729894478328394
1035 3.5729894478328394
1036 3.5729894478328394
1037 3.5729894478328394
1038 3.257555015100597
1039 3.257555015100597
1040 3.257555015100597
1041 3.257555015100597
1042 3.257555015100597
1043 3.701256804738017
1044 3.701256804738017
1045 3.701256804738017
1046 3.701256804738017
1047 3.701256804738017
1048 3.3303795151484015
1049 3.3303795151484015
1050 3.3303795151484015
1051 3.3303795151484015
1052 3.3303795151484015
1053 3.4200310053799887
1054 3.4200310053799887
1055 3.4200310053799887
1056 3.4200310053799887
1057 3.4200310053799887
1058 3.3420026625802897
1059 3.3420026625802897
1060 3.3420026625802897
1061 3.3420026625802897
1062 3.3420026625802897
1063 3.4598495108429903
1064 3.4598495108429903
1065 3.4598495108429903
1066 3.4598495108429903
1067 3.4598495108429903
1068 3.686750451198129
1069 3.686750451198129
1070 2.1859120297228114
1071 2.1859120297228114
1072 2.1859120297228114
1073 2.1859120297228114
1074 2.1859120297228114
1075 2.899525181572452
1076 2.899525181572452
1077 1.0556296066850774
1078 1.0556296066850774
1079 1.0556296066850774
1080 1.0556296066850774
1081 1.0556296066850774
1082 1.177595722524481
1083 1.177595722524481
1084 1.177595722524481
1085 1.177595722524481
1086 1.177595722524481
1087 1.0439734349469796
1088 1.0439734349469796
1089 1.0439734349469796
1090 2.0624865191856525
1091 2.0624865191856525
1092 1.0359199191524981
1093 1.0359199191524981
1094 1.0359199191524981
1095 0.7074424970281219
1096 0.7074424970281219
1097 0.7074424970281219
1098 0.7074424970281219
1099 0.7074424970281219
1100 0.6960291606786236
1101 0.6960291606786236
1102 0.6960291606786236
1103 0.6960291606786236
1104 0.6960291606786236
1105 0.627032130665023
1106 0.627032130665023
1107 0.627032130665023
1108 0.627032130665023
1109 0.627032130665023
1110 0.7488669841207981
1111 0.7488669841207981
1112 0.7488669841207981
1113 0.7488669841207981
1114 0.7488669841207981
1115 0.6891883618297991
1116 0.6891883618297991
1117 0.6891883618297991
1118 0.6891883618297991
1119 0.6891883618297991
1120 3.680714664499934
1121 3.680714664499934
1122 3.680714664499934
1123 3.680714664499934
1124 3.680714664499934
1125 3.5766029699081123
1126 3.5766029699081123
1127 3.282518999085783
1128 3.282518999085783
1129 3.42705031285088
1130 3.42705031285088
1131 3.42705031285088
1132 3.42705031285088
1133 3.42705031285088
1134 3.1775225536797342
1135 3.1775225536797342
1136 3.1775225536797342
1137 3.1775225536797342
1138 3.1775225536797342
1139 3.4632354609006377
1140 3.4632354609006377
1141 3.4632354609006377
1142 3.4632354609006377
1143 3.4632354609006377
1144 3.200245071701379
1145 3.200245071701379
1146 3.200245071701379
1147 3.200245071701379
1148 3.200245071701379
1149 3.498798803865886
1150 3.498798803865886
1151 3.498798803865886
1152 3.498798803865886
1153 3.498798803865886
1154 3.1642557953907953
1155 3.1642557953907953
1156 3.1642557953907953
1157 3.1642557953907953
1158 3.1642557953907953
1159 3.591375917360092
1160 3.591375917360092
1161 3.591375917360092
1162 3.591375917360092
1163 3.591375917360092
1164 3.558850607865877
1165 3.558850607865877
1166 3.558850607865877
1167 3.558850607865877
1168 3.558850607865877
1169 3.6513700363102926
1170 3.6513700363102926
1171 3.6513700363102926
1172 3.6513700363102926
1173 3.6513700363102926
1174 2.7748579575792647
1175 0.6264356886103094
1176 0.6264356886103094
1177 0.6264356886103094
1178 0.6264356886103094
1179 0.6264356886103094
1180 0.613847449409166
1181 0.613847449409166
1182 0.613847449409166
1183 0.613847449409166
1184 0.613847449409166
1185 0.6680843080593634
1186 0.6680843080593634
1187 1.8463061956357658
1188 1.8463061956357658
1189 3.2502267109644705
1190 3.2502267109644705
1191 3.2502267109644705
1192 3.2502267109644705
1193 3.2502267109644705
1194 3.3343741039498678
1195 3.3343741039498678
1196 3.3327751372364323
1197 0.6668312614260088
1198 0.6668312614260088
1199 0.6668312614260088
1200 0.6668312614260088
1201 0.6668312614260088
1202 0.5790131574820468
1203 0.5790131574820468
1204 0.5790131574820468
1205 0.5790131574820468
1206 0.5790131574820468
1207 0.6800029195025978
1208 0.6800029195025978
1209 0.6800029195025978
1210 0.6800029195025978
1211 0.6800029195025978
1212 0.6065504941244146
1213 0.6065504941244146
1214 0.6065504941244146
1215 0.6065504941244146
1216 0.6065504941244146
1217 0.7441247341628797
1218 0.7441247341628797
1219 2.508515931843485
1220 2.508515931843485
1221 2.508515931843485
1222 3.413884935622568
1223 4.731754145578588
1224 4.731754145578588
1225 4.731754145578588
1226 4.731754145578588
1227 4.731754145578588
1228 4.419493877154868
1229 4.419493877154868
1230 4.419493877154868
1231 4.419493877154868
1232 4.419493877154868
1233 4.589644335514915
1234 4.589644335514915
1235 4.589644335514915
1236 4.589644335514915
1237 4.589644335514915
1238 4.058008589003795
1239 4.058008589003795
1240 4.058008589003795
1241 4.058008589003795
1242 4.058008589003795
1243 2.2163010702292394
1244 2.2163010702292394
1245 2.2163010702292394
1246 2.2163010702292394
1247 2.2163010702292394
1248 2.631255950025726
1249 2.631255950025726
1250 2.631255950025726
1251 2.631255950025726
1252 2.631255950025726
1253 2.8020453817952777
1254 2.8020453817952777
1255 2.8020453817952777
1256 2.8020453817952777
1257 2.8020453817952777
1258 2.73376772987071
1259 2.73376772987071
1260 2.73376772987071
1261 2.73376772987071
1262 2.73376772987071
1263 2.3257364509672036
1264 2.3257364509672036
1265 2.3257364509672036
1266 2.3257364509672036
1267 0.6942584213056083
1268 0.6942584213056083
1269 0.6942584213056083
1270 0.6942584213056083
1271 0.6942584213056083
1272 2.2220548253312518
1273 2.2220548253312518
1274 2.2220548253312518
1275 2.2220548253312518
1276 2.2220548253312518
1277 1.1771331844297765
1278 1.1771331844297765
1279 1.1771331844297765
1280 1.1771331844297765
1281 1.1771331844297765
1282 1.189367955325071
1283 1.189367955325071
1284 1.189367955325071
1285 1.189367955325071
1286 1.189367955325071
1287 2.9388204187619857
1288 2.9388204187619857
1289 2.9388204187619857
1290 2.9388204187619857
1291 2.9388204187619857
1292 2.685962466330623
1293 2.685962466330623
1294 2.685962466330623
1295 2.685962466330623
1296 2.685962466330623
1297 2.8634436847679554
1298 3.837878383225605
1299 3.837878383225605
1300 0.6164236610774971
1301 0.6164236610774971
1302 0.6164236610774971
1303 0.6164236610774971
1304 0.6164236610774971
1305 0.7323095549171088
1306 0.7323095549171088
1307 0.7323095549171088
1308 0.7323095549171088
1309 0.7323095549171088
1310 1.731212876731037
1311 1.731212876731037
1312 1.731212876731037
1313 1.731212876731037
1314 1.731212876731037
1315 1.7043074266455605
1316 1.7043074266455605
1317 1.7043074266455605
1318 1.7043074266455605
1319 1.7043074266455605
1320 1.4896188353230269
1321 1.4896188353230269
1322 1.4896188353230269
1323 1.4896188353230269
1324 0.6156516321858991
1325 0.6156516321858991
1326 0.6156516321858991
1327 0.6156516321858991
1328 0.6156516321858991
1329 0.6243400043007452
1330 0.6243400043007452
1331 0.6243400043007452
1332 0.6243400043007452
1333 3.800725300262722
1334 3.800725300262722
1335 3.800725300262722
1336 3.800725300262722
1337 3.800725300262722
1338 4.008415092128443
1339 4.008415092128443
1340 4.008415092128443
1341 2.576275221498406
1342 2.576275221498406
1343 2.576275221498406
1344 2.576275221498406
1345 1.0874579341016182
1346 1.0874579341016182
1347 1.0874579341016182
1348 1.0874579341016182
1349 4.194232981025142
1350 1.8957460450965837
1351 1.8957460450965837
1352 1.8957460450965837
1353 1.8957460450965837
1354 1.8957460450965837
1355 1.874891111299142
1356 1.874891111299142
1357 1.874891111299142
1358 1.874891111299142
1359 1.874891111299142
1360 1.9177467157024701
1361 1.9177467157024701
1362 1.9177467157024701
1363 1.9177467157024701
1364 1.2228920969172778
1365 1.2228920969172778
1366 1.2228920969172778
1367 1.2228920969172778
1368 1.2228920969172778
1369 1.111180849319733
1370 1.111180849319733
1371 1.111180849319733
1372 1.111180849319733
1373 1.111180849319733
1374 1.2130033019901285
1375 1.2130033019901285
1376 1.2130033019901285
1377 1.2130033019901285
1378 1.2130033019901285
1379 1.1304579473051242
1380 1.1304579473051242
1381 1.1304579473051242
1382 1.1304579473051242
1383 1.1304579473051242
1384 2.500403858691276
1385 2.500403858691276
1386 2.500403858691276
1387 2.500403858691276
1388 2.500403858691276
1389 2.5562649694177866
1390 2.5562649694177866
1391 2.5562649694177866
1392 3.046890071391807
1393 3.046890071391807
1394 3.046890071391807
1395 3.046890071391807
1396 3.046890071391807
1397 3.1267722325598055
1398 3.1267722325598055
1399 3.1267722325598055
1400 3.1267722325598055
1401 1.1970035189797517
1402 1.1970035189797517
1403 1.1970035189797517
1404 1.1970035189797517
1405 1.1970035189797517
1406 1.128481647694204
1407 1.128481647694204
1408 1.128481647694204
1409 1.128481647694204
1410 1.128481647694204
1411 1.2784146684169393
1412 1.2784146684169393
1413 1.2784146684169393
1414 1.2784146684169393
1415 1.2784146684169393
1416 1.0645044608355712
1417 1.0645044608355712
1418 1.0645044608355712
1419 1.0645044608355712
1420 1.0645044608355712
1421 3.2150983689940444
1422 3.2150983689940444
1423 3.2150983689940444
1424 3.2150983689940444
1425 3.2150983689940444
1426 3.5540596254427745
1427 3.5540596254427745
1428 3.5540596254427745
1429 3.5540596254427745
1430 3.5540596254427745
1431 3.4388508964030566
1432 3.4388508964030566
1433 3.4388508964030566
1434 3.4388508964030566
1435 3.4388508964030566
1436 3.491303675902298
1437 3.491303675902298
1438 0.6350289464918202
1439 0.6350289464918202
1440 0.6350289464918202
1441 0.6350289464918202
1442 0.6350289464918202
1443 0.6057778167601602
1444 0.6057778167601602
1445 0.6057778167601602
1446 0.6057778167601602
1447 0.6057778167601602
1448 0.7143123847565337
1449 0.7143123847565337
1450 0.7143123847565337
1451 0.7143123847565337
1452 0.7143123847565337
1453 0.7061923459981226
1454 0.7061923459981226
1455 0.7061923459981226
1456 0.7061923459981226
1457 0.7061923459981226
1458 1.445239133903817
1459 1.445239133903817
1460 1.445239133903817
1461 1.445239133903817
1462 1.445239133903817
1463 1.7232326292559155
1464 1.7232326292559155
1465 1.7232326292559155
1466 1.7232326292559155
1467 1.7232326292559155
1468 1.497842625189081
1469 1.497842625189081
1470 1.497842625189081
1471 1.497842625189081
1472 1.497842625189081
1473 1.7087987456679756
1474 1.7087987456679756
1475 1.7087987456679756
1476 1.7087987456679756
1477 1.7087987456679756
1478 1.6910135791520515
1479 1.6910135791520515
1480 1.6910135791520515
1481 3.8787537472046165
1482 3.8787537472046165
1483 3.8787537472046165
1484 3.8787537472046165
1485 3.8787537472046165
1486 3.5202565107936055
1487 3.5202565107936055
1488 3.5202565107936055
1489 2.47932844110874
1490 2.47932844110874
1491 2.47932844110874
1492 4.464904049494822
1493 4.464904049494822
1494 4.464904049494822
1495 4.464904049494822
1496 4.464904049494822
1497 4.287385169581354
1498 4.287385169581354
1499 4.287385169581354
1500 4.287385169581354
1501 4.287385169581354
1502 4.027470131959358
1503 4.027470131959358
1504 4.027470131959358
1505 4.027470131959358
1506 4.027470131959358
1507 3.625044214744317
1508 3.625044214744317
1509 3.625044214744317
1510 3.625044214744317
1511 3.625044214744317
1512 4.286462895070335
1513 4.286462895070335
1514 4.286462895070335
1515 4.286462895070335
1516 4.286462895070335
1517 3.5375867308000677
1518 3.5375867308000677
1519 3.5375867308000677
1520 3.5375867308000677
1521 3.5375867308000677
1522 3.598575065756998
1523 3.598575065756998
1524 3.598575065756998
1525 3.598575065756998
1526 3.598575065756998
1527 3.186770681823245
1528 3.186770681823245
1529 3.186770681823245
1530 3.186770681823245
1531 3.186770681823245
1532 3.1585906666917416
1533 3.1585906666917416
1534 3.1585906666917416
1535 3.1585906666917416
1536 3.1585906666917416
1537 3.25885864220033
1538 3.25885864220033
1539 3.25885864220033
1540 3.25885864220033
1541 3.25885864220033
1542 3.7505074988715665
1543 3.7505074988715665
1544 2.753087269090738
1545 4.500264953243244
1546 4.500264953243244
1547 4.500264953243244
1548 4.500264953243244
1549 4.500264953243244
1550 4.686372370341963
1551 4.686372370341963
1552 4.686372370341963
1553 4.686372370341963
1554 4.686372370341963
1555 3.038220434372462
1556 3.038220434372462
1557 2.5326788094666663
1558 2.5326788094666663
1559 2.5326788094666663
1560 2.5326788094666663
1561 2.5326788094666663
1562 2.4723647457393483
1563 2.4723647457393483
1564 2.4723647457393483
1565 2.4723647457393483
1566 2.4723647457393483
1567 2.216568580148819
1568 2.5657218781312627
1569 2.5657218781312627
1570 2.5657218781312627
1571 2.5657218781312627
1572 2.5657218781312627
1573 3.1798247292012722
1574 3.1798247292012722
1575 3.1798247292012722
1576 3.8953886656919288
1577 3.8953886656919288
1578 3.8953886656919288
1579 3.09353236311791
1580 3.09353236311791
1581 3.09353236311791
1582 3.09353236311791
1583 3.09353236311791
1584 3.0057587150276723
1585 3.0057587150276723
1586 3.0057587150276723
1587 3.0057587150276723
1588 3.0057587150276723
1589 3.2144422749001147
1590 3.2144422749001147
1591 3.2144422749001147
1592 1.1026489423670527
1593 1.1026489423670527
1594 1.1026489423670527
1595 1.1026489423670527
1596 1.1026489423670527
1597 1.1191143503263705
1598 1.1191143503263705
1599 1.1191143503263705
1600 1.1191143503263705
1601 1.1191143503263705
1602 1.0804960206998107
1603 1.0804960206998107
1604 1.0804960206998107
1605 1.0804960206998107
1606 1.0804960206998107
1607 1.1072269863454072
1608 1.1072269863454072
1609 1.1072269863454072
1610 1.1072269863454072
1611 1.1072269863454072
1612 0.9880796933074176
1613 0.9880796933074176
1614 0.9880796933074176
1615 0.9880796933074176
1616 0.9880796933074176
1617 1.0804542941061526
1618 1.0804542941061526
1619 1.0804542941061526
1620 1.0804542941061526
1621 1.0804542941061526
1622 1.1571500403931985
1623 1.1571500403931985
1624 3.985450890680935
1625 3.985450890680935
1626 3.985450890680935
1627 3.985450890680935
1628 3.985450890680935
1629 3.9905414753488513
1630 3.9905414753488513
1631 3.9905414753488513
1632 3.9905414753488513
1633 3.9905414753488513
1634 3.931965958119019
1635 3.931965958119019
1636 3.931965958119019
1637 3.931965958119019
1638 3.931965958119019
1639 3.6156437961857737
1640 3.6156437961857737
1641 2.6054469617252756
1642 2.6054469617252756
1643 2.6054469617252756
1644 2.6054469617252756
1645 2.6054469617252756
1646 2.935768092036273
1647 2.935768092036273
1648 2.935768092036273
1649 2.935768092036273
1650 2.935768092036273
1651 3.211287289621948
1652 3.211287289621948
1653 3.211287289621948
1654 3.211287289621948
1655 3.211287289621948
1656 2.905118651608187
1657 2.905118651608187
1658 2.905118651608187
1659 2.6517997661993924
1660 2.6517997661993924
1661 2.6517997661993924
1662 2.6517997661993924
1663 2.6517997661993924
1664 2.3048420187951693
1665 2.3048420187951693
1666 2.3048420187951693
1667 2.3048420187951693
1668 2.3048420187951693
1669 2.589022618279908
1670 2.589022618279908
1671 2.589022618279908
1672 2.589022618279908
1673 2.589022618279908
1674 2.388924854427012
1675 2.388924854427012
1676 2.388924854427012
1677 2.388924854427012
1678 2.388924854427012
1679 2.5853865529422886
1680 2.5853865529422886
1681 2.5853865529422886
1682 2.5853865529422886
1683 2.5853865529422886
1684 2.451743315933897
1685 3.3061331255912974
1686 3.3061331255912974
1687 3.3061331255912974
1688 3.3061331255912974
1689 3.3061331255912974
1690 2.778161504317534
1691 2.778161504317534
1692 2.778161504317534
1693 2.778161504317534
1694 2.778161504317534
1695 3.0645629976337427
1696 3.0645629976337427
1697 3.0645629976337427
1698 3.0645629976337427
1699 3.0645629976337427
1700 2.6944218916501126
1701 2.6944218916501126
1702 2.6944218916501126
1703 3.3822934029154212
1704 3.3822934029154212
1705 3.3822934029154212
1706 3.3822934029154212
1707 3.3822934029154212
1708 0.9406641604910775
1709 0.9406641604910775
1710 0.9406641604910775
1711 0.9406641604910775
1712 0.9406641604910775
1713 0.9354320289638908
1714 0.9354320289638908
1715 0.9354320289638908
1716 0.9354320289638908
1717 0.9354320289638908
1718 1.1049505471978094
1719 1.1049505471978094
1720 1.1049505471978094
1721 1.1049505471978094
1722 1.1049505471978094
1723 1.1310510909992706
1724 1.1310510909992706
1725 1.1310510909992706
1726 1.1310510909992706
1727 1.1310510909992706
1728 1.1417070282074615
1729 1.1417070282074615
1730 1.1417070282074615
1731 1.1417070282074615
1732 1.1417070282074615
1733 1.1022737685427737
1734 1.1022737685427737
1735 1.1022737685427737
1736 1.1022737685427737
1737 1.1022737685427737
1738 1.135752477494502
1739 1.135752477494502
1740 1.135752477494502
1741 1.135752477494502
1742 1.135752477494502
1743 0.9892338947690613
1744 0.9892338947690613
1745 0.9892338947690613
1746 0.9892338947690613
1747 0.9892338947690613
1748 1.0987999389088396
1749 1.0987999389088396
1750 1.0987999389088396
1751 1.0987999389088396
1752 1.0987999389088396
1753 1.1134174627783542
1754 1.1134174627783542
1755 1.645259160156522
1756 0.18879512324476388
1757 0.18879512324476388
1758 0.18879512324476388
1759 0.18879512324476388
1760 0.18879512324476388
1761 0.2211591177002197
1762 0.2211591177002197
1763 0.2211591177002197
1764 0.2211591177002197
1765 0.2211591177002197
1766 0.21148886265323574
1767 0.21148886265323574
1768 0.21148886265323574
1769 0.21148886265323574
1770 0.21148886265323574
1771 0.19889668421679127
1772 0.19889668421679127
1773 0.19889668421679127
1774 0.19889668421679127
1775 0.19889668421679127
1776 0.1868093548017968
1777 0.1868093548017968
1778 0.1868093548017968
1779 0.1868093548017968
1780 0.1868093548017968
1781 1.1033416508752827
1782 1.1033416508752827
1783 1.1033416508752827
1784 1.1033416508752827
1785 1.1033416508752827
1786 1.1351720009678659
1787 1.1351720009678659
1788 1.1351720009678659
1789 1.1351720009678659
1790 1.1351720009678659
1791 1.1692292482921318
1792 1.1692292482921318
1793 1.1692292482921318
1794 1.1692292482921318
1795 1.1692292482921318
1796 1.1805232717553849
1797 1.1805232717553849
1798 1.1805232717553849
1799 1.1805232717553849
1800 1.1805232717553849
1801 0.9817732504764994
1802 0.9817732504764994
1803 0.9817732504764994
1804 0.9817732504764994
1805 0.9817732504764994
1806 1.1442385875225727
1807 1.1442385875225727
1808 1.1442385875225727
1809 1.1442385875225727
1810 1.1442385875225727
1811 1.0193171929981621
1812 1.0193171929981621
1813 1.0193171929981621
1814 1.0193171929981621
1815 1.0193171929981621
1816 1.2386437527558825
1817 1.2386437527558825
1818 1.2386437527558825
1819 1.2386437527558825
1820 1.2386437527558825
1821 0.9911813271000579
1822 0.9911813271000579
1823 0.9911813271000579
1824 0.9911813271000579
1825 0.9911813271000579
1826 1.0823923702163398
1827 1.0823923702163398
1828 2.99243443299112
1829 2.99243443299112
1830 2.99243443299112
1831 2.99243443299112
1832 0.6725397244383732
1833 0.6725397244383732
1834 0.6725397244383732
1835 0.6725397244383732
1836 0.6725397244383732
1837 0.6482870339579357
1838 0.6482870339579357
1839 0.6482870339579357
1840 0.6482870339579357
1841 0.6482870339579357
1842 0.5865984316675584
1843 2.536305294998772
1844 2.536305294998772
1845 2.536305294998772
1846 2.536305294998772
1847 2.536305294998772
1848 2.3448486522546528
1849 2.3448486522546528
1850 2.3448486522546528
1851 2.3448486522546528
1852 2.3448486522546528
1853 2.3810303416954826
1854 2.3810303416954826
1855 2.3810303416954826
1856 2.3810303416954826
1857 2.3810303416954826
1858 2.2551999706388264
1859 2.2551999706388264
1860 2.2551999706388264
1861 2.2551999706388264
1862 2.2551999706388264
1863 2.4961244579608124
1864 2.4961244579608124
1865 2.4961244579608124
1866 2.4961244579608124
1867 2.4961244579608124
1868 2.3410576168314265
1869 2.3410576168314265
1870 2.3410576168314265
1871 2.3410576168314265
1872 2.3410576168314265
1873 2.2186362818151175
1874 2.2186362818151175
1875 2.2186362818151175
1876 2.2186362818151175
1877 2.2186362818151175
1878 2.598888023372
1879 2.598888023372
1880 2.598888023372
1881 2.598888023372
1882 2.598888023372
1883 2.5359049163456238
1884 2.5359049163456238
1885 2.5359049163456238
1886 2.5359049163456238
1887 2.5359049163456238
1888 1.0693964031026664
1889 1.0693964031026664
1890 1.0693964031026664
1891 1.0693964031026664
1892 1.0693964031026664
1893 1.3083859121046457
1894 1.3083859121046457
1895 1.3083859121046457
1896 1.3083859121046457
1897 1.3083859121046457
1898 0.9871999506433293
1899 0.9871999506433293
1900 0.9871999506433293
1901 0.9871999506433293
1902 0.9871999506433293
1903 1.097582407144986
1904 1.097582407144986
1905 1.097582407144986
1906 1.097582407144986
1907 1.097582407144986
1908 1.0764744399998543
1909 1.0764744399998543
1910 1.0764744399998543
1911 1.0764744399998543
1912 1.0764744399998543
1913 1.087429071040403
1914 1.087429071040403
1915 1.087429071040403
1916 1.087429071040403
1917 1.087429071040403
1918 1.0758716327475646
1919 1.0758716327475646
1920 1.0758716327475646
1921 3.4630838833999094
1922 3.4630838833999094
1923 3.4630838833999094
1924 3.4630838833999094
1925 3.4630838833999094
1926 3.6829648985848564
1927 3.6829648985848564
1928 3.6829648985848564
1929 3.6829648985848564
1930 3.6829648985848564
1931 3.1984367401389493
1932 3.1984367401389493
1933 3.1984367401389493
1934 3.1984367401389493
1935 3.1984367401389493
1936 3.0224598329291714
1937 3.0224598329291714
1938 3.0224598329291714
1939 3.0224598329291714
1940 3.0224598329291714
1941 3.484869900653273
1942 3.484869900653273
1943 3.484869900653273
1944 3.484869900653273
1945 3.484869900653273
1946 3.223921310057077
1947 3.223921310057077
1948 3.223921310057077
1949 3.223921310057077
1950 0.9905912100240128
1951 0.9905912100240128
1952 0.9905912100240128
1953 0.18991891737681807
1954 0.18991891737681807
1955 0.18991891737681807
1956 0.18991891737681807
1957 0.18991891737681807
1958 0.20056348487467887
1959 0.20056348487467887
1960 0.20056348487467887
1961 0.20056348487467887
1962 0.20056348487467887
1963 0.20948763524684139
1964 0.20948763524684139
1965 0.20948763524684139
1966 0.20948763524684139
1967 1.4167055581499282
1968 2.1216597283773977
1969 0.1851456209242607
1970 0.1851456209242607
1971 0.1851456209242607
1972 0.1851456209242607
1973 0.1851456209242607
1974 0.1794330341370329
1975 0.1794330341370329
1976 0.1794330341370329
1977 0.1794330341370329
1978 0.1794330341370329
1979 2.6010768518670093
1980 2.6010768518670093
1981 2.6010768518670093
1982 2.6010768518670093
1983 2.6010768518670093
1984 2.3168698230839335
1985 2.3168698230839335
1986 2.3168698230839335
1987 2.3168698230839335
1988 3.5248961600223154
1989 3.5248961600223154
1990 3.5248961600223154
1991 3.5248961600223154
1992 3.5248961600223154
1993 3.490079679336075
1994 3.490079679336075
1995 3.490079679336075
1996 3.490079679336075
1997 3.490079679336075
1998 3.0617981166459556
1999 3.0617981166459556
