0 2.300542132790979
1 2.300542132790979
2 2.300542132790979
3 2.300542132790979
4 2.300542132790979
5 2.754890983829278
6 2.754890983829278
7 2.754890983829278
8 2.754890983829278
9 2.754890983829278
10 2.6434891328707613
11 2.6434891328707613
12 2.6434891328707613
13 2.6434891328707613
14 2.6434891328707613
15 2.6809240841501127
16 2.6809240841501127
17 2.6809240841501127
18 2.6809240841501127
19 2.6809240841501127
20 1.7519252843961248
21 1.7519252843961248
22 1.7519252843961248
23 1.7519252843961248
24 1.7519252843961248
25 2.5547943927311594
26 2.5547943927311594
27 2.5547943927311594
28 2.5547943927311594
29 2.5547943927311594
30 2.7434213153664864
31 2.7434213153664864
32 2.7434213153664864
33 2.7434213153664864
34 2.7434213153664864
35 2.2941510098700233
36 2.2941510098700233
37 2.2941510098700233
38 2.2941510098700233
39 2.2941510098700233
40 2.1727873039352508
41 2.1727873039352508
42 2.1727873039352508
43 2.1727873039352508
44 2.1727873039352508
45 1.8767195567843928
46 1.8767195567843928
47 1.8767195567843928
48 1.8767195567843928
49 1.8767195567843928
50 1.3278307693927567
51 1.3278307693927567
52 1.3278307693927567
53 1.3278307693927567
54 1.3278307693927567
55 2.365918112503942
56 2.365918112503942
57 2.365918112503942
58 2.365918112503942
59 2.365918112503942
60 2.8002794633212873
61 2.8002794633212873
62 2.8002794633212873
63 2.8002794633212873
64 2.8002794633212873
65 2.1549703041924957
66 2.1549703041924957
67 2.1549703041924957
68 2.1549703041924957
69 2.1549703041924957
70 2.9500425539844373
71 2.9500425539844373
72 2.9500425539844373
73 2.9500425539844373
74 2.9500425539844373
75 2.1090054079566602
76 2.1090054079566602
77 2.1090054079566602
78 2.1090054079566602
79 2.1090054079566602
80 1.643810648820046
81 1.643810648820046
82 1.643810648820046
83 1.643810648820046
84 1.643810648820046
85 1.5272518096830443
86 1.5272518096830443
87 1.5272518096830443
88 1.5272518096830443
89 1.5272518096830443
90 2.8941462707622074
91 2.8941462707622074
92 2.8941462707622074
93 2.8941462707622074
94 2.8941462707622074
95 2.9191229211044685
96 2.9191229211044685
97 2.9191229211044685
98 2.9191229211044685
99 2.9191229211044685
100 1.671716345070236
101 1.671716345070236
102 1.671716345070236
103 1.671716345070236
104 1.671716345070236
105 2.4687341292468146
106 2.4687341292468146
107 2.4687341292468146
108 2.4687341292468146
109 2.4687341292468146
110 1.8862095920677873
111 1.8862095920677873
112 1.8862095920677873
113 1.8862095920677873
114 1.8862095920677873
115 2.7207953091994224
116 2.7207953091994224
117 2.7207953091994224
118 2.7207953091994224
119 2.7207953091994224
120 2.2824078216324564
121 2.2824078216324564
122 2.2824078216324564
123 2.2824078216324564
124 2.2824078216324564
125 1.365351284372354
126 1.365351284372354
127 1.365351284372354
128 1.365351284372354
129 1.365351284372354
130 2.464282201755903
131 2.464282201755903
132 2.464282201755903
133 2.464282201755903
134 2.464282201755903
135 3.5121649075663446
136 3.5121649075663446
137 3.5121649075663446
138 3.5121649075663446
139 3.5121649075663446
140 1.934009141808955
141 1.934009141808955
142 1.934009141808955
143 1.934009141808955
144 1.934009141808955
145 2.6493042838790988
146 2.6493042838790988
147 2.6493042838790988
148 2.6493042838790988
149 2.6493042838790988
150 2.161272700588332
151 2.161272700588332
152 2.161272700588332
153 2.161272700588332
154 2.161272700588332
155 2.5443273225724563
156 2.5443273225724563
157 2.5443273225724563
158 2.5443273225724563
159 2.5443273225724563
160 3.0042932650611798
161 3.0042932650611798
162 3.0042932650611798
163 3.0042932650611798
164 3.0042932650611798
165 2.3768913596675034
166 2.3768913596675034
167 2.3768913596675034
168 2.3768913596675034
169 2.3768913596675034
170 2.0040126624674253
171 2.0040126624674253
172 2.0040126624674253
173 2.0040126624674253
174 2.0040126624674253
175 2.6427462324951745
176 2.6427462324951745
177 2.6427462324951745
178 2.6427462324951745
179 2.6427462324951745
180 2.238356507868434
181 2.238356507868434
182 2.238356507868434
183 2.238356507868434
184 2.238356507868434
185 2.411344787042358
186 2.411344787042358
187 2.411344787042358
188 2.411344787042358
189 2.411344787042358
190 2.57195874721977
191 2.57195874721977
192 2.57195874721977
193 2.57195874721977
194 2.57195874721977
195 1.7796563631160711
196 1.7796563631160711
197 1.7796563631160711
198 1.7796563631160711
199 1.7796563631160711
200 3.2943207295468033
201 3.2943207295468033
202 3.2943207295468033
203 3.2943207295468033
204 3.2943207295468033
205 3.163670282592278
206 3.163670282592278
207 3.163670282592278
208 3.163670282592278
209 3.163670282592278
210 2.002004007587624
211 2.002004007587624
212 2.002004007587624
213 2.002004007587624
214 2.002004007587624
215 1.5562903968992885
216 1.5562903968992885
217 1.5562903968992885
218 1.5562903968992885
219 1.5562903968992885
220 2.372982626964823
221 2.372982626964823
222 2.372982626964823
223 2.372982626964823
224 2.372982626964823
225 2.368164270758803
226 2.368164270758803
227 2.368164270758803
228 2.368164270758803
229 2.368164270758803
230 1.7499271196175703
231 1.7499271196175703
232 1.7499271196175703
233 1.7499271196175703
234 1.7499271196175703
235 2.1588781485054263
236 2.1588781485054263
237 2.1588781485054263
238 2.1588781485054263
239 2.1588781485054263
240 2.074898599816884
241 2.074898599816884
242 2.074898599816884
243 2.074898599816884
244 2.074898599816884
245 1.9868007411691608
246 1.9868007411691608
247 1.9868007411691608
248 1.9868007411691608
249 1.9868007411691608
250 2.123469946953472
251 2.123469946953472
252 2.123469946953472
253 2.123469946953472
254 2.123469946953472
255 2.664942988238242
256 2.664942988238242
257 2.664942988238242
258 2.664942988238242
259 2.664942988238242
260 2.880969052978693
261 2.880969052978693
262 2.880969052978693
263 2.880969052978693
264 2.880969052978693
265 3.0862051052044657
266 3.0862051052044657
267 3.0862051052044657
268 3.0862051052044657
269 3.0862051052044657
270 3.2391171828939562
271 3.2391171828939562
272 3.2391171828939562
273 3.2391171828939562
274 3.2391171828939562
275 2.938632835383894
276 2.938632835383894
277 2.938632835383894
278 2.938632835383894
279 2.938632835383894
280 2.025697404844005
281 2.025697404844005
282 2.025697404844005
283 2.025697404844005
284 2.025697404844005
285 2.4145671343443653
286 2.4145671343443653
287 2.4145671343443653
288 2.4145671343443653
289 2.4145671343443653
290 2.545573532190667
291 2.545573532190667
292 2.545573532190667
293 2.545573532190667
294 2.545573532190667
295 2.4415522133578906
296 2.4415522133578906
297 2.4415522133578906
298 2.4415522133578906
299 2.4415522133578906
300 2.8174877798036935
301 2.8174877798036935
302 2.8174877798036935
303 2.8174877798036935
304 2.8174877798036935
305 2.2325298705723515
306 2.2325298705723515
307 2.2325298705723515
308 2.2325298705723515
309 2.2325298705723515
310 1.7676486035056918
311 1.7676486035056918
312 1.7676486035056918
313 1.7676486035056918
314 1.7676486035056918
315 3.440690724817322
316 3.440690724817322
317 3.440690724817322
318 3.440690724817322
319 3.440690724817322
320 2.9324500344004885
321 2.9324500344004885
322 2.9324500344004885
323 2.9324500344004885
324 2.9324500344004885
325 2.7661352387165055
326 2.7661352387165055
327 2.7661352387165055
328 2.7661352387165055
329 2.7661352387165055
330 2.3620716972486693
331 2.3620716972486693
332 2.3620716972486693
333 2.3620716972486693
334 2.3620716972486693
335 2.365570234425924
336 2.365570234425924
337 2.365570234425924
338 2.365570234425924
339 2.365570234425924
340 3.1374768228986047
341 3.1374768228986047
342 3.1374768228986047
343 3.1374768228986047
344 3.1374768228986047
345 2.3759036719859674
346 2.3759036719859674
347 2.3759036719859674
348 2.3759036719859674
349 2.3759036719859674
350 2.9763319228293534
351 2.9763319228293534
352 2.9763319228293534
353 2.9763319228293534
354 2.9763319228293534
355 3.0715038138483957
356 3.0715038138483957
357 3.0715038138483957
358 3.0715038138483957
359 3.0715038138483957
360 2.284489750716799
361 2.284489750716799
362 2.284489750716799
363 4.950467999561251
364 4.950467999561251
365 4.950467999561251
366 4.950467999561251
367 4.950467999561251
368 3.717916836085381
369 3.717916836085381
370 3.717916836085381
371 3.717916836085381
372 3.717916836085381
373 3.9692454737773204
374 3.9692454737773204
375 3.9692454737773204
376 3.9692454737773204
377 3.9692454737773204
378 4.028539770346197
379 4.028539770346197
380 4.028539770346197
381 4.028539770346197
382 4.028539770346197
383 4.502594209821756
384 4.502594209821756
385 4.502594209821756
386 4.502594209821756
387 4.502594209821756
388 4.827126478416716
389 4.827126478416716
390 4.827126478416716
391 4.827126478416716
392 4.827126478416716
393 5.010706448588289
394 5.010706448588289
395 5.010706448588289
396 5.010706448588289
397 5.010706448588289
398 4.2696383219251555
399 4.2696383219251555
400 4.2696383219251555
401 4.2696383219251555
402 4.2696383219251555
403 3.2940410207759436
404 3.2940410207759436
405 3.2940410207759436
406 3.2940410207759436
407 3.2940410207759436
408 3.534309002653298
409 3.534309002653298
410 3.534309002653298
411 3.534309002653298
412 3.534309002653298
413 2.9451695475039728
414 2.9451695475039728
415 2.9451695475039728
416 2.9451695475039728
417 2.9451695475039728
418 4.315368908470989
419 4.315368908470989
420 4.315368908470989
421 4.315368908470989
422 4.315368908470989
423 3.6639972156351632
424 3.6639972156351632
425 3.6639972156351632
426 3.6639972156351632
427 3.6639972156351632
428 3.175054742764517
429 3.175054742764517
430 3.175054742764517
431 3.175054742764517
432 3.175054742764517
433 3.8756532410149953
434 3.8756532410149953
435 3.8756532410149953
436 3.8756532410149953
437 3.8756532410149953
438 3.024552090014448
439 3.024552090014448
440 3.024552090014448
441 3.024552090014448
442 3.024552090014448
443 3.425363426429803
444 3.425363426429803
445 3.425363426429803
446 3.425363426429803
447 3.425363426429803
448 4.4641722577223755
449 4.4641722577223755
450 4.4641722577223755
451 4.4641722577223755
452 4.4641722577223755
453 3.885414227493667
454 3.885414227493667
455 3.885414227493667
456 3.885414227493667
457 3.885414227493667
458 5.086708184501531
459 5.086708184501531
460 5.086708184501531
461 5.086708184501531
462 5.086708184501531
463 2.9987344467300145
464 2.9987344467300145
465 2.9987344467300145
466 2.9987344467300145
467 2.9987344467300145
468 4.085987258015146
469 4.085987258015146
470 4.085987258015146
471 4.085987258015146
472 4.085987258015146
473 3.5281165436703144
474 3.5281165436703144
475 3.5281165436703144
476 3.5281165436703144
477 3.5281165436703144
478 3.8230712297141474
479 3.8230712297141474
480 3.8230712297141474
481 3.8230712297141474
482 3.8230712297141474
483 3.7034952336876166
484 3.7034952336876166
485 1.9708245187863316
486 1.9708245187863316
487 1.1968665435898596
488 1.1968665435898596
489 1.1968665435898596
490 1.1968665435898596
491 1.1968665435898596
492 1.5651987295334164
493 1.5651987295334164
494 1.5651987295334164
495 1.5651987295334164
496 1.5651987295334164
497 1.4371008860600822
498 1.4371008860600822
499 1.4371008860600822
500 1.4371008860600822
501 1.4371008860600822
502 1.469772761994522
503 1.469772761994522
504 1.469772761994522
505 1.469772761994522
506 1.469772761994522
507 1.7711281421725802
508 1.7711281421725802
509 1.7711281421725802
510 1.7711281421725802
511 1.7711281421725802
512 1.7749022918544548
513 1.7749022918544548
514 1.7749022918544548
515 1.7749022918544548
516 1.7749022918544548
517 1.3727985032300765
518 1.3727985032300765
519 1.3727985032300765
520 1.3727985032300765
521 1.3727985032300765
522 1.3087244292866813
523 1.3087244292866813
524 1.3087244292866813
525 1.3087244292866813
526 1.3087244292866813
527 1.3942000782370747
528 1.3942000782370747
529 1.3942000782370747
530 1.3942000782370747
531 1.3942000782370747
532 1.8203768389463426
533 1.8203768389463426
534 1.8203768389463426
535 1.8203768389463426
536 1.8203768389463426
537 2.0183479119337853
538 2.0183479119337853
539 2.0183479119337853
540 2.0183479119337853
541 2.0183479119337853
542 1.6523707678416877
543 1.6523707678416877
544 1.6523707678416877
545 1.6523707678416877
546 1.6523707678416877
547 2.0099155324453446
548 2.0099155324453446
549 2.0099155324453446
550 2.0099155324453446
551 2.0099155324453446
552 1.9311483054887064
553 1.9311483054887064
554 1.9311483054887064
555 1.9311483054887064
556 1.9311483054887064
557 2.2710146614324724
558 2.2710146614324724
559 2.2710146614324724
560 2.2710146614324724
561 2.2710146614324724
562 1.8692192054719818
563 1.8692192054719818
564 1.8692192054719818
565 1.8692192054719818
566 1.8692192054719818
567 1.1261761558645251
568 1.1261761558645251
569 1.1261761558645251
570 1.1261761558645251
571 1.1261761558645251
572 1.710188569438137
573 1.710188569438137
574 1.710188569438137
575 1.710188569438137
576 1.710188569438137
577 1.4237645467143571
578 1.4237645467143571
579 1.4237645467143571
580 1.4237645467143571
581 1.4237645467143571
582 1.1759228828098645
583 1.1759228828098645
584 1.1759228828098645
585 1.1759228828098645
586 0.8920325293795975
587 0.8920325293795975
588 0.8920325293795975
589 0.8920325293795975
590 0.8920325293795975
591 1.3664368863320524
592 1.3664368863320524
593 1.3664368863320524
594 1.3664368863320524
595 1.3664368863320524
596 1.1097483743239023
597 1.1097483743239023
598 1.1097483743239023
599 1.1097483743239023
600 1.1097483743239023
601 1.1076754152117276
602 1.1076754152117276
603 1.1076754152117276
604 1.1076754152117276
605 1.1076754152117276
606 0.9904841975876193
607 0.9904841975876193
608 0.9904841975876193
609 0.9904841975876193
610 0.9904841975876193
611 0.8234113600431743
612 0.8234113600431743
613 0.8234113600431743
614 0.8234113600431743
615 0.8234113600431743
616 1.2506901588026857
617 1.2506901588026857
618 1.2506901588026857
619 1.2506901588026857
620 1.2506901588026857
621 1.2755416501394214
622 1.2755416501394214
623 1.2755416501394214
624 1.2755416501394214
625 1.2755416501394214
626 0.8495629561966969
627 0.8495629561966969
628 0.8495629561966969
629 0.8495629561966969
630 0.8495629561966969
631 1.1738259593667553
632 1.1738259593667553
633 1.1738259593667553
634 1.1738259593667553
635 1.1738259593667553
636 0.5587993497996097
637 0.5587993497996097
638 0.5587993497996097
639 0.5587993497996097
640 0.5587993497996097
641 1.1607365612863616
642 1.1607365612863616
643 1.1607365612863616
644 1.1607365612863616
645 1.1607365612863616
646 0.8975981433457288
647 0.8975981433457288
648 0.8975981433457288
649 0.8975981433457288
650 0.8975981433457288
651 0.8951651448397572
652 0.8951651448397572
653 0.8951651448397572
654 0.8951651448397572
655 0.8951651448397572
656 1.1584691152141147
657 1.1584691152141147
658 2.008431925390249
659 2.008431925390249
660 2.008431925390249
661 2.008431925390249
662 2.008431925390249
663 2.0689427512770973
664 2.0689427512770973
665 2.0689427512770973
666 2.0689427512770973
667 2.0689427512770973
668 3.564402099679736
669 3.564402099679736
670 3.564402099679736
671 3.564402099679736
672 3.564402099679736
673 2.764579038889331
674 2.764579038889331
675 2.764579038889331
676 2.764579038889331
677 2.764579038889331
678 2.6917530924556625
679 2.6917530924556625
680 2.6917530924556625
681 2.6917530924556625
682 2.6917530924556625
683 3.538203369798607
684 3.538203369798607
685 3.538203369798607
686 3.538203369798607
687 3.538203369798607
688 2.3434156574773857
689 2.3434156574773857
690 2.3434156574773857
691 2.3434156574773857
692 2.3434156574773857
693 2.7980411549069624
694 2.7980411549069624
695 2.7980411549069624
696 2.7980411549069624
697 2.7980411549069624
698 3.0799326000831706
699 3.0799326000831706
700 3.0799326000831706
701 3.0799326000831706
702 3.0799326000831706
703 3.6333785483984014
704 3.6333785483984014
705 3.6333785483984014
706 3.6333785483984014
707 3.6333785483984014
708 2.820548713226266
709 2.820548713226266
710 2.820548713226266
711 2.820548713226266
712 2.820548713226266
713 2.310704600822308
714 2.310704600822308
715 2.310704600822308
716 2.310704600822308
717 2.310704600822308
718 2.9252679137425015
719 2.9252679137425015
720 2.9252679137425015
721 2.9252679137425015
722 2.9252679137425015
723 3.0065714017078893
724 3.0065714017078893
725 0.822557342941996
726 0.822557342941996
727 0.822557342941996
728 0.822557342941996
729 0.822557342941996
730 0.6473461036953339
731 0.6473461036953339
732 0.6473461036953339
733 0.6473461036953339
734 0.6473461036953339
735 0.6122751530489117
736 0.6122751530489117
737 0.6122751530489117
738 0.6122751530489117
739 0.6122751530489117
740 0.5841711770226297
741 0.5841711770226297
742 0.5841711770226297
743 0.5841711770226297
744 0.5841711770226297
745 0.45288336958283437
746 0.45288336958283437
747 0.45288336958283437
748 0.45288336958283437
749 0.45288336958283437
750 0.5781700240430279
751 0.5781700240430279
752 0.5781700240430279
753 0.5781700240430279
754 0.5781700240430279
755 0.7604985029764832
756 0.7604985029764832
757 0.7604985029764832
758 0.7604985029764832
759 0.7604985029764832
760 0.6901193997374289
761 0.6901193997374289
762 0.6901193997374289
763 0.6901193997374289
764 0.6901193997374289
765 0.5506722199708707
766 0.5506722199708707
767 0.5506722199708707
768 0.5506722199708707
769 0.5506722199708707
770 0.4749811310442754
771 0.4749811310442754
772 0.4749811310442754
773 0.4749811310442754
774 0.4749811310442754
775 0.7160388776562493
776 0.7160388776562493
777 0.7160388776562493
778 0.7160388776562493
779 0.7160388776562493
780 0.6579055686308559
781 0.6579055686308559
782 0.6579055686308559
783 0.6579055686308559
784 0.6579055686308559
785 0.6617722031768871
786 2.2925786588445565
787 2.2925786588445565
788 2.2925786588445565
789 2.2925786588445565
790 2.2925786588445565
791 2.7744040313205134
792 2.7744040313205134
793 2.7744040313205134
794 2.7744040313205134
795 2.7744040313205134
796 3.3502749553161872
797 3.3502749553161872
798 3.3502749553161872
799 3.3502749553161872
800 3.3502749553161872
801 3.667327529478203
802 3.667327529478203
803 3.667327529478203
804 3.667327529478203
805 3.667327529478203
806 2.888568527693518
807 2.888568527693518
808 2.888568527693518
809 2.888568527693518
810 2.888568527693518
811 3.736136902995423
812 3.736136902995423
813 3.736136902995423
814 3.736136902995423
815 3.736136902995423
816 3.9064993612799994
817 2.0804188351764505
818 2.0804188351764505
819 2.0804188351764505
820 2.0804188351764505
821 2.0804188351764505
822 2.174525485715205
823 2.174525485715205
824 2.174525485715205
825 2.174525485715205
826 2.174525485715205
827 2.193200307410071
828 2.193200307410071
829 2.193200307410071
830 2.193200307410071
831 2.193200307410071
832 1.5479675864033848
833 1.5479675864033848
834 1.5479675864033848
835 1.5479675864033848
836 1.5479675864033848
837 1.7303021500718536
838 1.7303021500718536
839 1.7303021500718536
840 1.7303021500718536
841 1.7303021500718536
842 1.360549918408652
843 1.360549918408652
844 1.360549918408652
845 1.360549918408652
846 1.360549918408652
847 2.252361387672015
848 2.252361387672015
849 2.252361387672015
850 2.252361387672015
851 2.252361387672015
852 1.861573125442447
853 1.861573125442447
854 1.861573125442447
855 1.861573125442447
856 1.861573125442447
857 1.8899595520521628
858 1.8899595520521628
859 1.8899595520521628
860 1.8899595520521628
861 1.8899595520521628
862 2.4508744887682004
863 2.4508744887682004
864 2.4508744887682004
865 2.4508744887682004
866 2.4508744887682004
867 1.9356078607017957
868 1.9356078607017957
869 1.9356078607017957
870 1.9356078607017957
871 1.9356078607017957
872 2.2433823791361602
873 2.2433823791361602
874 2.2433823791361602
875 2.2433823791361602
876 2.2433823791361602
877 1.4220840009712874
878 1.4220840009712874
879 1.4220840009712874
880 1.4220840009712874
881 1.4220840009712874
882 2.6665364020268774
883 2.6665364020268774
884 2.6665364020268774
885 2.6665364020268774
886 2.6665364020268774
887 1.5271269737062647
888 1.5271269737062647
889 1.5271269737062647
890 1.5271269737062647
891 1.5271269737062647
892 2.2721956716493534
893 2.2721956716493534
894 2.2721956716493534
895 2.2721956716493534
896 2.2721956716493534
897 2.0035322473754666
898 2.0035322473754666
899 2.0035322473754666
900 2.0035322473754666
901 2.0035322473754666
902 1.6660933341991353
903 1.6660933341991353
904 1.6660933341991353
905 1.6660933341991353
906 1.6660933341991353
907 1.992966044849391
908 1.992966044849391
909 1.992966044849391
910 1.992966044849391
911 1.992966044849391
912 2.1491427996709436
913 2.1491427996709436
914 2.1491427996709436
915 2.1491427996709436
916 2.1491427996709436
917 1.5371008270376163
918 1.5371008270376163
919 1.5371008270376163
920 1.5371008270376163
921 1.5371008270376163
922 1.742550135037633
923 0.27293592709658765
924 0.27293592709658765
925 0.27293592709658765
926 0.27293592709658765
927 0.27293592709658765
928 0.1853855324531695
929 0.1853855324531695
930 0.1853855324531695
931 0.1853855324531695
932 0.1853855324531695
933 0.11476767538187628
934 0.11476767538187628
935 0.11476767538187628
936 0.11476767538187628
937 0.11476767538187628
938 0.17602886269317256
939 0.17602886269317256
940 0.17602886269317256
941 0.17602886269317256
942 0.17602886269317256
943 0.19435628494595236
944 0.19435628494595236
945 0.19435628494595236
946 0.19435628494595236
947 0.19435628494595236
948 0.1384167167396365
949 0.1384167167396365
950 0.1384167167396365
951 0.1384167167396365
952 0.1384167167396365
953 0.17892926924324246
954 0.17892926924324246
955 0.17892926924324246
956 0.17892926924324246
957 0.17892926924324246
958 0.20259486929348158
959 0.20259486929348158
960 0.20259486929348158
961 0.20259486929348158
962 0.20259486929348158
963 0.17359052537832514
964 0.17359052537832514
965 0.17359052537832514
966 0.17359052537832514
967 0.17359052537832514
968 0.1188499687912132
969 0.1188499687912132
970 0.1188499687912132
971 0.1188499687912132
972 0.1188499687912132
973 0.249893086679628
974 0.249893086679628
975 0.249893086679628
976 0.249893086679628
977 0.249893086679628
978 0.2730743483784312
979 0.2730743483784312
980 0.2730743483784312
981 0.2730743483784312
982 0.2730743483784312
983 0.19971087709706292
984 0.19971087709706292
985 0.19971087709706292
986 0.19971087709706292
987 0.19971087709706292
988 0.22582341098351244
989 0.22582341098351244
990 0.22582341098351244
991 0.22582341098351244
992 0.22582341098351244
993 0.20719925145134796
994 0.20719925145134796
995 0.20719925145134796
996 0.20719925145134796
997 0.20719925145134796
998 0.22838000029794098
999 0.22838000029794098
1000 0.22838000029794098
1001 0.22838000029794098
1002 0.22838000029794098
1003 0.20593052251131533
1004 0.20593052251131533
1005 0.20593052251131533
1006 0.20593052251131533
1007 0.20593052251131533
1008 0.2437005535134869
1009 0.2437005535134869
1010 0.2437005535134869
1011 0.2437005535134869
1012 0.2437005535134869
1013 0.20425241968802887
1014 0.20425241968802887
1015 0.20425241968802887
1016 0.20425241968802887
1017 0.20425241968802887
1018 0.1759591871978886
1019 0.1759591871978886
1020 0.1759591871978886
1021 0.1759591871978886
1022 0.1759591871978886
1023 0.23618600672907397
1024 0.23618600672907397
1025 0.23618600672907397
1026 0.23618600672907397
1027 0.23618600672907397
1028 0.1614828305898531
1029 0.1614828305898531
1030 0.1614828305898531
1031 0.1614828305898531
1032 0.1614828305898531
1033 0.14871882777225984
1034 0.14871882777225984
1035 0.14871882777225984
1036 0.14871882777225984
1037 0.14871882777225984
1038 0.19167848473415228
1039 0.19167848473415228
1040 0.19167848473415228
1041 0.19167848473415228
1042 0.19167848473415228
1043 0.22625306850587804
1044 0.22625306850587804
1045 0.22625306850587804
1046 0.22625306850587804
1047 0.22625306850587804
1048 0.17347027436293902
1049 0.17347027436293902
1050 0.17347027436293902
1051 0.17347027436293902
1052 0.17347027436293902
1053 0.16327278772401424
1054 0.16327278772401424
1055 0.16327278772401424
1056 0.16327278772401424
1057 0.16327278772401424
1058 0.1666931669012512
1059 0.1666931669012512
1060 0.1666931669012512
1061 0.1666931669012512
1062 0.1666931669012512
1063 0.5873804589973401
1064 0.5873804589973401
1065 0.5873804589973401
1066 0.5873804589973401
1067 0.5873804589973401
1068 0.7352057849207957
1069 0.7352057849207957
1070 0.7352057849207957
1071 0.7352057849207957
1072 0.7352057849207957
1073 0.7114389052821725
1074 0.7114389052821725
1075 0.7114389052821725
1076 0.7114389052821725
1077 0.7114389052821725
1078 0.47833470766170216
1079 0.47833470766170216
1080 0.47833470766170216
1081 0.47833470766170216
1082 0.47833470766170216
1083 0.6236751401962211
1084 0.6236751401962211
1085 0.6236751401962211
1086 0.6236751401962211
1087 0.6236751401962211
1088 0.5782164188625833
1089 0.5782164188625833
1090 0.5782164188625833
1091 0.5782164188625833
1092 0.5782164188625833
1093 0.686892439994734
1094 0.686892439994734
1095 0.686892439994734
1096 0.686892439994734
1097 0.686892439994734
1098 0.6011621443732408
1099 0.6011621443732408
1100 0.6011621443732408
1101 2.329546494818685
1102 2.329546494818685
1103 2.329546494818685
1104 2.329546494818685
1105 2.329546494818685
1106 2.3028470609354175
1107 2.3028470609354175
1108 2.3028470609354175
1109 2.3028470609354175
1110 2.3028470609354175
1111 3.323317413990258
1112 3.323317413990258
1113 3.323317413990258
1114 3.323317413990258
1115 3.323317413990258
1116 2.399248864218088
1117 2.399248864218088
1118 2.399248864218088
1119 2.399248864218088
1120 2.399248864218088
1121 2.5722063005075473
1122 2.5722063005075473
1123 2.5722063005075473
1124 2.5722063005075473
1125 2.5722063005075473
1126 2.929349590314504
1127 2.929349590314504
1128 2.929349590314504
1129 2.929349590314504
1130 2.929349590314504
1131 2.4232456687073767
1132 2.4232456687073767
1133 2.4232456687073767
1134 2.4232456687073767
1135 2.4232456687073767
1136 1.7234443863395024
1137 1.7234443863395024
1138 1.7234443863395024
1139 1.7234443863395024
1140 1.7234443863395024
1141 2.614729874072416
1142 2.614729874072416
1143 2.614729874072416
1144 2.614729874072416
1145 2.614729874072416
1146 2.3566224524553383
1147 2.3566224524553383
1148 2.3566224524553383
1149 2.3566224524553383
1150 2.3566224524553383
1151 2.6734151675736566
1152 2.6734151675736566
1153 2.6734151675736566
1154 2.6734151675736566
1155 2.6734151675736566
1156 2.6934409055498865
1157 2.6934409055498865
1158 2.6934409055498865
1159 2.6934409055498865
1160 2.6934409055498865
1161 2.177053386431944
1162 2.177053386431944
1163 2.177053386431944
1164 2.177053386431944
1165 2.177053386431944
1166 3.042363018175943
1167 3.042363018175943
1168 3.042363018175943
1169 3.042363018175943
1170 3.042363018175943
1171 1.8053486571312483
1172 1.8053486571312483
1173 1.8053486571312483
1174 1.8053486571312483
1175 1.8053486571312483
1176 2.0359964866959306
1177 2.0359964866959306
1178 2.0359964866959306
1179 2.0359964866959306
1180 2.0359964866959306
1181 2.394112713435848
1182 2.394112713435848
1183 2.394112713435848
1184 2.394112713435848
1185 2.394112713435848
1186 2.862506923268786
1187 2.862506923268786
1188 2.862506923268786
1189 2.862506923268786
1190 2.862506923268786
1191 1.9213935536035296
1192 1.9213935536035296
1193 1.9213935536035296
1194 1.9213935536035296
1195 1.9213935536035296
1196 2.3922281958829004
1197 2.3922281958829004
1198 2.3922281958829004
1199 2.3922281958829004
1200 2.3922281958829004
1201 2.1462698388446504
1202 1.8245573879902848
1203 1.8245573879902848
1204 1.8245573879902848
1205 1.8245573879902848
1206 1.8245573879902848
1207 1.2624844083872755
1208 1.2624844083872755
1209 1.2624844083872755
1210 1.2624844083872755
1211 1.2624844083872755
1212 1.4991866526449382
1213 1.4991866526449382
1214 1.4991866526449382
1215 1.4991866526449382
1216 1.4991866526449382
1217 1.71705279877752
1218 1.71705279877752
1219 1.71705279877752
1220 1.71705279877752
1221 1.71705279877752
1222 1.5256543740725579
1223 1.5256543740725579
1224 1.5256543740725579
1225 1.5256543740725579
1226 1.5256543740725579
1227 1.5272609653211797
1228 1.5272609653211797
1229 1.5272609653211797
1230 1.5272609653211797
1231 3.0202774810228883
1232 3.0202774810228883
1233 3.0202774810228883
1234 3.0202774810228883
1235 3.0202774810228883
1236 1.887527480989502
1237 1.887527480989502
1238 1.887527480989502
1239 1.887527480989502
1240 1.887527480989502
1241 3.3415394195098327
1242 3.3415394195098327
1243 3.3415394195098327
1244 3.3415394195098327
1245 3.3415394195098327
1246 3.1986358001314623
1247 3.1986358001314623
1248 3.1986358001314623
1249 3.1986358001314623
1250 3.1986358001314623
1251 2.7321023792974413
1252 2.7321023792974413
1253 2.7321023792974413
1254 2.7321023792974413
1255 2.7321023792974413
1256 2.814454440192665
1257 2.814454440192665
1258 2.814454440192665
1259 2.814454440192665
1260 2.814454440192665
1261 3.1763276287777034
1262 3.1763276287777034
1263 3.1763276287777034
1264 3.1763276287777034
1265 3.1763276287777034
1266 3.58506558738688
1267 3.58506558738688
1268 3.58506558738688
1269 3.58506558738688
1270 3.58506558738688
1271 1.1762070280872643
1272 1.1762070280872643
1273 1.1762070280872643
1274 1.1762070280872643
1275 1.1762070280872643
1276 1.1583177401510047
1277 1.1583177401510047
1278 1.1583177401510047
1279 1.1583177401510047
1280 1.1583177401510047
1281 1.233975853693879
1282 1.233975853693879
1283 1.233975853693879
1284 1.233975853693879
1285 1.233975853693879
1286 1.6371452708251357
1287 1.6371452708251357
1288 1.6371452708251357
1289 1.6371452708251357
1290 1.6371452708251357
1291 1.1744827331377359
1292 1.1744827331377359
1293 1.1744827331377359
1294 1.1744827331377359
1295 1.1744827331377359
1296 0.9504575674545359
1297 0.9504575674545359
1298 0.9504575674545359
1299 0.9504575674545359
1300 0.9504575674545359
1301 1.19850922993256
1302 1.19850922993256
1303 1.19850922993256
1304 1.19850922993256
1305 1.19850922993256
1306 0.7646606450558688
1307 0.7646606450558688
1308 0.7646606450558688
1309 0.7646606450558688
1310 0.7646606450558688
1311 1.404524505814496
1312 1.404524505814496
1313 1.404524505814496
1314 1.404524505814496
1315 1.404524505814496
1316 1.232541396722079
1317 1.232541396722079
1318 1.232541396722079
1319 1.232541396722079
1320 1.232541396722079
1321 1.111088161724423
1322 1.111088161724423
1323 1.111088161724423
1324 1.111088161724423
1325 1.111088161724423
1326 1.331577441550562
1327 1.331577441550562
1328 1.331577441550562
1329 1.331577441550562
1330 1.331577441550562
1331 1.0836526095900376
1332 1.0836526095900376
1333 1.0836526095900376
1334 1.0836526095900376
1335 1.0836526095900376
1336 1.081586867756129
1337 1.081586867756129
1338 1.081586867756129
1339 1.081586867756129
1340 1.081586867756129
1341 0.6238015830403614
1342 0.6238015830403614
1343 0.6238015830403614
1344 0.6238015830403614
1345 0.6238015830403614
1346 1.0919615222025025
1347 1.0919615222025025
1348 1.0919615222025025
1349 1.0919615222025025
1350 1.0919615222025025
1351 1.423243869933803
1352 1.423243869933803
1353 1.423243869933803
1354 1.423243869933803
1355 1.423243869933803
1356 0.9351475574193542
1357 0.9351475574193542
1358 0.9351475574193542
1359 0.9351475574193542
1360 0.9351475574193542
1361 1.2297842534079773
1362 1.2297842534079773
1363 1.2297842534079773
1364 1.2297842534079773
1365 1.2297842534079773
1366 0.9780262745446613
1367 0.9780262745446613
1368 0.9780262745446613
1369 0.9780262745446613
1370 0.9780262745446613
1371 1.582206703488531
1372 1.582206703488531
1373 1.582206703488531
1374 1.582206703488531
1375 1.582206703488531
1376 1.116126024935855
1377 1.116126024935855
1378 1.116126024935855
1379 1.116126024935855
1380 1.116126024935855
1381 1.1097047278519245
1382 1.1097047278519245
1383 1.1097047278519245
1384 1.1097047278519245
1385 1.1097047278519245
1386 1.2052533065180346
1387 1.2052533065180346
1388 1.2052533065180346
1389 1.2052533065180346
1390 1.2052533065180346
1391 1.0405328927024706
1392 1.0405328927024706
1393 1.0405328927024706
1394 1.0405328927024706
1395 1.0405328927024706
1396 1.306067175526379
1397 1.306067175526379
1398 1.306067175526379
1399 1.306067175526379
1400 1.306067175526379
1401 1.0010349686252005
1402 1.0010349686252005
1403 1.0010349686252005
1404 1.0010349686252005
1405 1.0010349686252005
1406 0.6969304720913216
1407 0.6969304720913216
1408 0.6969304720913216
1409 0.6969304720913216
1410 0.6969304720913216
1411 0.7526406991005445
1412 0.7526406991005445
1413 0.7526406991005445
1414 0.7526406991005445
1415 0.7526406991005445
1416 1.4391417589300537
1417 1.4391417589300537
1418 1.4391417589300537
1419 1.4391417589300537
1420 1.4391417589300537
1421 0.7124982985494995
1422 0.7124982985494995
1423 0.7124982985494995
1424 0.7124982985494995
1425 0.7124982985494995
1426 0.9945736512960472
1427 0.9945736512960472
1428 0.9945736512960472
1429 0.9945736512960472
1430 0.9945736512960472
1431 1.230885157408673
1432 1.230885157408673
1433 1.230885157408673
1434 1.230885157408673
1435 1.230885157408673
1436 1.1779433552989258
1437 1.1779433552989258
1438 1.1779433552989258
1439 1.1779433552989258
1440 1.1779433552989258
1441 1.172255269008502
1442 1.172255269008502
1443 1.172255269008502
1444 1.172255269008502
1445 1.172255269008502
1446 1.1497592009679376
1447 1.1497592009679376
1448 1.1497592009679376
1449 1.1497592009679376
1450 1.1497592009679376
1451 1.0080551401269817
1452 1.0080551401269817
1453 1.0080551401269817
1454 1.0080551401269817
1455 1.0080551401269817
1456 1.2487680286350444
1457 1.2487680286350444
1458 1.2487680286350444
1459 1.2487680286350444
1460 1.2487680286350444
1461 1.359600728031464
1462 1.359600728031464
1463 1.359600728031464
1464 1.359600728031464
1465 1.359600728031464
1466 0.8205885754148468
1467 0.8205885754148468
1468 0.8205885754148468
1469 0.8205885754148468
1470 0.8205885754148468
1471 0.6781341018570022
1472 0.6781341018570022
1473 0.6781341018570022
1474 0.6781341018570022
1475 0.6781341018570022
1476 1.0341202604174033
1477 1.0341202604174033
1478 1.0341202604174033
1479 1.0341202604174033
1480 1.0341202604174033
1481 1.0824580426457326
1482 1.0824580426457326
1483 1.0824580426457326
1484 1.0824580426457326
1485 1.0824580426457326
1486 1.1360867591235602
1487 1.1360867591235602
1488 1.1360867591235602
1489 1.1360867591235602
1490 1.1360867591235602
1491 1.1363697696311172
1492 1.1363697696311172
1493 1.1363697696311172
1494 1.1363697696311172
1495 1.1363697696311172
1496 0.8076474857348841
1497 0.8076474857348841
1498 0.8076474857348841
1499 0.8076474857348841
1500 0.8076474857348841
1501 1.4863399038436678
1502 1.4863399038436678
1503 1.4863399038436678
1504 1.4863399038436678
1505 1.4863399038436678
1506 1.6563059427828468
1507 1.6563059427828468
1508 1.6563059427828468
1509 1.6563059427828468
1510 1.6563059427828468
1511 1.2273626996978233
1512 1.2273626996978233
1513 1.2273626996978233
1514 1.2273626996978233
1515 1.2273626996978233
1516 1.400041908420301
1517 1.400041908420301
1518 1.400041908420301
1519 1.400041908420301
1520 1.400041908420301
1521 1.1160662772657544
1522 1.1160662772657544
1523 1.1160662772657544
1524 1.1160662772657544
1525 1.1160662772657544
1526 1.2334221426695742
1527 1.2334221426695742
1528 1.2334221426695742
1529 1.2334221426695742
1530 1.2334221426695742
1531 0.9353277392866103
1532 0.9353277392866103
1533 0.9353277392866103
1534 0.9353277392866103
1535 0.9353277392866103
1536 0.8466479540659206
1537 0.8466479540659206
1538 0.8466479540659206
1539 0.8466479540659206
1540 0.8466479540659206
1541 1.4616422020734259
1542 1.4616422020734259
1543 1.4616422020734259
1544 1.4616422020734259
1545 1.4616422020734259
1546 1.0664120302297135
1547 1.0664120302297135
1548 1.0664120302297135
1549 1.0664120302297135
1550 1.0664120302297135
1551 1.212914108202215
1552 1.212914108202215
1553 1.212914108202215
1554 1.212914108202215
1555 1.212914108202215
1556 1.0556320249862585
1557 1.0556320249862585
1558 1.0556320249862585
1559 1.0556320249862585
1560 1.0556320249862585
1561 1.2100512558122514
1562 1.2100512558122514
1563 1.2100512558122514
1564 1.2100512558122514
1565 1.2100512558122514
1566 1.3737789504188782
1567 1.3737789504188782
1568 1.3737789504188782
1569 1.3737789504188782
1570 1.3737789504188782
1571 1.0452534913160565
1572 1.0452534913160565
1573 1.0452534913160565
1574 1.0452534913160565
1575 1.0452534913160565
1576 0.9576999103632406
1577 0.9576999103632406
1578 0.9576999103632406
1579 0.9576999103632406
1580 0.9576999103632406
1581 1.1965465916406697
1582 1.1965465916406697
1583 1.1965465916406697
1584 1.1965465916406697
1585 1.1965465916406697
1586 1.3192922840038581
1587 1.3192922840038581
1588 1.3192922840038581
1589 1.3192922840038581
1590 1.3192922840038581
1591 1.6288077956341431
1592 1.6288077956341431
1593 1.6288077956341431
1594 1.6288077956341431
1595 1.6288077956341431
1596 1.284817136622156
1597 1.284817136622156
1598 2.8209906519436756
1599 2.8209906519436756
1600 2.8209906519436756
1601 2.8209906519436756
1602 2.8209906519436756
1603 2.4221972099654687
1604 2.4221972099654687
1605 2.4221972099654687
1606 2.4221972099654687
1607 2.4221972099654687
1608 3.0937451779147613
1609 3.0937451779147613
1610 3.0937451779147613
1611 3.0937451779147613
1612 3.0937451779147613
1613 1.8684685078862395
1614 1.8684685078862395
1615 1.8684685078862395
1616 1.8684685078862395
1617 1.8684685078862395
1618 2.7663168160378806
1619 2.7663168160378806
1620 2.7663168160378806
1621 2.7663168160378806
1622 2.7663168160378806
1623 2.8822058319086516
1624 2.8822058319086516
1625 2.8822058319086516
1626 2.8822058319086516
1627 2.8822058319086516
1628 1.968441479670629
1629 1.968441479670629
1630 1.968441479670629
1631 1.968441479670629
1632 1.968441479670629
1633 2.719988424258003
1634 2.719988424258003
1635 2.719988424258003
1636 2.719988424258003
1637 2.719988424258003
1638 3.087929560755882
1639 3.087929560755882
1640 3.087929560755882
1641 3.087929560755882
1642 3.087929560755882
1643 2.5493410649381008
1644 2.5493410649381008
1645 2.5493410649381008
1646 2.5493410649381008
1647 2.5493410649381008
1648 2.7003445148063157
1649 1.0375984283711097
1650 1.0375984283711097
1651 1.0375984283711097
1652 1.0375984283711097
1653 1.0375984283711097
1654 1.1537043940232574
1655 1.1537043940232574
1656 1.1537043940232574
1657 1.1537043940232574
1658 1.1537043940232574
1659 0.982470850550313
1660 0.982470850550313
1661 0.982470850550313
1662 0.982470850550313
1663 0.982470850550313
1664 1.2596224266562523
1665 1.2596224266562523
1666 1.2596224266562523
1667 1.2596224266562523
1668 1.2596224266562523
1669 1.309782958127346
1670 1.309782958127346
1671 1.309782958127346
1672 1.309782958127346
1673 1.309782958127346
1674 1.23301542247996
1675 1.23301542247996
1676 1.23301542247996
1677 1.23301542247996
1678 1.23301542247996
1679 0.8585024526511988
1680 0.8585024526511988
1681 0.8585024526511988
1682 0.8585024526511988
1683 0.8585024526511988
1684 0.9125729941871167
1685 0.9125729941871167
1686 0.9125729941871167
1687 0.9125729941871167
1688 0.9125729941871167
1689 0.9851067539225743
1690 0.9851067539225743
1691 0.9851067539225743
1692 0.9851067539225743
1693 0.9851067539225743
1694 1.2207898369793633
1695 1.2207898369793633
1696 1.2207898369793633
1697 1.2207898369793633
1698 1.2207898369793633
1699 0.9573011916386808
1700 0.9573011916386808
1701 0.9573011916386808
1702 0.9573011916386808
1703 0.9573011916386808
1704 0.7810622400503018
1705 0.7810622400503018
1706 0.7810622400503018
1707 0.7810622400503018
1708 0.7810622400503018
1709 1.0976482527037523
1710 1.0976482527037523
1711 1.0976482527037523
1712 1.0976482527037523
1713 1.0976482527037523
1714 1.1291300161582674
1715 1.1291300161582674
1716 1.1291300161582674
1717 1.1291300161582674
1718 1.1291300161582674
1719 1.4195119040292932
1720 1.4195119040292932
1721 1.4195119040292932
1722 1.4195119040292932
1723 1.4195119040292932
1724 1.1328542476327677
1725 1.1328542476327677
1726 1.1328542476327677
1727 1.1328542476327677
1728 1.1328542476327677
1729 0.980523213806708
1730 0.980523213806708
1731 0.980523213806708
1732 0.980523213806708
1733 0.980523213806708
1734 1.1004687869018384
1735 1.1004687869018384
1736 1.1004687869018384
1737 1.1004687869018384
1738 1.1004687869018384
1739 1.6060795784360433
1740 1.6060795784360433
1741 1.6060795784360433
1742 1.6060795784360433
1743 1.6060795784360433
1744 1.2561067259305556
1745 1.2561067259305556
1746 1.2561067259305556
1747 1.2561067259305556
1748 1.2561067259305556
1749 0.8011079828894003
1750 0.8011079828894003
1751 0.8011079828894003
1752 0.8011079828894003
1753 0.8011079828894003
1754 0.7173331845291984
1755 0.7173331845291984
1756 0.7173331845291984
1757 0.7173331845291984
1758 0.7173331845291984
1759 1.4182311603861908
1760 1.4182311603861908
1761 1.4182311603861908
1762 1.4182311603861908
1763 1.4182311603861908
1764 1.459133030123136
1765 1.459133030123136
1766 1.459133030123136
1767 1.459133030123136
1768 1.459133030123136
1769 1.375832987723651
1770 1.375832987723651
1771 1.375832987723651
1772 1.375832987723651
1773 1.375832987723651
1774 1.178908219559944
1775 1.178908219559944
1776 1.178908219559944
1777 1.178908219559944
1778 1.178908219559944
1779 1.3734700146855716
1780 1.3734700146855716
1781 1.3734700146855716
1782 1.3734700146855716
1783 1.3734700146855716
1784 0.6804968790783059
1785 0.6804968790783059
1786 0.6804968790783059
1787 0.6804968790783059
1788 0.6804968790783059
1789 0.8847291155063479
1790 0.8847291155063479
1791 0.8847291155063479
1792 0.8847291155063479
1793 0.8847291155063479
1794 1.1551682063972872
1795 1.1551682063972872
1796 1.1551682063972872
1797 1.1551682063972872
1798 1.1551682063972872
1799 1.4439510549543584
1800 1.4439510549543584
1801 1.4439510549543584
1802 1.4439510549543584
1803 1.4439510549543584
1804 0.9519722660666439
1805 0.9519722660666439
1806 0.9519722660666439
1807 0.9519722660666439
1808 0.9519722660666439
1809 0.9444335421971403
1810 0.9444335421971403
1811 0.9444335421971403
1812 0.9444335421971403
1813 0.9444335421971403
1814 0.7716726324682222
1815 0.7716726324682222
1816 0.7716726324682222
1817 0.7716726324682222
1818 0.7716726324682222
1819 1.1399778587710487
1820 1.1399778587710487
1821 1.1399778587710487
1822 1.1399778587710487
1823 1.1399778587710487
1824 1.1373572765074824
1825 1.1373572765074824
1826 1.1373572765074824
1827 1.1373572765074824
1828 1.1373572765074824
1829 1.0803956534536967
1830 1.0803956534536967
1831 1.0803956534536967
1832 1.0803956534536967
1833 1.0803956534536967
1834 1.1780574200941307
1835 1.1780574200941307
1836 1.1780574200941307
1837 1.1780574200941307
1838 1.1780574200941307
1839 1.2691504216727174
1840 1.2691504216727174
1841 1.2691504216727174
1842 1.2691504216727174
1843 1.2691504216727174
1844 0.838486418423861
1845 0.838486418423861
1846 0.838486418423861
1847 0.838486418423861
1848 0.838486418423861
1849 1.0304504846804137
1850 1.0304504846804137
1851 1.0304504846804137
1852 1.0304504846804137
1853 1.0304504846804137
1854 1.1733825684043615
1855 1.1733825684043615
1856 1.1733825684043615
1857 1.1733825684043615
1858 1.1733825684043615
1859 1.5507684259763868
1860 1.5507684259763868
1861 1.5507684259763868
1862 1.5507684259763868
1863 1.5507684259763868
1864 1.2722473880585328
1865 1.2722473880585328
1866 1.2722473880585328
1867 1.2722473880585328
1868 1.2722473880585328
1869 1.0793903045420574
1870 4.488246925597094
1871 4.488246925597094
1872 4.488246925597094
1873 4.488246925597094
1874 4.488246925597094
1875 1.744619770073297
1876 1.744619770073297
1877 1.744619770073297
1878 1.744619770073297
1879 1.744619770073297
1880 3.1922565459134034
1881 3.1922565459134034
1882 3.1922565459134034
1883 3.1922565459134034
1884 3.1922565459134034
1885 3.349484917105628
1886 3.349484917105628
1887 3.349484917105628
1888 3.349484917105628
1889 3.349484917105628
1890 2.767467232494681
1891 2.767467232494681
1892 2.767467232494681
1893 2.767467232494681
1894 2.767467232494681
1895 3.586241586376497
1896 3.586241586376497
1897 3.586241586376497
1898 3.586241586376497
1899 3.586241586376497
1900 2.8824065797467227
1901 2.8824065797467227
1902 2.8824065797467227
1903 2.8824065797467227
1904 2.8824065797467227
1905 1.7482969445630345
1906 1.7482969445630345
1907 1.7482969445630345
1908 1.7482969445630345
1909 1.7482969445630345
1910 2.2671128852825797
1911 2.2671128852825797
1912 2.2671128852825797
1913 2.2671128852825797
1914 2.2671128852825797
1915 3.680497377593909
1916 3.680497377593909
1917 3.680497377593909
1918 3.680497377593909
1919 3.680497377593909
1920 3.8188315035522247
1921 3.8188315035522247
1922 3.8188315035522247
1923 3.8188315035522247
1924 3.8188315035522247
1925 2.93277157464801
1926 2.93277157464801
1927 2.93277157464801
1928 2.93277157464801
1929 2.93277157464801
1930 2.2254739601902016
1931 2.2254739601902016
1932 2.2254739601902016
1933 2.2254739601902016
1934 2.2254739601902016
1935 3.1787231539084226
1936 3.1787231539084226
1937 3.1787231539084226
1938 3.1787231539084226
1939 3.1787231539084226
1940 2.8845026581792523
1941 2.8845026581792523
1942 2.8845026581792523
1943 2.8845026581792523
1944 2.8845026581792523
1945 2.890874592247096
1946 2.890874592247096
1947 2.890874592247096
1948 2.890874592247096
1949 2.890874592247096
1950 2.8725228221768333
1951 2.8725228221768333
1952 2.8725228221768333
1953 2.8725228221768333
1954 2.8725228221768333
1955 2.490769318181731
1956 2.490769318181731
1957 2.490769318181731
1958 2.490769318181731
1959 2.490769318181731
1960 2.8839703874902254
1961 2.8839703874902254
1962 2.8839703874902254
1963 2.8839703874902254
1964 2.8839703874902254
1965 2.751661173663331
1966 2.751661173663331
1967 2.751661173663331
1968 2.751661173663331
1969 2.751661173663331
1970 2.328707004070517
1971 2.328707004070517
1972 2.328707004070517
1973 2.328707004070517
1974 2.328707004070517
1975 2.2836873338159185
1976 2.2836873338159185
1977 2.2836873338159185
1978 2.2836873338159185
1979 2.2836873338159185
1980 2.9266931227748376
1981 2.9266931227748376
1982 2.9266931227748376
1983 2.9266931227748376
1984 2.9266931227748376
1985 2.451147126479253
1986 2.451147126479253
1987 2.451147126479253
1988 2.451147126479253
1989 2.451147126479253
1990 2.553643028229073
1991 2.553643028229073
1992 2.553643028229073
1993 2.553643028229073
1994 2.553643028229073
1995 3.6124343087252586
1996 3.6124343087252586
1997 3.6124343087252586
1998 3.6124343087252586
1999 3.6124343087252586
