0 3.2546207579978175
1 3.2546207579978175
2 3.2546207579978175
3 3.2546207579978175
4 2.8441152967224097
5 2.8441152967224097
6 2.0595286789195075
7 2.0595286789195075
8 2.0595286789195075
9 2.0595286789195075
10 2.009415335374014
11 2.009415335374014
12 2.009415335374014
13 2.009415335374014
14 2.765167894979001
15 2.765167894979001
16 2.765167894979001
17 2.765167894979001
18 2.9366876303940233
19 2.9366876303940233
20 2.9366876303940233
21 2.9366876303940233
22 1.6777629424289087
23 1.6777629424289087
24 1.6777629424289087
25 1.6777629424289087
26 1.2699558920558274
27 1.2699558920558274
28 1.2699558920558274
29 1.2699558920558274
30 1.210244992616488
31 1.210244992616488
32 1.210244992616488
33 1.210244992616488
34 1.731592089124875
35 1.731592089124875
36 1.731592089124875
37 1.731592089124875
38 4.205255050709676
39 4.205255050709676
40 4.205255050709676
41 4.205255050709676
42 4.395628891294535
43 4.395628891294535
44 4.395628891294535
45 4.395628891294535
46 1.6511797357408522
47 1.6511797357408522
48 1.6511797357408522
49 1.6511797357408522
50 1.5467788795515727
51 1.5467788795515727
52 1.5467788795515727
53 1.5467788795515727
54 1.5478957671916627
55 1.5478957671916627
56 1.5478957671916627
57 1.5478957671916627
58 1.6636215590795884
59 1.6636215590795884
60 1.6636215590795884
61 1.6636215590795884
62 2.711001012360202
63 2.711001012360202
64 2.711001012360202
65 2.711001012360202
66 3.556860488827673
67 3.556860488827673
68 3.556860488827673
69 3.556860488827673
70 2.8365102060961314
71 2.8365102060961314
72 2.8365102060961314
73 2.8365102060961314
74 1.5118500819475111
75 1.5118500819475111
76 1.5118500819475111
77 1.5118500819475111
78 2.432877154439301
79 2.432877154439301
80 2.432877154439301
81 2.432877154439301
82 3.6229374194967408
83 3.6229374194967408
84 3.6229374194967408
85 3.6229374194967408
86 2.1359983683614834
87 2.1359983683614834
88 2.1359983683614834
89 2.1359983683614834
90 3.577320821409105
91 3.577320821409105
92 3.577320821409105
93 3.577320821409105
94 3.2732909742943024
95 3.2732909742943024
96 3.2732909742943024
97 3.2732909742943024
98 2.515808332367628
99 2.515808332367628
100 2.515808332367628
101 2.515808332367628
102 2.773148836770272
103 2.773148836770272
104 2.773148836770272
105 2.773148836770272
106 2.4991283536588247
107 2.4991283536588247
108 2.4991283536588247
109 2.4991283536588247
110 1.5727089430680938
111 1.5727089430680938
112 5.576514489104673
113 5.576514489104673
114 5.576514489104673
115 5.576514489104673
116 4.317246125842821
117 4.317246125842821
118 4.317246125842821
119 4.317246125842821
120 6.4747279972881415
121 6.4747279972881415
122 6.4747279972881415
123 6.4747279972881415
124 2.966458655149071
125 2.966458655149071
126 2.966458655149071
127 2.966458655149071
128 4.4390185524904995
129 4.4390185524904995
130 0.7772007745013764
131 0.7772007745013764
132 0.7772007745013764
133 0.7772007745013764
134 1.4685222304573013
135 1.4685222304573013
136 1.4685222304573013
137 1.4685222304573013
138 0.3435311276043215
139 0.3435311276043215
140 0.3435311276043215
141 0.3435311276043215
142 1.1335199406598095
143 1.1335199406598095
144 1.1335199406598095
145 1.1335199406598095
146 0.27932862093394456
147 0.27932862093394456
148 0.27932862093394456
149 0.27932862093394456
150 0.7401184474524091
151 0.7401184474524091
152 0.7401184474524091
153 0.7401184474524091
154 0.6431091388642634
155 0.6431091388642634
156 0.6431091388642634
157 0.6431091388642634
158 0.5608824273306519
159 0.5608824273306519
160 0.5608824273306519
161 0.5608824273306519
162 0.7667557604826538
163 0.7667557604826538
164 0.7667557604826538
165 0.7667557604826538
166 0.21776374993316705
167 0.21776374993316705
168 0.21776374993316705
169 0.21776374993316705
170 2.9503155110621146
171 2.9503155110621146
172 2.9503155110621146
173 2.9503155110621146
174 1.5227113138814827
175 1.5227113138814827
176 1.5227113138814827
177 1.5227113138814827
178 2.8548053693785627
179 2.8548053693785627
180 2.8548053693785627
181 2.8548053693785627
182 2.716657297076343
183 2.716657297076343
184 2.716657297076343
185 2.716657297076343
186 1.4341651760850573
187 1.4341651760850573
188 1.4341651760850573
189 1.4341651760850573
190 2.8429992123730297
191 2.8429992123730297
192 2.8429992123730297
193 2.8429992123730297
194 0.4140741337187088
195 0.4140741337187088
196 0.4140741337187088
197 0.4140741337187088
198 3.6627801475774615
199 3.6627801475774615
200 3.6627801475774615
201 3.6627801475774615
202 1.498301762393757
203 1.498301762393757
204 1.498301762393757
205 1.6045664405421807
206 1.6045664405421807
207 1.6045664405421807
208 1.6045664405421807
209 2.2025231645600396
210 2.2025231645600396
211 2.2025231645600396
212 2.2025231645600396
213 6.541290610241586
214 6.541290610241586
215 6.541290610241586
216 6.541290610241586
217 2.734467261388491
218 2.734467261388491
219 2.734467261388491
220 0.8318976417812061
221 0.8318976417812061
222 0.8318976417812061
223 0.8318976417812061
224 0.8158228348493022
225 0.8158228348493022
226 0.8158228348493022
227 0.8158228348493022
228 0.8891932651664958
229 0.8891932651664958
230 0.8891932651664958
231 0.8891932651664958
232 0.6334206173412551
233 0.6334206173412551
234 0.6334206173412551
235 0.6334206173412551
236 0.6061913558680068
237 0.6061913558680068
238 0.6061913558680068
239 0.6061913558680068
240 0.6303987797851897
241 0.6303987797851897
242 0.6303987797851897
243 0.6303987797851897
244 0.8643242660548256
245 0.8643242660548256
246 0.8643242660548256
247 0.8643242660548256
248 0.5905686468543694
249 0.5905686468543694
250 0.5905686468543694
251 0.5905686468543694
252 0.935839484375981
253 0.935839484375981
254 0.935839484375981
255 0.935839484375981
256 0.5213660586444986
257 0.5213660586444986
258 0.5213660586444986
259 0.5213660586444986
260 0.8987866322758322
261 0.8987866322758322
262 0.8987866322758322
263 0.8987866322758322
264 0.44506006283349425
265 0.44506006283349425
266 0.44506006283349425
267 0.44506006283349425
268 0.48882425867112356
269 0.48882425867112356
270 0.48882425867112356
271 0.48882425867112356
272 0.1
273 0.1
274 0.1
275 0.1
276 0.7007218306385206
277 0.7007218306385206
278 0.7007218306385206
279 0.7007218306385206
280 0.5303154960789995
281 0.5303154960789995
282 0.5303154960789995
283 0.5303154960789995
284 0.1
285 0.1
286 0.1
287 0.1
288 0.1
289 0.1
290 1.6237512990513614
291 1.6237512990513614
292 1.6237512990513614
293 1.6237512990513614
294 1.3927804394224164
295 1.3927804394224164
296 1.3927804394224164
297 1.3927804394224164
298 2.9363627230256
299 2.9363627230256
300 2.9363627230256
301 2.9363627230256
302 1.0906171006265666
303 1.0906171006265666
304 1.0906171006265666
305 1.0906171006265666
306 1.3152715265563584
307 1.3152715265563584
308 1.3152715265563584
309 1.3152715265563584
310 2.4925049622569677
311 2.4925049622569677
312 2.4925049622569677
313 2.4925049622569677
314 4.205032373553134
315 4.205032373553134
316 4.205032373553134
317 4.205032373553134
318 1.7971812472680717
319 1.7971812472680717
320 1.7971812472680717
321 1.7971812472680717
322 2.16009010043525
323 2.16009010043525
324 2.16009010043525
325 2.16009010043525
326 2.611490525371619
327 2.611490525371619
328 2.611490525371619
329 2.611490525371619
330 0.22152004769997058
331 0.22152004769997058
332 0.22152004769997058
333 0.22152004769997058
334 3.335443843629178
335 3.335443843629178
336 3.335443843629178
337 3.335443843629178
338 0.8746753706990493
339 0.8746753706990493
340 0.8746753706990493
341 0.8746753706990493
342 1.1955656985107055
343 1.1955656985107055
344 1.1955656985107055
345 1.1955656985107055
346 2.4694555002042606
347 2.4694555002042606
348 2.4694555002042606
349 2.4694555002042606
350 2.0078865245804653
351 2.0078865245804653
352 2.0078865245804653
353 2.0078865245804653
354 1.4707519822969277
355 1.4707519822969277
356 1.4707519822969277
357 1.4707519822969277
358 1.877151842764764
359 1.877151842764764
360 1.877151842764764
361 1.877151842764764
362 2.657814372999629
363 2.657814372999629
364 2.657814372999629
365 2.657814372999629
366 1.4742854815559254
367 1.4742854815559254
368 1.4742854815559254
369 1.4742854815559254
370 2.027273684392464
371 2.027273684392464
372 2.027273684392464
373 2.027273684392464
374 4.863022618090589
375 4.863022618090589
376 4.863022618090589
377 4.863022618090589
378 2.108162382065046
379 2.108162382065046
380 2.108162382065046
381 2.108162382065046
382 3.0302482754193116
383 3.0302482754193116
384 3.0302482754193116
385 3.0302482754193116
386 3.134569044156777
387 3.134569044156777
388 3.134569044156777
389 3.134569044156777
390 3.0746685501120923
391 3.0746685501120923
392 3.0746685501120923
393 3.0746685501120923
394 2.3792841513437883
395 2.3792841513437883
396 2.3792841513437883
397 2.3792841513437883
398 0.2873605774183401
399 0.2873605774183401
400 0.2873605774183401
401 0.2873605774183401
402 2.730464884560952
403 2.730464884560952
404 2.730464884560952
405 2.730464884560952
406 1.6923658608728165
407 1.6923658608728165
408 1.6923658608728165
409 1.6923658608728165
410 0.7519451644548307
411 0.7519451644548307
412 0.7519451644548307
413 0.7519451644548307
414 2.7795648775864485
415 2.7795648775864485
416 2.7795648775864485
417 2.7795648775864485
418 0.3142665104679774
419 0.3142665104679774
420 0.3142665104679774
421 0.3142665104679774
422 2.014633040199324
423 2.014633040199324
424 2.014633040199324
425 2.014633040199324
426 0.2894065513268853
427 0.2894065513268853
428 0.2894065513268853
429 0.2894065513268853
430 2.4590664569604823
431 2.4590664569604823
432 2.4590664569604823
433 2.4590664569604823
434 1.9000264294475355
435 1.9000264294475355
436 1.9000264294475355
437 1.9000264294475355
438 3.7548175714601832
439 3.7548175714601832
440 3.7548175714601832
441 3.7548175714601832
442 2.183484657215923
443 2.183484657215923
444 2.183484657215923
445 2.183484657215923
446 0.1
447 0.1
448 0.1
449 0.1
450 1.4341942217598387
451 1.4341942217598387
452 1.4341942217598387
453 1.4341942217598387
454 2.3124869959657204
455 2.3124869959657204
456 2.3124869959657204
457 2.3124869959657204
458 0.9080349161742485
459 0.9080349161742485
460 0.9080349161742485
461 0.9080349161742485
462 2.4945812799887657
463 2.4945812799887657
464 2.4945812799887657
465 2.4945812799887657
466 1.0195662258680616
467 1.0195662258680616
468 1.0195662258680616
469 1.0195662258680616
470 3.4554398413336864
471 3.4554398413336864
472 3.4554398413336864
473 3.4554398413336864
474 2.078267910164258
475 2.078267910164258
476 2.078267910164258
477 2.078267910164258
478 2.5863874900693986
479 2.5863874900693986
480 2.5863874900693986
481 2.5863874900693986
482 1.9153517871443837
483 1.9153517871443837
484 1.9153517871443837
485 1.9153517871443837
486 2.8853774632499727
487 2.8853774632499727
488 2.8853774632499727
489 2.8853774632499727
490 0.1
491 0.1
492 0.1
493 0.1
494 1.3857088672492992
495 1.3857088672492992
496 1.3857088672492992
497 1.3857088672492992
498 0.8972900849667684
499 0.8972900849667684
500 0.8972900849667684
501 0.8972900849667684
502 1.77471660407927
503 1.77471660407927
504 1.77471660407927
505 1.77471660407927
506 2.002242045487298
507 2.002242045487298
508 2.002242045487298
509 2.002242045487298
510 2.661282340735009
511 2.661282340735009
512 2.661282340735009
513 2.661282340735009
514 1.4467800671876208
515 1.4467800671876208
516 1.4467800671876208
517 1.4467800671876208
518 2.037588243742784
519 2.037588243742784
520 2.037588243742784
521 2.037588243742784
522 2.1451991860834596
523 2.1451991860834596
524 2.1451991860834596
525 2.1451991860834596
526 2.1053561689002116
527 2.1053561689002116
528 2.1053561689002116
529 2.1053561689002116
530 2.4653976938181716
531 2.4653976938181716
532 2.4653976938181716
533 2.4653976938181716
534 2.53231913838071
535 2.53231913838071
536 2.53231913838071
537 2.53231913838071
538 3.1138540437681703
539 3.1138540437681703
540 3.1138540437681703
541 3.1138540437681703
542 1.301336130389073
543 1.301336130389073
544 1.301336130389073
545 1.301336130389073
546 0.6683904984341229
547 0.6683904984341229
548 0.6683904984341229
549 0.6683904984341229
550 0.8668968323548087
551 0.8668968323548087
552 0.8668968323548087
553 0.8668968323548087
554 2.155782792705849
555 2.155782792705849
556 2.155782792705849
557 2.155782792705849
558 1.6789574011778285
559 1.6789574011778285
560 1.6789574011778285
561 1.6789574011778285
562 2.664309816920214
563 2.664309816920214
564 2.664309816920214
565 2.664309816920214
566 2.4496841767876107
567 2.4496841767876107
568 2.4496841767876107
569 2.4496841767876107
570 3.721474454364107
571 3.721474454364107
572 3.721474454364107
573 3.721474454364107
574 2.2598825833988263
575 2.2598825833988263
576 2.2598825833988263
577 2.2598825833988263
578 1.412741999278285
579 1.412741999278285
580 1.412741999278285
581 1.412741999278285
582 1.5227422137148061
583 1.5227422137148061
584 1.5227422137148061
585 1.5227422137148061
586 2.8594868182823565
587 2.8594868182823565
588 2.8594868182823565
589 2.8594868182823565
590 1.0390293295023905
591 1.0390293295023905
592 1.0390293295023905
593 1.0390293295023905
594 2.8971948803489744
595 2.8971948803489744
596 2.8971948803489744
597 2.8971948803489744
598 1.148334750910559
599 1.148334750910559
600 1.148334750910559
601 1.148334750910559
602 2.711683421372942
603 2.711683421372942
604 2.711683421372942
605 2.711683421372942
606 2.13563546789157
607 2.13563546789157
608 2.13563546789157
609 2.13563546789157
610 2.815021947600531
611 2.815021947600531
612 2.815021947600531
613 2.815021947600531
614 1.2300967965478717
615 1.2300967965478717
616 1.2300967965478717
617 1.2300967965478717
618 3.043696807297051
619 3.043696807297051
620 3.043696807297051
621 3.043696807297051
622 3.2221486584902688
623 3.2221486584902688
624 3.2221486584902688
625 3.2221486584902688
626 1.8634876823926292
627 1.8634876823926292
628 1.8634876823926292
629 1.8634876823926292
630 0.6902198421254504
631 0.6902198421254504
632 0.6902198421254504
633 0.2777190248491552
634 0.2777190248491552
635 0.2777190248491552
636 0.2777190248491552
637 1.846986258604219
638 1.846986258604219
639 1.846986258604219
640 1.846986258604219
641 1.18225323890241
642 1.18225323890241
643 1.18225323890241
644 1.18225323890241
645 1.1793015528295145
646 1.1793015528295145
647 1.1793015528295145
648 1.1793015528295145
649 1.536426169368427
650 1.536426169368427
651 1.536426169368427
652 1.536426169368427
653 2.631545017770829
654 2.631545017770829
655 2.631545017770829
656 2.631545017770829
657 0.4455229609286331
658 0.4455229609286331
659 0.4455229609286331
660 0.4455229609286331
661 0.7135614797686473
662 0.7135614797686473
663 0.7135614797686473
664 0.7135614797686473
665 2.247520648219824
666 2.247520648219824
667 2.247520648219824
668 2.247520648219824
669 0.8337972033020786
670 0.8337972033020786
671 0.8337972033020786
672 0.8337972033020786
673 1.413824827113319
674 1.413824827113319
675 1.413824827113319
676 1.413824827113319
677 2.0066531268479237
678 2.0066531268479237
679 2.0066531268479237
680 2.0066531268479237
681 2.9233893042723116
682 2.9233893042723116
683 2.9233893042723116
684 2.9233893042723116
685 1.9981776186973423
686 1.9981776186973423
687 1.9981776186973423
688 1.9981776186973423
689 1.0162352195029452
690 1.0162352195029452
691 1.0162352195029452
692 1.0162352195029452
693 0.34728733244358456
694 0.34728733244358456
695 0.34728733244358456
696 0.34728733244358456
697 1.1588093503976755
698 1.1588093503976755
699 1.1588093503976755
700 1.1588093503976755
701 1.8356870270958607
702 1.8356870270958607
703 1.8356870270958607
704 1.8356870270958607
705 1.2453976381883267
706 1.2453976381883267
707 1.2453976381883267
708 1.2453976381883267
709 0.8724997704642322
710 0.8724997704642322
711 0.8724997704642322
712 0.8724997704642322
713 1.4539407979296581
714 1.4539407979296581
715 1.4539407979296581
716 1.4539407979296581
717 2.4991648594394067
718 2.4991648594394067
719 2.4991648594394067
720 2.4991648594394067
721 2.068171396201092
722 2.068171396201092
723 2.068171396201092
724 2.068171396201092
725 0.17217554046990413
726 0.17217554046990413
727 0.17217554046990413
728 0.17217554046990413
729 2.106987747698118
730 2.106987747698118
731 2.106987747698118
732 2.106987747698118
733 1.7913583003748825
734 1.7913583003748825
735 1.7913583003748825
736 1.7913583003748825
737 2.8136045850276306
738 2.8136045850276306
739 2.8136045850276306
740 2.8136045850276306
741 1.657970184218885
742 1.657970184218885
743 1.657970184218885
744 1.657970184218885
745 2.2458201378799534
746 2.2458201378799534
747 2.2458201378799534
748 2.2458201378799534
749 1.9442270578398617
750 1.9442270578398617
751 1.9442270578398617
752 1.9442270578398617
753 1.7813610024948492
754 1.7813610024948492
755 1.7813610024948492
756 1.7813610024948492
757 1.624254592352467
758 1.624254592352467
759 1.624254592352467
760 1.624254592352467
761 1.8079843752438611
762 1.8079843752438611
763 1.8079843752438611
764 1.8079843752438611
765 2.8118989269750507
766 2.8118989269750507
767 2.8118989269750507
768 2.8118989269750507
769 1.2972555518999767
770 1.2972555518999767
771 1.2972555518999767
772 1.2972555518999767
773 1.887960569302516
774 1.887960569302516
775 1.887960569302516
776 1.887960569302516
777 1.4884533344750663
778 1.4884533344750663
779 1.4884533344750663
780 1.4884533344750663
781 0.4397075605459584
782 0.4397075605459584
783 0.4397075605459584
784 0.4397075605459584
785 0.7273843428440995
786 0.7273843428440995
787 0.7273843428440995
788 0.7273843428440995
789 1.9382114406979603
790 1.9382114406979603
791 1.9382114406979603
792 1.9382114406979603
793 3.3319650953750126
794 3.3319650953750126
795 3.3319650953750126
796 3.3319650953750126
797 2.7347955286240455
798 2.7347955286240455
799 2.7347955286240455
800 2.7347955286240455
801 3.972799027539114
802 3.972799027539114
803 3.972799027539114
804 3.972799027539114
805 1.530674888757995
806 1.530674888757995
807 1.530674888757995
808 1.530674888757995
809 0.1
810 0.1
811 1.300812847833042
812 1.300812847833042
813 1.300812847833042
814 1.300812847833042
815 0.8586006292540852
816 0.8586006292540852
817 0.8586006292540852
818 0.8586006292540852
819 0.6046753288537452
820 0.6046753288537452
821 0.6046753288537452
822 0.6046753288537452
823 0.4362908724887715
824 0.4362908724887715
825 0.4362908724887715
826 0.4362908724887715
827 0.8318747849819594
828 0.8318747849819594
829 0.8318747849819594
830 0.8318747849819594
831 0.481968667239429
832 0.481968667239429
833 0.481968667239429
834 0.481968667239429
835 0.7159943432718969
836 0.7159943432718969
837 0.7159943432718969
838 0.7159943432718969
839 1.0467493923117137
840 1.0467493923117137
841 1.0467493923117137
842 1.0467493923117137
843 1.2528219175842334
844 1.2528219175842334
845 1.2528219175842334
846 1.2528219175842334
847 0.1
848 0.1
849 0.1
850 0.1
851 1.0338504881602708
852 1.0338504881602708
853 1.0338504881602708
854 1.0338504881602708
855 0.8198541671254678
856 0.8198541671254678
857 0.8198541671254678
858 0.8198541671254678
859 0.25486933664762296
860 0.25486933664762296
861 0.25486933664762296
862 0.25486933664762296
863 0.6469474188793147
864 0.6469474188793147
865 0.6469474188793147
866 0.6469474188793147
867 0.8944797094332112
868 0.8944797094332112
869 0.8944797094332112
870 0.8944797094332112
871 0.8836745848059716
872 0.8836745848059716
873 0.8836745848059716
874 0.8836745848059716
875 0.6246011620077511
876 0.6246011620077511
877 0.6246011620077511
878 0.6246011620077511
879 1.4964859069057401
880 1.4964859069057401
881 1.4964859069057401
882 1.4964859069057401
883 0.41959433109134386
884 0.41959433109134386
885 0.41959433109134386
886 0.41959433109134386
887 0.8218684604736453
888 0.8218684604736453
889 0.8218684604736453
890 0.8218684604736453
891 0.5146578138652966
892 0.5146578138652966
893 0.5146578138652966
894 0.5146578138652966
895 0.4478387422155334
896 0.4478387422155334
897 0.4478387422155334
898 0.4478387422155334
899 0.2548286190443953
900 0.2548286190443953
901 0.2548286190443953
902 0.2548286190443953
903 0.4952796791525568
904 0.4952796791525568
905 0.4952796791525568
906 0.4952796791525568
907 0.816874337467596
908 0.816874337467596
909 0.816874337467596
910 0.816874337467596
911 0.7813240009180219
912 0.7813240009180219
913 0.7813240009180219
914 0.7813240009180219
915 0.6051398322953812
916 0.6051398322953812
917 0.6051398322953812
918 0.6051398322953812
919 0.10566815226178927
920 0.10566815226178927
921 0.10566815226178927
922 0.10566815226178927
923 0.9493719003995942
924 0.9493719003995942
925 0.9493719003995942
926 0.9493719003995942
927 0.5049709217729663
928 0.5049709217729663
929 0.5049709217729663
930 0.5049709217729663
931 0.938780775413691
932 0.938780775413691
933 0.938780775413691
934 3.149780891302883
935 3.149780891302883
936 3.149780891302883
937 3.149780891302883
938 0.8253912521818711
939 0.8253912521818711
940 0.8253912521818711
941 0.8253912521818711
942 2.395854842319579
943 2.395854842319579
944 2.395854842319579
945 2.395854842319579
946 1.973832650506033
947 1.973832650506033
948 1.973832650506033
949 1.973832650506033
950 1.9979688002670375
951 1.9979688002670375
952 1.9979688002670375
953 1.9979688002670375
954 0.7022492225930894
955 0.7022492225930894
956 0.7022492225930894
957 0.7022492225930894
958 0.2993822112428075
959 0.2993822112428075
960 0.2993822112428075
961 0.2993822112428075
962 2.7081696810195104
963 2.7081696810195104
964 2.7081696810195104
965 2.7081696810195104
966 3.3983791919664705
967 3.3983791919664705
968 3.3983791919664705
969 3.3983791919664705
970 1.1960378991733553
971 1.1960378991733553
972 1.1960378991733553
973 1.1960378991733553
974 3.4398599905524483
975 3.4398599905524483
976 3.4398599905524483
977 3.4398599905524483
978 1.5062694985392002
979 1.5062694985392002
980 1.5062694985392002
981 1.5062694985392002
982 1.1657935731594602
983 1.1657935731594602
984 1.1657935731594602
985 1.1657935731594602
986 2.060789307856063
987 2.060789307856063
988 2.060789307856063
989 2.060789307856063
990 1.015329562747592
991 1.015329562747592
992 1.015329562747592
993 1.015329562747592
994 1.1016431536111981
995 1.1016431536111981
996 1.1016431536111981
997 1.1016431536111981
998 0.8095001128914143
999 0.8095001128914143
1000 0.8095001128914143
1001 0.8095001128914143
1002 3.168034696999775
1003 3.168034696999775
1004 3.168034696999775
1005 3.168034696999775
1006 2.1093039074854647
1007 2.1093039074854647
1008 2.1093039074854647
1009 2.1093039074854647
1010 0.7136426754373639
1011 0.7136426754373639
1012 0.7136426754373639
1013 0.7136426754373639
1014 0.1
1015 0.1
1016 0.1
1017 0.1
1018 3.306131574673981
1019 3.306131574673981
1020 3.306131574673981
1021 3.306131574673981
1022 2.4988756906619596
1023 2.4988756906619596
1024 2.4988756906619596
1025 2.4988756906619596
1026 2.3449486369244426
1027 2.3449486369244426
1028 2.3449486369244426
1029 2.3449486369244426
1030 2.611045493497998
1031 2.611045493497998
1032 2.611045493497998
1033 2.611045493497998
1034 1.5786217998600809
1035 1.5786217998600809
1036 1.5786217998600809
1037 1.5786217998600809
1038 1.936894408514195
1039 1.936894408514195
1040 1.936894408514195
1041 1.936894408514195
1042 3.2627411583337875
1043 3.2627411583337875
1044 3.2627411583337875
1045 3.2627411583337875
1046 2.1602712466605296
1047 2.1602712466605296
1048 2.1602712466605296
1049 2.1602712466605296
1050 1.8971155044093404
1051 1.8971155044093404
1052 1.8971155044093404
1053 1.8971155044093404
1054 3.214385671119698
1055 3.214385671119698
1056 3.214385671119698
1057 3.214385671119698
1058 2.0120124512577124
1059 2.0120124512577124
1060 2.0120124512577124
1061 2.0120124512577124
1062 3.001695898331482
1063 3.001695898331482
1064 3.001695898331482
1065 3.001695898331482
1066 1.9875829368064961
1067 1.9875829368064961
1068 1.9875829368064961
1069 1.9875829368064961
1070 2.6800389876714483
1071 2.6800389876714483
1072 2.6800389876714483
1073 2.6800389876714483
1074 1.4661386392796925
1075 1.4661386392796925
1076 1.4661386392796925
1077 1.4661386392796925
1078 0.8221609797462199
1079 0.8221609797462199
1080 0.8221609797462199
1081 0.8221609797462199
1082 0.1
1083 0.1
1084 0.1
1085 0.1
1086 0.8159137246167318
1087 0.8159137246167318
1088 0.8159137246167318
1089 0.8159137246167318
1090 1.1364059770130837
1091 1.1364059770130837
1092 1.1364059770130837
1093 1.1364059770130837
1094 2.637326516459472
1095 2.637326516459472
1096 2.637326516459472
1097 2.637326516459472
1098 2.8564876072558363
1099 2.8564876072558363
1100 2.8564876072558363
1101 2.8564876072558363
1102 1.9616434780726772
1103 1.9616434780726772
1104 1.9616434780726772
1105 1.9616434780726772
1106 1.3725909236507088
1107 1.3725909236507088
1108 1.3725909236507088
1109 1.3725909236507088
1110 0.8520285073614655
1111 0.8520285073614655
1112 0.8520285073614655
1113 0.8520285073614655
1114 2.0906953580934178
1115 2.0906953580934178
1116 2.0906953580934178
1117 2.0906953580934178
1118 1.8392028244846605
1119 1.8392028244846605
1120 1.8392028244846605
1121 1.8392028244846605
1122 0.7110048677905545
1123 0.7110048677905545
1124 0.7110048677905545
1125 0.7110048677905545
1126 1.2972819322841012
1127 1.2972819322841012
1128 1.2972819322841012
1129 1.2972819322841012
1130 1.8240622764222054
1131 1.8240622764222054
1132 1.8240622764222054
1133 1.8240622764222054
1134 2.4064649821571917
1135 2.4064649821571917
1136 2.4064649821571917
1137 2.4064649821571917
1138 4.062500041803016
1139 4.062500041803016
1140 4.062500041803016
1141 4.062500041803016
1142 2.0246880014370605
1143 2.0246880014370605
1144 2.0246880014370605
1145 2.0246880014370605
1146 1.6151532917860756
1147 1.6151532917860756
1148 1.6151532917860756
1149 1.6151532917860756
1150 2.2086041853602714
1151 2.2086041853602714
1152 2.2086041853602714
1153 2.2086041853602714
1154 1.725238112735501
1155 1.725238112735501
1156 1.725238112735501
1157 1.725238112735501
1158 3.2458781135385504
1159 3.2458781135385504
1160 3.2458781135385504
1161 3.2458781135385504
1162 1.5615349408775432
1163 1.5615349408775432
1164 1.5615349408775432
1165 1.5615349408775432
1166 2.8204003009549963
1167 2.8204003009549963
1168 2.8204003009549963
1169 2.8204003009549963
1170 2.2505030193970454
1171 2.2505030193970454
1172 2.2505030193970454
1173 2.2505030193970454
1174 2.658155539821452
1175 2.658155539821452
1176 2.658155539821452
1177 2.658155539821452
1178 2.945803308385043
1179 2.945803308385043
1180 2.945803308385043
1181 2.945803308385043
1182 1.1826733726350456
1183 1.1826733726350456
1184 1.1826733726350456
1185 1.1826733726350456
1186 2.204438437643972
1187 2.204438437643972
1188 2.204438437643972
1189 2.204438437643972
1190 4.061902281979787
1191 4.061902281979787
1192 4.061902281979787
1193 4.061902281979787
1194 1.5153723909265728
1195 1.5153723909265728
1196 1.5153723909265728
1197 1.5153723909265728
1198 2.8514817589488164
1199 2.8514817589488164
1200 2.8514817589488164
1201 2.8514817589488164
1202 1.2404200486182426
1203 1.2404200486182426
1204 1.2404200486182426
1205 1.2404200486182426
1206 0.5100664707123119
1207 0.5100664707123119
1208 0.5100664707123119
1209 0.5100664707123119
1210 0.3537596789111763
1211 0.3537596789111763
1212 0.3537596789111763
1213 0.3537596789111763
1214 0.9679715431783706
1215 0.9679715431783706
1216 0.9679715431783706
1217 0.9679715431783706
1218 2.4546610997502665
1219 2.4546610997502665
1220 2.4546610997502665
1221 2.4546610997502665
1222 2.8181076155888327
1223 2.8181076155888327
1224 2.8181076155888327
1225 2.8181076155888327
1226 2.602985592584829
1227 2.602985592584829
1228 2.602985592584829
1229 2.602985592584829
1230 2.035970697794764
1231 2.035970697794764
1232 2.035970697794764
1233 2.035970697794764
1234 2.2841063305073077
1235 2.2841063305073077
1236 2.2841063305073077
1237 2.2841063305073077
1238 3.1044309896580655
1239 3.1044309896580655
1240 3.1044309896580655
1241 3.1044309896580655
1242 2.076818588622042
1243 2.076818588622042
1244 2.076818588622042
1245 2.076818588622042
1246 1.8722047976623823
1247 1.8722047976623823
1248 1.8722047976623823
1249 1.8722047976623823
1250 3.0810388316643795
1251 3.0810388316643795
1252 3.0810388316643795
1253 3.0810388316643795
1254 3.0730239210108605
1255 3.0730239210108605
1256 3.0730239210108605
1257 3.0730239210108605
1258 1.2548434662879777
1259 1.2548434662879777
1260 1.2548434662879777
1261 1.2548434662879777
1262 1.6072905989899064
1263 1.6072905989899064
1264 1.6072905989899064
1265 1.6072905989899064
1266 0.1
1267 0.1
1268 0.1
1269 0.1
1270 1.2042255902545216
1271 1.2042255902545216
1272 1.2042255902545216
1273 1.2042255902545216
1274 0.8082161395094123
1275 0.8082161395094123
1276 0.8082161395094123
1277 0.8082161395094123
1278 1.0807737031261118
1279 1.0807737031261118
1280 1.0807737031261118
1281 1.0807737031261118
1282 1.5279623862708058
1283 1.5279623862708058
1284 1.5279623862708058
1285 1.5279623862708058
1286 0.8133433467260178
1287 0.8133433467260178
1288 0.8133433467260178
1289 0.8133433467260178
1290 1.6572115727575611
1291 1.6572115727575611
1292 1.6572115727575611
1293 1.6572115727575611
1294 1.0031587633758463
1295 1.0031587633758463
1296 1.0031587633758463
1297 1.0031587633758463
1298 2.0744780356905466
1299 2.0744780356905466
1300 2.0744780356905466
1301 2.0744780356905466
1302 0.20065019321834932
1303 0.20065019321834932
1304 0.20065019321834932
1305 0.20065019321834932
1306 2.356346536041247
1307 2.356346536041247
1308 2.356346536041247
1309 2.356346536041247
1310 3.5905093293440995
1311 3.5905093293440995
1312 3.5905093293440995
1313 3.5905093293440995
1314 2.5047266352456177
1315 2.5047266352456177
1316 2.5047266352456177
1317 2.5047266352456177
1318 2.8148497386722346
1319 2.8148497386722346
1320 2.8148497386722346
1321 2.8148497386722346
1322 1.9372366271899295
1323 1.9372366271899295
1324 1.9372366271899295
1325 1.9372366271899295
1326 2.5650574374373845
1327 2.5650574374373845
1328 2.5650574374373845
1329 2.5650574374373845
1330 3.0764196362282803
1331 3.0764196362282803
1332 3.0764196362282803
1333 3.0764196362282803
1334 1.434497174628685
1335 1.434497174628685
1336 1.434497174628685
1337 1.434497174628685
1338 0.9842336517196395
1339 0.9842336517196395
1340 0.9842336517196395
1341 0.9842336517196395
1342 1.3585783525508215
1343 1.3585783525508215
1344 1.3585783525508215
1345 1.3585783525508215
1346 1.68130259761534
1347 1.68130259761534
1348 1.68130259761534
1349 1.68130259761534
1350 1.3745933696515875
1351 1.3745933696515875
1352 1.3745933696515875
1353 1.3745933696515875
1354 2.1179099772116428
1355 2.1179099772116428
1356 1.29943719860713
1357 1.29943719860713
1358 1.29943719860713
1359 1.29943719860713
1360 2.6390988987854
1361 2.6390988987854
1362 2.6390988987854
1363 2.6390988987854
1364 2.6176883450038373
1365 2.6176883450038373
1366 2.6176883450038373
1367 2.6176883450038373
1368 1.6855254523516545
1369 1.6855254523516545
1370 1.6855254523516545
1371 1.6855254523516545
1372 1.578739516903831
1373 1.578739516903831
1374 1.578739516903831
1375 1.578739516903831
1376 0.19714920235001485
1377 0.19714920235001485
1378 0.19714920235001485
1379 0.19714920235001485
1380 0.36956725406900437
1381 0.36956725406900437
1382 0.36956725406900437
1383 0.36956725406900437
1384 0.14103678474579492
1385 0.14103678474579492
1386 0.14103678474579492
1387 0.14103678474579492
1388 0.1
1389 0.1
1390 0.1
1391 0.1
1392 0.1
1393 0.1
1394 0.1
1395 0.1
1396 0.1269178513937952
1397 0.1269178513937952
1398 0.1269178513937952
1399 0.1269178513937952
1400 0.11452886647906753
1401 0.11452886647906753
1402 0.11452886647906753
1403 0.11452886647906753
1404 0.1
1405 0.1
1406 0.1
1407 0.1
1408 0.23472585714301863
1409 0.23472585714301863
1410 0.23472585714301863
1411 0.23472585714301863
1412 0.19135832203351794
1413 0.19135832203351794
1414 0.19135832203351794
1415 0.19135832203351794
1416 0.28147663580149984
1417 0.28147663580149984
1418 0.28147663580149984
1419 0.28147663580149984
1420 0.1
1421 0.1
1422 0.1
1423 0.1
1424 0.40730341227397915
1425 0.40730341227397915
1426 0.40730341227397915
1427 0.40730341227397915
1428 0.21775842494514913
1429 0.21775842494514913
1430 0.21775842494514913
1431 0.21775842494514913
1432 0.15845739993222682
1433 0.15845739993222682
1434 0.15845739993222682
1435 0.15845739993222682
1436 0.15381208101658933
1437 0.15381208101658933
1438 0.15381208101658933
1439 0.15381208101658933
1440 0.21877477312728766
1441 0.21877477312728766
1442 0.21877477312728766
1443 0.21877477312728766
1444 0.1037494686033828
1445 0.1037494686033828
1446 0.1037494686033828
1447 0.1037494686033828
1448 0.21065710837630475
1449 0.21065710837630475
1450 0.21065710837630475
1451 0.21065710837630475
1452 0.23483894015753182
1453 0.23483894015753182
1454 0.23483894015753182
1455 0.23483894015753182
1456 0.2970793261917013
1457 0.2970793261917013
1458 0.2970793261917013
1459 0.2970793261917013
1460 0.1
1461 0.1
1462 0.1
1463 0.1
1464 0.14317870188707887
1465 0.14317870188707887
1466 0.14317870188707887
1467 0.14317870188707887
1468 0.2736390901323379
1469 0.2736390901323379
1470 0.2736390901323379
1471 0.2736390901323379
1472 0.22343174523731912
1473 0.22343174523731912
1474 0.22343174523731912
1475 0.22343174523731912
1476 0.3389624718560289
1477 0.3389624718560289
1478 0.3389624718560289
1479 0.3389624718560289
1480 0.1
1481 0.1
1482 0.1
1483 0.1
1484 0.2875788304627978
1485 0.2875788304627978
1486 0.2875788304627978
1487 0.2875788304627978
1488 0.1
1489 0.1
1490 0.1
1491 0.1
1492 0.11193125058186532
1493 0.11193125058186532
1494 0.11193125058186532
1495 0.11193125058186532
1496 0.1
1497 0.1
1498 0.1
1499 0.1
1500 0.14926103677310174
1501 0.14926103677310174
1502 0.14926103677310174
1503 0.14926103677310174
1504 0.1556442151143516
1505 0.1556442151143516
1506 0.1556442151143516
1507 0.1556442151143516
1508 0.17058431243727776
1509 0.17058431243727776
1510 0.17058431243727776
1511 0.17058431243727776
1512 0.14080925285669882
1513 0.14080925285669882
1514 0.14080925285669882
1515 0.14080925285669882
1516 0.30937436723233125
1517 0.30937436723233125
1518 0.30937436723233125
1519 0.30937436723233125
1520 0.24378755553553225
1521 0.24378755553553225
1522 0.24378755553553225
1523 0.24378755553553225
1524 0.13815415613255883
1525 0.13815415613255883
1526 0.13815415613255883
1527 0.13815415613255883
1528 0.1
1529 0.1
1530 0.1
1531 0.1
1532 0.28558022545783057
1533 0.28558022545783057
1534 0.28558022545783057
1535 0.28558022545783057
1536 0.15969443168578767
1537 0.15969443168578767
1538 0.15969443168578767
1539 0.15969443168578767
1540 0.30030497874850826
1541 0.30030497874850826
1542 0.30030497874850826
1543 0.30030497874850826
1544 0.26152077020548514
1545 0.26152077020548514
1546 0.26152077020548514
1547 0.26152077020548514
1548 0.23172896749509214
1549 0.23172896749509214
1550 0.23172896749509214
1551 0.23172896749509214
1552 0.1
1553 0.1
1554 0.1
1555 0.1
1556 0.1
1557 0.1
1558 0.1
1559 0.1
1560 0.3712660450705213
1561 0.3712660450705213
1562 0.3712660450705213
1563 0.3712660450705213
1564 0.1
1565 0.1
1566 0.1
1567 0.1
1568 0.33901121054087185
1569 0.33901121054087185
1570 0.33901121054087185
1571 0.33901121054087185
1572 0.1
1573 0.1
1574 0.1
1575 0.1
1576 0.19135828218681528
1577 0.19135828218681528
1578 0.19135828218681528
1579 0.19135828218681528
1580 0.25634026574788266
1581 0.25634026574788266
1582 0.25634026574788266
1583 0.25634026574788266
1584 0.17735277813796357
1585 0.17735277813796357
1586 0.17735277813796357
1587 0.17735277813796357
1588 0.2833767059728045
1589 0.2833767059728045
1590 0.2833767059728045
1591 0.2833767059728045
1592 0.1
1593 0.1
1594 0.1
1595 0.1
1596 0.19698382452077548
1597 0.19698382452077548
1598 0.19698382452077548
1599 0.19698382452077548
1600 0.1
1601 0.1
1602 0.1
1603 0.15752367159993408
1604 0.15752367159993408
1605 0.15752367159993408
1606 0.15752367159993408
1607 0.6024289038708688
1608 0.6024289038708688
1609 0.6024289038708688
1610 0.6024289038708688
1611 0.5736762594237528
1612 0.5736762594237528
1613 0.5736762594237528
1614 0.5736762594237528
1615 0.707689782688803
1616 0.707689782688803
1617 0.707689782688803
1618 0.707689782688803
1619 0.10348614131458089
1620 0.10348614131458089
1621 0.10348614131458089
1622 0.10348614131458089
1623 0.4824512808469316
1624 0.4824512808469316
1625 0.4824512808469316
1626 0.4824512808469316
1627 0.6401471942699875
1628 0.6401471942699875
1629 0.6401471942699875
1630 0.6401471942699875
1631 0.9806178571182956
1632 0.9806178571182956
1633 0.9806178571182956
1634 0.9806178571182956
1635 0.9265516640196405
1636 0.9265516640196405
1637 0.9265516640196405
1638 0.9265516640196405
1639 0.8105573776019336
1640 0.8105573776019336
1641 0.8105573776019336
1642 0.8105573776019336
1643 0.1716616180888465
1644 0.1716616180888465
1645 0.1716616180888465
1646 0.1716616180888465
1647 0.744903594744528
1648 0.744903594744528
1649 0.744903594744528
1650 0.744903594744528
1651 0.5509410904000774
1652 0.5509410904000774
1653 0.5509410904000774
1654 0.5509410904000774
1655 0.28626222816279423
1656 0.28626222816279423
1657 0.28626222816279423
1658 0.28626222816279423
1659 0.9136636878453173
1660 0.9136636878453173
1661 0.9136636878453173
1662 0.9136636878453173
1663 0.23332838900941572
1664 3.2675452666227045
1665 3.2675452666227045
1666 3.2675452666227045
1667 3.2675452666227045
1668 0.7549816228096287
1669 0.7549816228096287
1670 0.7549816228096287
1671 0.7549816228096287
1672 3.2928868287301416
1673 3.2928868287301416
1674 3.2928868287301416
1675 3.2928868287301416
1676 2.808490862087562
1677 2.808490862087562
1678 2.808490862087562
1679 2.808490862087562
1680 5.045682016802722
1681 5.045682016802722
1682 5.045682016802722
1683 5.045682016802722
1684 3.4728586299440574
1685 3.4728586299440574
1686 3.4728586299440574
1687 3.4728586299440574
1688 1.835296833344107
1689 1.835296833344107
1690 1.835296833344107
1691 1.835296833344107
1692 2.5537822883940198
1693 2.5537822883940198
1694 2.5537822883940198
1695 2.5537822883940198
1696 1.8458359153593997
1697 1.8458359153593997
1698 1.8458359153593997
1699 1.8458359153593997
1700 2.494362841051953
1701 2.494362841051953
1702 2.494362841051953
1703 2.494362841051953
1704 2.9976485147246255
1705 2.9976485147246255
1706 2.9976485147246255
1707 2.9976485147246255
1708 4.386702345213776
1709 4.386702345213776
1710 4.386702345213776
1711 4.386702345213776
1712 2.224212076238121
1713 2.224212076238121
1714 2.224212076238121
1715 2.224212076238121
1716 3.712182914190878
1717 3.712182914190878
1718 3.712182914190878
1719 3.712182914190878
1720 2.928711065202051
1721 2.928711065202051
1722 2.928711065202051
1723 2.928711065202051
1724 3.2015707782704514
1725 3.2015707782704514
1726 3.2015707782704514
1727 3.2015707782704514
1728 1.7558743197606597
1729 1.7558743197606597
1730 1.7558743197606597
1731 1.7558743197606597
1732 3.3892180937151495
1733 3.3892180937151495
1734 3.3892180937151495
1735 3.3892180937151495
1736 2.294592451052773
1737 2.294592451052773
1738 2.294592451052773
1739 2.294592451052773
1740 4.450782050922802
1741 4.450782050922802
1742 4.450782050922802
1743 4.450782050922802
1744 2.998594319740615
1745 2.998594319740615
1746 2.998594319740615
1747 2.998594319740615
1748 1.8047399444574204
1749 1.8047399444574204
1750 1.8047399444574204
1751 1.8047399444574204
1752 2.986836219060828
1753 2.986836219060828
1754 2.986836219060828
1755 2.986836219060828
1756 2.2510872730552416
1757 2.2510872730552416
1758 2.2510872730552416
1759 2.2510872730552416
1760 2.0671103786708436
1761 2.0671103786708436
1762 2.0671103786708436
1763 2.0671103786708436
1764 3.2683245195137034
1765 3.2683245195137034
1766 3.2683245195137034
1767 3.2683245195137034
1768 2.4711770483161724
1769 2.4711770483161724
1770 2.4711770483161724
1771 2.4711770483161724
1772 0.9354407989348832
1773 0.9354407989348832
1774 0.9354407989348832
1775 0.9354407989348832
1776 3.6655101492305135
1777 3.6655101492305135
1778 3.6655101492305135
1779 3.6655101492305135
1780 0.5319102624943812
1781 0.5319102624943812
1782 0.5319102624943812
1783 0.5319102624943812
1784 1.4703983054359944
1785 1.4703983054359944
1786 1.4703983054359944
1787 1.4703983054359944
1788 2.5658481529677934
1789 2.5658481529677934
1790 2.5658481529677934
1791 2.5658481529677934
1792 2.572185572932942
1793 2.572185572932942
1794 2.572185572932942
1795 2.572185572932942
1796 2.8722532884082606
1797 2.8722532884082606
1798 2.8722532884082606
1799 2.8722532884082606
1800 3.496264444028084
1801 3.496264444028084
1802 3.496264444028084
1803 3.496264444028084
1804 2.926131966704232
1805 2.926131966704232
1806 2.926131966704232
1807 2.926131966704232
1808 2.5249631759501177
1809 2.5249631759501177
1810 2.5249631759501177
1811 2.5249631759501177
1812 2.8552326511361796
1813 2.8552326511361796
1814 2.8552326511361796
1815 2.8552326511361796
1816 1.939702620614407
1817 1.939702620614407
1818 1.939702620614407
1819 1.939702620614407
1820 1.119278621362957
1821 1.119278621362957
1822 1.119278621362957
1823 1.119278621362957
1824 4.785368370141348
1825 4.785368370141348
1826 4.785368370141348
1827 4.785368370141348
1828 3.140038364204423
1829 3.140038364204423
1830 3.140038364204423
1831 3.140038364204423
1832 3.3199405001252926
1833 3.3199405001252926
1834 3.3199405001252926
1835 3.3199405001252926
1836 0.1
1837 0.1
1838 0.1
1839 0.1
1840 2.4044422676008015
1841 2.4044422676008015
1842 2.4044422676008015
1843 2.4044422676008015
1844 4.1091611790752225
1845 4.1091611790752225
1846 4.1091611790752225
1847 4.1091611790752225
1848 1.231268747610312
1849 1.231268747610312
1850 1.231268747610312
1851 1.231268747610312
1852 3.329190186171299
1853 3.329190186171299
1854 3.329190186171299
1855 3.329190186171299
1856 3.0035457824995904
1857 3.0035457824995904
1858 3.0035457824995904
1859 3.0035457824995904
1860 4.191600196211832
1861 4.191600196211832
1862 4.191600196211832
1863 4.191600196211832
1864 3.8881879783856865
1865 3.8881879783856865
1866 3.8881879783856865
1867 3.8881879783856865
1868 3.2274853618324544
1869 3.2274853618324544
1870 3.2274853618324544
1871 3.2274853618324544
1872 1.7007386693014226
1873 1.7007386693014226
1874 1.7007386693014226
1875 1.7007386693014226
1876 3.101310463067239
1877 3.101310463067239
1878 3.101310463067239
1879 3.101310463067239
1880 1.3249197912508683
1881 1.3249197912508683
1882 1.3249197912508683
1883 1.3249197912508683
1884 5.019669199351126
1885 5.019669199351126
1886 5.019669199351126
1887 5.019669199351126
1888 5.113140165040434
1889 5.113140165040434
1890 5.113140165040434
1891 5.113140165040434
1892 3.5547132867310616
1893 3.5547132867310616
1894 3.5547132867310616
1895 3.5547132867310616
1896 2.2240192343196856
1897 2.2240192343196856
1898 2.2240192343196856
1899 2.2240192343196856
1900 4.44674720594477
1901 4.44674720594477
1902 4.44674720594477
1903 4.44674720594477
1904 5.241626743770993
1905 5.241626743770993
1906 5.241626743770993
1907 5.241626743770993
1908 2.535940369265268
1909 2.535940369265268
1910 2.535940369265268
1911 2.535940369265268
1912 1.368466300730516
1913 1.368466300730516
1914 1.368466300730516
1915 1.368466300730516
1916 1.1559095915872146
1917 1.1559095915872146
1918 1.1559095915872146
1919 1.1559095915872146
1920 3.2133038411764763
1921 3.2133038411764763
1922 3.2133038411764763
1923 3.2133038411764763
1924 4.633018578326172
1925 4.633018578326172
1926 4.633018578326172
1927 4.633018578326172
1928 3.477534230157678
1929 3.477534230157678
1930 3.477534230157678
1931 3.477534230157678
1932 3.392171700084049
1933 3.392171700084049
1934 3.392171700084049
1935 3.392171700084049
1936 1.992352216765481
1937 1.992352216765481
1938 1.992352216765481
1939 1.992352216765481
1940 2.278106146709475
1941 2.278106146709475
1942 2.278106146709475
1943 2.278106146709475
1944 2.6176590182401385
1945 2.6176590182401385
1946 2.6176590182401385
1947 2.6176590182401385
1948 1.0484601575434127
1949 1.0484601575434127
1950 1.0484601575434127
1951 1.0484601575434127
1952 1.9733390426492972
1953 1.9733390426492972
1954 1.9733390426492972
1955 1.9733390426492972
1956 3.747895666459401
1957 3.747895666459401
1958 3.747895666459401
1959 3.747895666459401
1960 4.0632691658454885
1961 4.0632691658454885
1962 4.0632691658454885
1963 4.0632691658454885
1964 1.6083557277854568
1965 1.6083557277854568
1966 1.6083557277854568
1967 1.6083557277854568
1968 0.8271331063897092
1969 0.8271331063897092
1970 0.8271331063897092
1971 0.8271331063897092
1972 1.8105139043600578
1973 1.8105139043600578
1974 1.8105139043600578
1975 1.8105139043600578
1976 1.6450698443086496
1977 1.6450698443086496
1978 1.6450698443086496
1979 1.6450698443086496
1980 3.054992223957741
1981 3.054992223957741
1982 3.054992223957741
1983 3.054992223957741
1984 2.6644975579911465
1985 2.6644975579911465
1986 2.6644975579911465
1987 2.6644975579911465
1988 1.0475694956046215
1989 1.0475694956046215
1990 1.0475694956046215
1991 1.0475694956046215
1992 2.8873646706462037
1993 2.8873646706462037
1994 2.8873646706462037
1995 2.8873646706462037
1996 2.7994796590509288
1997 2.7994796590509288
1998 2.7994796590509288
1999 2.7994796590509288
