0 1.973786656881937
1 1.973786656881937
2 1.973786656881937
3 1.973786656881937
4 2.0472107137169013
5 2.0472107137169013
6 2.0472107137169013
7 2.0472107137169013
8 1.8413012445751995
9 1.8413012445751995
10 1.8413012445751995
11 1.8413012445751995
12 2.012782977480585
13 4.174757828341303
14 4.174757828341303
15 4.174757828341303
16 4.174757828341303
17 3.7133635332212402
18 3.7133635332212402
19 3.7133635332212402
20 3.7133635332212402
21 3.509845508812439
22 3.509845508812439
23 3.509845508812439
24 3.509845508812439
25 3.778954908691285
26 3.778954908691285
27 3.778954908691285
28 3.778954908691285
29 3.695320138003548
30 3.695320138003548
31 3.695320138003548
32 3.695320138003548
33 4.004047821897736
34 4.004047821897736
35 1.604543680269114
36 1.604543680269114
37 1.604543680269114
38 1.604543680269114
39 1.8170054528976154
40 1.8170054528976154
41 1.8170054528976154
42 1.8170054528976154
43 1.6412012465644061
44 1.6412012465644061
45 1.6412012465644061
46 1.6412012465644061
47 1.7222106854876618
48 1.7222106854876618
49 1.7222106854876618
50 1.7222106854876618
51 1.5486420101356282
52 1.5486420101356282
53 0.1921727981180611
54 0.1921727981180611
55 0.1921727981180611
56 0.1921727981180611
57 0.21396692435097453
58 0.21396692435097453
59 2.7392573944832854
60 2.7392573944832854
61 2.7392573944832854
62 2.7392573944832854
63 2.694350275867148
64 2.694350275867148
65 2.694350275867148
66 2.694350275867148
67 3.040503649634551
68 3.040503649634551
69 3.040503649634551
70 3.040503649634551
71 3.081927578955474
72 3.081927578955474
73 3.081927578955474
74 3.081927578955474
75 3.0770048621580326
76 3.0770048621580326
77 3.0770048621580326
78 3.0770048621580326
79 2.864390032353751
80 2.864390032353751
81 2.864390032353751
82 2.864390032353751
83 2.9270524155196305
84 2.9270524155196305
85 2.9270524155196305
86 2.9270524155196305
87 2.6845145276217837
88 2.6845145276217837
89 2.6845145276217837
90 2.6845145276217837
91 3.13415600994551
92 3.13415600994551
93 3.13415600994551
94 1.0536069395161713
95 1.0536069395161713
96 2.3777307735958404
97 2.3777307735958404
98 2.3777307735958404
99 2.3777307735958404
100 0.6954504416383317
101 0.6954504416383317
102 0.6954504416383317
103 0.6954504416383317
104 0.670110479078548
105 0.670110479078548
106 0.670110479078548
107 0.670110479078548
108 0.7146599959730592
109 0.7146599959730592
110 0.7146599959730592
111 0.7146599959730592
112 0.7200157521854057
113 0.7200157521854057
114 0.7200157521854057
115 0.7200157521854057
116 0.600829671931572
117 0.600829671931572
118 0.600829671931572
119 0.600829671931572
120 0.6353522596557488
121 0.6353522596557488
122 3.422166649092577
123 3.422166649092577
124 3.422166649092577
125 3.422166649092577
126 3.4790531424653843
127 3.4790531424653843
128 3.4790531424653843
129 3.4790531424653843
130 3.6859402329598128
131 3.6859402329598128
132 3.6859402329598128
133 3.6859402329598128
134 3.31216921482413
135 3.31216921482413
136 3.31216921482413
137 3.31216921482413
138 2.967416503504709
139 2.967416503504709
140 2.967416503504709
141 2.967416503504709
142 3.664147918088628
143 3.664147918088628
144 3.664147918088628
145 3.664147918088628
146 3.657162795620813
147 3.657162795620813
148 3.657162795620813
149 3.657162795620813
150 3.47255059798347
151 3.47255059798347
152 3.47255059798347
153 3.47255059798347
154 0.642286228415071
155 0.642286228415071
156 0.642286228415071
157 0.642286228415071
158 0.7340007260389007
159 0.7340007260389007
160 0.7340007260389007
161 0.7340007260389007
162 0.6474971108286731
163 0.6474971108286731
164 0.6474971108286731
165 0.6474971108286731
166 0.6606752650022273
167 0.6606752650022273
168 0.6606752650022273
169 0.6606752650022273
170 0.6315077118189616
171 0.6315077118189616
172 0.6315077118189616
173 0.6315077118189616
174 0.6272433438488231
175 0.6272433438488231
176 0.6272433438488231
177 0.6272433438488231
178 0.7100986337228379
179 0.7100986337228379
180 0.7100986337228379
181 0.7100986337228379
182 0.6911400969856194
183 0.6911400969856194
184 0.6911400969856194
185 0.6911400969856194
186 0.688976641541061
187 0.688976641541061
188 1.5210718933306622
189 1.5210718933306622
190 1.5210718933306622
191 1.5210718933306622
192 1.6919933242006375
193 1.6919933242006375
194 1.6919933242006375
195 1.6919933242006375
196 1.6855237356982495
197 1.6855237356982495
198 1.6855237356982495
199 1.6855237356982495
200 1.572208611339706
201 1.572208611339706
202 1.572208611339706
203 1.572208611339706
204 1.4981402127577836
205 1.4981402127577836
206 1.4981402127577836
207 1.4981402127577836
208 1.6049582793519699
209 1.6049582793519699
210 1.6049582793519699
211 1.6049582793519699
212 1.645905789718669
213 1.645905789718669
214 1.645905789718669
215 1.645905789718669
216 1.7582875838563563
217 1.7582875838563563
218 1.7582875838563563
219 1.7582875838563563
220 1.6829232388987403
221 1.6829232388987403
222 1.6829232388987403
223 1.6829232388987403
224 1.4646289769455474
225 1.4646289769455474
226 1.4646289769455474
227 1.4646289769455474
228 1.8063713232525989
229 1.8063713232525989
230 1.8063713232525989
231 1.80249280675707
232 1.80249280675707
233 1.80249280675707
234 1.80249280675707
235 1.8910338565844471
236 1.8910338565844471
237 1.8910338565844471
238 1.8910338565844471
239 2.1476061633033017
240 2.1476061633033017
241 2.1476061633033017
242 2.1476061633033017
243 2.3064379211006485
244 2.3064379211006485
245 2.3064379211006485
246 2.3064379211006485
247 1.8284373911324208
248 1.4791821977412487
249 1.4791821977412487
250 1.4791821977412487
251 1.4791821977412487
252 1.3777929544318697
253 1.3777929544318697
254 1.3777929544318697
255 1.3777929544318697
256 1.7517945458462287
257 1.7517945458462287
258 1.7517945458462287
259 1.7517945458462287
260 2.317538323066166
261 2.317538323066166
262 2.317538323066166
263 2.317538323066166
264 2.3505622347128763
265 2.3505622347128763
266 2.3505622347128763
267 2.3505622347128763
268 1.7296010665447543
269 1.7296010665447543
270 1.7296010665447543
271 1.7296010665447543
272 1.6001877925421573
273 1.6001877925421573
274 1.6001877925421573
275 1.6001877925421573
276 1.7272593643897385
277 1.7272593643897385
278 1.7272593643897385
279 1.7272593643897385
280 1.5104531189001564
281 1.5104531189001564
282 1.5104531189001564
283 1.5104531189001564
284 1.603594535440305
285 1.603594535440305
286 1.603594535440305
287 1.603594535440305
288 1.5369976348809449
289 1.5369976348809449
290 1.5369976348809449
291 1.5369976348809449
292 1.7317095730804257
293 1.7317095730804257
294 1.7317095730804257
295 1.7317095730804257
296 1.5676517078657106
297 1.5676517078657106
298 1.5676517078657106
299 1.5676517078657106
300 1.6166970217832053
301 1.6166970217832053
302 1.6166970217832053
303 1.6166970217832053
304 1.5378765488324517
305 1.5378765488324517
306 1.5378765488324517
307 1.5378765488324517
308 1.6500266222820337
309 1.6500266222820337
310 1.6500266222820337
311 1.6500266222820337
312 1.5538581858282163
313 2.845046528152952
314 2.845046528152952
315 2.845046528152952
316 2.845046528152952
317 2.3637513280845783
318 2.3637513280845783
319 2.3637513280845783
320 2.3637513280845783
321 2.788102674621882
322 2.788102674621882
323 2.788102674621882
324 2.788102674621882
325 2.986640454964471
326 2.986640454964471
327 2.986640454964471
328 2.986640454964471
329 3.263422981451487
330 3.263422981451487
331 3.263422981451487
332 3.263422981451487
333 3.0940736586324915
334 3.0940736586324915
335 3.0940736586324915
336 3.0940736586324915
337 3.1103688066165924
338 3.1103688066165924
339 3.1103688066165924
340 3.1103688066165924
341 3.281728634050466
342 3.281728634050466
343 3.281728634050466
344 3.281728634050466
345 3.017485395885522
346 3.017485395885522
347 3.017485395885522
348 3.017485395885522
349 3.256857128931602
350 3.256857128931602
351 3.256857128931602
352 3.256857128931602
353 3.3744182515301775
354 3.3744182515301775
355 3.3744182515301775
356 3.3744182515301775
357 2.7138159113281577
358 2.7138159113281577
359 2.7138159113281577
360 2.7138159113281577
361 3.1331000457704437
362 3.1331000457704437
363 3.1331000457704437
364 3.1331000457704437
365 3.302861226843862
366 3.302861226843862
367 3.302861226843862
368 3.302861226843862
369 3.2756622855120456
370 3.2756622855120456
371 3.2756622855120456
372 3.2756622855120456
373 3.5854589206031315
374 3.5854589206031315
375 3.5854589206031315
376 3.5854589206031315
377 3.6517099781501745
378 3.6517099781501745
379 3.6517099781501745
380 3.6517099781501745
381 3.862965315990976
382 3.862965315990976
383 3.862965315990976
384 3.862965315990976
385 3.716194078929274
386 3.716194078929274
387 3.716194078929274
388 3.716194078929274
389 3.2694461130523247
390 3.2694461130523247
391 3.2694461130523247
392 3.2694461130523247
393 3.838797088732223
394 3.838797088732223
395 3.838797088732223
396 2.642755667048586
397 2.642755667048586
398 2.642755667048586
399 2.642755667048586
400 2.800705024060328
401 2.800705024060328
402 2.800705024060328
403 2.800705024060328
404 2.4909455657610318
405 2.4909455657610318
406 2.4909455657610318
407 2.4909455657610318
408 2.6041285066943205
409 2.6041285066943205
410 2.6041285066943205
411 2.6041285066943205
412 2.238922939490216
413 2.238922939490216
414 2.238922939490216
415 2.238922939490216
416 2.5731545852621704
417 2.5731545852621704
418 2.5731545852621704
419 2.5731545852621704
420 2.3718166038564994
421 2.3718166038564994
422 2.3718166038564994
423 2.3718166038564994
424 2.5174756797015174
425 2.5174756797015174
426 2.5174756797015174
427 2.5174756797015174
428 2.419675564296728
429 2.419675564296728
430 2.419675564296728
431 2.419675564296728
432 2.441713863519406
433 2.441713863519406
434 2.441713863519406
435 2.441713863519406
436 2.3615525934699364
437 2.3615525934699364
438 2.3615525934699364
439 2.3615525934699364
440 2.359441150512335
441 2.359441150512335
442 2.359441150512335
443 2.359441150512335
444 2.3639630386153203
445 2.3639630386153203
446 2.3639630386153203
447 2.3639630386153203
448 2.284555190748982
449 2.284555190748982
450 2.284555190748982
451 2.284555190748982
452 2.534961414088791
453 2.534961414088791
454 2.534961414088791
455 2.534961414088791
456 2.3079490942984138
457 2.3079490942984138
458 2.3079490942984138
459 2.3079490942984138
460 2.161936995127094
461 2.161936995127094
462 2.161936995127094
463 1.6925858215511824
464 1.6925858215511824
465 1.6925858215511824
466 1.6925858215511824
467 1.4636589455373707
468 1.4636589455373707
469 1.4636589455373707
470 0.9753245740174061
471 0.9753245740174061
472 0.9753245740174061
473 0.9753245740174061
474 1.0450795371396557
475 1.0450795371396557
476 1.0450795371396557
477 1.0450795371396557
478 1.1236121691383274
479 1.1236121691383274
480 1.1236121691383274
481 1.1236121691383274
482 1.0350420037373227
483 1.0350420037373227
484 1.0350420037373227
485 1.0350420037373227
486 1.2477628599679227
487 1.2477628599679227
488 1.2477628599679227
489 1.2477628599679227
490 1.0833263170494418
491 1.0833263170494418
492 1.0833263170494418
493 1.0833263170494418
494 1.262407675183416
495 1.262407675183416
496 1.262407675183416
497 1.262407675183416
498 1.1272556066050676
499 1.1272556066050676
500 1.1272556066050676
501 1.1272556066050676
502 1.007150379215533
503 1.007150379215533
504 1.007150379215533
505 1.007150379215533
506 1.182110174931228
507 1.182110174931228
508 2.43796282892015
509 2.43796282892015
510 2.43796282892015
511 2.43796282892015
512 2.3862531812595473
513 2.3862531812595473
514 2.3862531812595473
515 2.3862531812595473
516 2.382019575341349
517 2.382019575341349
518 2.382019575341349
519 2.382019575341349
520 2.4082423690554133
521 2.4082423690554133
522 2.4082423690554133
523 2.4082423690554133
524 2.7723415704611463
525 2.7723415704611463
526 2.7723415704611463
527 2.7723415704611463
528 2.4506956664281536
529 2.4506956664281536
530 2.4506956664281536
531 2.4506956664281536
532 0.9996986287087034
533 0.9996986287087034
534 0.9996986287087034
535 0.9996986287087034
536 1.2224585535231531
537 1.2224585535231531
538 1.2224585535231531
539 1.2224585535231531
540 1.1991106405934515
541 1.1991106405934515
542 1.1991106405934515
543 1.1991106405934515
544 1.1896670224926806
545 2.820379735931084
546 2.820379735931084
547 2.820379735931084
548 2.820379735931084
549 2.9710758620845144
550 2.9710758620845144
551 2.9710758620845144
552 1.5770312844921233
553 1.5770312844921233
554 1.5770312844921233
555 1.5770312844921233
556 1.6502566930602194
557 1.6502566930602194
558 1.6502566930602194
559 0.9962242777823493
560 0.9962242777823493
561 0.9962242777823493
562 0.9962242777823493
563 1.1111613848783684
564 1.1111613848783684
565 1.1111613848783684
566 1.1111613848783684
567 1.173152405429812
568 1.173152405429812
569 1.173152405429812
570 1.173152405429812
571 1.0563697057869237
572 1.0563697057869237
573 1.0563697057869237
574 1.0563697057869237
575 1.131525202369267
576 1.131525202369267
577 1.131525202369267
578 1.131525202369267
579 1.0670238619640395
580 1.0670238619640395
581 1.0670238619640395
582 1.0670238619640395
583 1.1460908355959156
584 1.1460908355959156
585 1.1460908355959156
586 1.1460908355959156
587 1.2441897757512537
588 1.2441897757512537
589 1.2441897757512537
590 1.2441897757512537
591 1.1336054178351378
592 1.1336054178351378
593 1.1336054178351378
594 1.1336054178351378
595 1.0518751309766101
596 1.0518751309766101
597 1.0518751309766101
598 1.0518751309766101
599 1.1570889758499154
600 1.1570889758499154
601 1.1570889758499154
602 1.1570889758499154
603 1.0842547928095123
604 1.0842547928095123
605 1.0842547928095123
606 1.0842547928095123
607 1.2642865348835202
608 1.2642865348835202
609 1.2642865348835202
610 1.2642865348835202
611 1.1409653213705544
612 1.1409653213705544
613 1.1409653213705544
614 1.1409653213705544
615 0.9671935290984283
616 0.9671935290984283
617 0.9671935290984283
618 0.9671935290984283
619 3.225195880025561
620 3.225195880025561
621 3.225195880025561
622 3.225195880025561
623 3.707101209174146
624 3.707101209174146
625 3.707101209174146
626 3.707101209174146
627 3.733152478880515
628 3.733152478880515
629 3.733152478880515
630 3.733152478880515
631 3.4052730136074505
632 3.4052730136074505
633 3.4052730136074505
634 3.4052730136074505
635 3.0552282967755637
636 3.0552282967755637
637 3.0552282967755637
638 3.0552282967755637
639 3.7429755228104806
640 3.7429755228104806
641 3.7429755228104806
642 3.7429755228104806
643 3.5399095490457624
644 3.5399095490457624
645 3.5399095490457624
646 3.5399095490457624
647 3.229534767483187
648 3.229534767483187
649 3.229534767483187
650 3.229534767483187
651 3.5611159066470743
652 3.5611159066470743
653 3.5611159066470743
654 3.5611159066470743
655 3.387208964805282
656 3.387208964805282
657 3.387208964805282
658 3.387208964805282
659 3.099795012477299
660 3.099795012477299
661 3.099795012477299
662 3.099795012477299
663 3.4226477800682265
664 3.4226477800682265
665 3.4226477800682265
666 3.4226477800682265
667 3.5462967763090427
668 3.5462967763090427
669 3.5462967763090427
670 3.5462967763090427
671 3.0370179235993606
672 3.0370179235993606
673 3.0370179235993606
674 3.0370179235993606
675 3.338445358899199
676 3.338445358899199
677 3.338445358899199
678 3.338445358899199
679 3.101536470413477
680 3.101536470413477
681 3.101536470413477
682 3.101536470413477
683 3.20239056329088
684 3.20239056329088
685 3.20239056329088
686 3.20239056329088
687 3.1616047388852913
688 3.1616047388852913
689 3.1616047388852913
690 3.1616047388852913
691 3.2898313790614693
692 3.2898313790614693
693 3.2898313790614693
694 3.2898313790614693
695 3.3106442297806637
696 3.3106442297806637
697 3.3106442297806637
698 3.3106442297806637
699 3.166389633022674
700 3.166389633022674
701 3.166389633022674
702 3.166389633022674
703 2.820607560510901
704 2.820607560510901
705 2.820607560510901
706 2.820607560510901
707 3.0456718520825654
708 3.0456718520825654
709 3.0456718520825654
710 3.0456718520825654
711 3.310133571571501
712 3.310133571571501
713 3.310133571571501
714 3.310133571571501
715 3.304549500779109
716 3.304549500779109
717 3.304549500779109
718 3.304549500779109
719 3.7826535897767326
720 3.7826535897767326
721 3.7826535897767326
722 3.7826535897767326
723 3.5452878729284802
724 3.5452878729284802
725 3.5452878729284802
726 3.5452878729284802
727 3.005086037632838
728 3.005086037632838
729 3.005086037632838
730 3.005086037632838
731 3.3799825383868245
732 3.3799825383868245
733 3.3799825383868245
734 3.3799825383868245
735 3.1033461749025095
736 3.1033461749025095
737 3.1033461749025095
738 3.1033461749025095
739 2.857029605538232
740 2.857029605538232
741 2.857029605538232
742 2.857029605538232
743 0.6300251080826265
744 0.6300251080826265
745 0.6300251080826265
746 0.6300251080826265
747 0.5816408499174545
748 0.5816408499174545
749 0.5816408499174545
750 0.5816408499174545
751 0.6602723385479166
752 0.6602723385479166
753 0.6602723385479166
754 0.6602723385479166
755 0.6380744720903803
756 0.6380744720903803
757 0.6380744720903803
758 0.6380744720903803
759 0.5837975290419631
760 0.5837975290419631
761 0.5837975290419631
762 0.5837975290419631
763 0.572717467261633
764 0.572717467261633
765 0.572717467261633
766 0.572717467261633
767 0.7159845538848616
768 0.7159845538848616
769 0.7159845538848616
770 0.7159845538848616
771 0.6845442150227283
772 0.6845442150227283
773 0.6845442150227283
774 0.6845442150227283
775 0.6531098007355105
776 0.6531098007355105
777 0.6531098007355105
778 0.6531098007355105
779 0.6246748895191684
780 0.6246748895191684
781 0.6246748895191684
782 0.6246748895191684
783 0.664780691987388
784 0.664780691987388
785 0.664780691987388
786 0.664780691987388
787 0.6512486093354052
788 0.6512486093354052
789 0.6512486093354052
790 0.6512486093354052
791 0.5894245576195714
792 0.5894245576195714
793 0.5894245576195714
794 0.5894245576195714
795 0.640459743472743
796 0.640459743472743
797 0.640459743472743
798 0.640459743472743
799 0.636793652437958
800 0.636793652437958
801 0.636793652437958
802 0.636793652437958
803 0.7030433005805419
804 0.7030433005805419
805 0.7030433005805419
806 0.7030433005805419
807 0.6369101748686881
808 0.6369101748686881
809 0.6369101748686881
810 0.6369101748686881
811 0.7771686070408197
812 0.7771686070408197
813 0.7771686070408197
814 0.7771686070408197
815 0.6437484583171157
816 0.6437484583171157
817 0.6437484583171157
818 0.6437484583171157
819 0.6783513238924573
820 0.6783513238924573
821 0.6783513238924573
822 0.6783513238924573
823 0.7297136627985634
824 0.7297136627985634
825 0.7297136627985634
826 0.7297136627985634
827 0.74627266754666
828 0.74627266754666
829 0.74627266754666
830 0.74627266754666
831 0.6651243174784961
832 2.5591687499894413
833 2.5591687499894413
834 2.5591687499894413
835 2.5591687499894413
836 2.494690705363422
837 2.494690705363422
838 2.494690705363422
839 2.494690705363422
840 2.7935268127959247
841 2.7935268127959247
842 2.7935268127959247
843 2.7935268127959247
844 2.496578806839751
845 2.496578806839751
846 2.496578806839751
847 2.496578806839751
848 2.5489148218984368
849 2.5489148218984368
850 2.5489148218984368
851 2.5489148218984368
852 2.0991752254415608
853 2.0991752254415608
854 2.0991752254415608
855 2.0991752254415608
856 2.272734999063392
857 2.272734999063392
858 2.272734999063392
859 2.272734999063392
860 2.4353402975474823
861 2.4353402975474823
862 2.4353402975474823
863 2.4353402975474823
864 2.5979754706472553
865 2.5979754706472553
866 2.5979754706472553
867 1.6868131704597014
868 1.6868131704597014
869 1.6868131704597014
870 1.6868131704597014
871 1.4937942005421052
872 1.4937942005421052
873 1.4937942005421052
874 1.4937942005421052
875 1.7830751773476716
876 1.7830751773476716
877 0.7313729774702735
878 0.7313729774702735
879 0.7313729774702735
880 0.7313729774702735
881 0.6409556276186914
882 0.6409556276186914
883 0.6409556276186914
884 0.6409556276186914
885 0.6898065984839653
886 0.6898065984839653
887 0.6898065984839653
888 0.6898065984839653
889 0.6766206873375081
890 0.6766206873375081
891 0.6766206873375081
892 0.6766206873375081
893 0.5935975023007057
894 0.5935975023007057
895 0.5935975023007057
896 0.5935975023007057
897 0.6779879366756093
898 0.6779879366756093
899 0.6779879366756093
900 0.6779879366756093
901 0.5840560709017141
902 0.5840560709017141
903 3.522796468948103
904 3.522796468948103
905 3.522796468948103
906 3.522796468948103
907 3.5810358790961776
908 3.5810358790961776
909 3.5810358790961776
910 3.5810358790961776
911 3.2925347355486005
912 3.2925347355486005
913 3.2925347355486005
914 3.2925347355486005
915 3.426805674384435
916 3.426805674384435
917 3.426805674384435
918 3.426805674384435
919 3.3887483034133874
920 3.3887483034133874
921 3.3887483034133874
922 3.3887483034133874
923 3.1638169526647024
924 3.1638169526647024
925 3.1638169526647024
926 3.1638169526647024
927 3.340980135611184
928 3.340980135611184
929 3.340980135611184
930 3.340980135611184
931 3.1555293471824437
932 3.1555293471824437
933 3.1555293471824437
934 3.1555293471824437
935 3.5842294139199624
936 3.5842294139199624
937 3.5842294139199624
938 3.5842294139199624
939 3.8471219651522857
940 3.8471219651522857
941 3.8471219651522857
942 3.8471219651522857
943 3.4725242498365376
944 3.4725242498365376
945 3.4725242498365376
946 3.4725242498365376
947 3.8999443600880452
948 3.8999443600880452
949 3.8999443600880452
950 3.8999443600880452
951 4.071799115897889
952 4.071799115897889
953 4.071799115897889
954 4.071799115897889
955 3.9304899710556183
956 3.9304899710556183
957 3.9304899710556183
958 3.9304899710556183
959 3.701931796280735
960 3.701931796280735
961 3.701931796280735
962 3.701931796280735
963 3.2488492504299016
964 3.2488492504299016
965 3.2488492504299016
966 3.2488492504299016
967 3.6432429906620984
968 3.6432429906620984
969 3.6432429906620984
970 3.6432429906620984
971 3.9476476785672867
972 3.9476476785672867
973 3.9476476785672867
974 3.9476476785672867
975 3.650360280320277
976 3.650360280320277
977 3.650360280320277
978 3.650360280320277
979 4.057227238592916
980 4.057227238592916
981 4.057227238592916
982 4.057227238592916
983 3.417980424779009
984 3.417980424779009
985 0.6980074101829409
986 0.6980074101829409
987 0.6980074101829409
988 0.6980074101829409
989 0.6761571036788283
990 0.6761571036788283
991 0.6761571036788283
992 0.6761571036788283
993 0.6387061447611442
994 3.0936350830384676
995 3.0936350830384676
996 3.0936350830384676
997 3.0936350830384676
998 3.1875832454500723
999 3.1875832454500723
1000 3.1875832454500723
1001 3.1875832454500723
1002 3.1027257067701344
1003 2.5403507785337234
1004 2.5403507785337234
1005 2.5403507785337234
1006 2.5403507785337234
1007 2.7524030171895006
1008 2.7524030171895006
1009 2.7524030171895006
1010 2.7524030171895006
1011 2.472590809697782
1012 2.472590809697782
1013 2.472590809697782
1014 2.472590809697782
1015 2.6661727616430304
1016 2.6661727616430304
1017 2.6661727616430304
1018 2.6661727616430304
1019 2.4773168008118973
1020 2.4773168008118973
1021 2.4773168008118973
1022 2.4773168008118973
1023 2.737196116057823
1024 2.737196116057823
1025 2.737196116057823
1026 2.737196116057823
1027 2.562734942447387
1028 2.562734942447387
1029 2.562734942447387
1030 2.562734942447387
1031 2.475620229343285
1032 2.475620229343285
1033 2.475620229343285
1034 2.475620229343285
1035 2.518936829492614
1036 0.6707557032661444
1037 0.6707557032661444
1038 0.6707557032661444
1039 0.6707557032661444
1040 0.6585157230023103
1041 0.6585157230023103
1042 0.6585157230023103
1043 0.6585157230023103
1044 0.673656286001755
1045 0.673656286001755
1046 0.673656286001755
1047 0.673656286001755
1048 0.6434191414429817
1049 0.6434191414429817
1050 0.6434191414429817
1051 0.6434191414429817
1052 0.6146029364662462
1053 0.6146029364662462
1054 0.6146029364662462
1055 0.6146029364662462
1056 0.7521055137088406
1057 0.7521055137088406
1058 0.7521055137088406
1059 0.7521055137088406
1060 0.6811099216936517
1061 0.6811099216936517
1062 0.6811099216936517
1063 0.6811099216936517
1064 1.1948621129334769
1065 1.1948621129334769
1066 1.1948621129334769
1067 1.1948621129334769
1068 1.1145562338097212
1069 1.1145562338097212
1070 1.1145562338097212
1071 1.1145562338097212
1072 1.222665007195895
1073 1.222665007195895
1074 1.222665007195895
1075 1.222665007195895
1076 1.1392738239460256
1077 1.1392738239460256
1078 1.1392738239460256
1079 1.1392738239460256
1080 1.1560094982234763
1081 1.1560094982234763
1082 1.1560094982234763
1083 1.1560094982234763
1084 1.0641346139917331
1085 1.0641346139917331
1086 1.0641346139917331
1087 1.0641346139917331
1088 1.2926067638386443
1089 1.2926067638386443
1090 1.2926067638386443
1091 1.2926067638386443
1092 1.0608182937390789
1093 1.0608182937390789
1094 1.0608182937390789
1095 1.0608182937390789
1096 1.2065529279236913
1097 1.2065529279236913
1098 1.2065529279236913
1099 1.2065529279236913
1100 1.0066732177088786
1101 1.0066732177088786
1102 1.0066732177088786
1103 1.0066732177088786
1104 1.0933172193486596
1105 1.0933172193486596
1106 1.0933172193486596
1107 1.0933172193486596
1108 1.1651882482164082
1109 1.1651882482164082
1110 1.1651882482164082
1111 1.1651882482164082
1112 1.1191519895907267
1113 1.1191519895907267
1114 1.1191519895907267
1115 1.1191519895907267
1116 1.103811325747958
1117 1.103811325747958
1118 1.103811325747958
1119 1.103811325747958
1120 1.1965568226797014
1121 1.1965568226797014
1122 1.1965568226797014
1123 1.1965568226797014
1124 1.0241022861467397
1125 1.0241022861467397
1126 1.0241022861467397
1127 1.0241022861467397
1128 1.0780643837147783
1129 1.0780643837147783
1130 1.0780643837147783
1131 1.0780643837147783
1132 1.2302525447671973
1133 1.2302525447671973
1134 1.2302525447671973
1135 1.2302525447671973
1136 1.1064590121714402
1137 1.1064590121714402
1138 1.1064590121714402
1139 1.1064590121714402
1140 1.000488019167381
1141 1.000488019167381
1142 1.000488019167381
1143 1.000488019167381
1144 1.208683819952021
1145 1.208683819952021
1146 1.208683819952021
1147 1.208683819952021
1148 1.0852828214562826
1149 1.0852828214562826
1150 1.0852828214562826
1151 1.0852828214562826
1152 1.2533550809617078
1153 1.2533550809617078
1154 3.0331407064406557
1155 3.0331407064406557
1156 3.0331407064406557
1157 2.6647183814065127
1158 2.6647183814065127
1159 2.6647183814065127
1160 2.6647183814065127
1161 2.2537377967119565
1162 2.2537377967119565
1163 2.2537377967119565
1164 2.2537377967119565
1165 2.6983288769392324
1166 2.6983288769392324
1167 2.6983288769392324
1168 2.6983288769392324
1169 2.7387053388240368
1170 2.7387053388240368
1171 2.7387053388240368
1172 2.7387053388240368
1173 2.664939097091131
1174 2.664939097091131
1175 2.664939097091131
1176 2.664939097091131
1177 2.177059531514794
1178 2.177059531514794
1179 2.177059531514794
1180 2.177059531514794
1181 2.672357336271217
1182 2.672357336271217
1183 2.672357336271217
1184 2.672357336271217
1185 2.537988302659287
1186 2.537988302659287
1187 2.537988302659287
1188 2.537988302659287
1189 2.731828009258145
1190 2.731828009258145
1191 2.731828009258145
1192 2.731828009258145
1193 2.699905783756781
1194 2.699905783756781
1195 2.699905783756781
1196 2.699905783756781
1197 2.4581160784507228
1198 2.4581160784507228
1199 2.4581160784507228
1200 2.4581160784507228
1201 2.509786268731945
1202 2.509786268731945
1203 2.509786268731945
1204 2.509786268731945
1205 2.215394446868681
1206 2.215394446868681
1207 2.215394446868681
1208 2.215394446868681
1209 2.4120280435962287
1210 2.4120280435962287
1211 2.4120280435962287
1212 2.4120280435962287
1213 2.373604749613306
1214 2.373604749613306
1215 2.373604749613306
1216 2.373604749613306
1217 2.2166163372417573
1218 2.2166163372417573
1219 2.2166163372417573
1220 2.2166163372417573
1221 2.1820808633862443
1222 2.1820808633862443
1223 2.1820808633862443
1224 2.1820808633862443
1225 2.275484129545221
1226 2.275484129545221
1227 2.275484129545221
1228 2.275484129545221
1229 2.519031783577689
1230 2.519031783577689
1231 2.519031783577689
1232 2.519031783577689
1233 2.4323407202877485
1234 3.4253578876994792
1235 3.4253578876994792
1236 3.4253578876994792
1237 3.4253578876994792
1238 3.581013446307335
1239 3.581013446307335
1240 3.581013446307335
1241 3.581013446307335
1242 3.448302625954897
1243 3.448302625954897
1244 3.448302625954897
1245 3.448302625954897
1246 3.3176225356534923
1247 3.3176225356534923
1248 3.3176225356534923
1249 3.3176225356534923
1250 3.542648341506775
1251 3.542648341506775
1252 3.542648341506775
1253 3.542648341506775
1254 3.118659549918364
1255 3.118659549918364
1256 4.283643846083464
1257 4.283643846083464
1258 4.283643846083464
1259 4.283643846083464
1260 3.8839068998920907
1261 3.8839068998920907
1262 3.8839068998920907
1263 3.8839068998920907
1264 3.9672042106769676
1265 3.9672042106769676
1266 0.6409030100697505
1267 0.6409030100697505
1268 0.6409030100697505
1269 0.6409030100697505
1270 0.6301979800823785
1271 0.6301979800823785
1272 0.6301979800823785
1273 0.6301979800823785
1274 0.5723693078339085
1275 0.5723693078339085
1276 0.5723693078339085
1277 0.5723693078339085
1278 0.6308348917110416
1279 0.6308348917110416
1280 0.6308348917110416
1281 0.6308348917110416
1282 0.6759116017777891
1283 0.6759116017777891
1284 0.6759116017777891
1285 0.6759116017777891
1286 0.6436477774468397
1287 0.6436477774468397
1288 0.6436477774468397
1289 0.6436477774468397
1290 0.7027645696450522
1291 0.7027645696450522
1292 0.7027645696450522
1293 3.9335646881274973
1294 3.9335646881274973
1295 3.9335646881274973
1296 3.9335646881274973
1297 3.3580071208391815
1298 1.4339372201397436
1299 1.4339372201397436
1300 1.4339372201397436
1301 1.4339372201397436
1302 1.432616395515859
1303 1.432616395515859
1304 1.432616395515859
1305 1.432616395515859
1306 1.6564025238660878
1307 1.6564025238660878
1308 1.6564025238660878
1309 1.6564025238660878
1310 1.5769625479812068
1311 1.5769625479812068
1312 1.5769625479812068
1313 1.5769625479812068
1314 1.4432060872963284
1315 1.4432060872963284
1316 1.4432060872963284
1317 1.4432060872963284
1318 0.7010194616519287
1319 0.7010194616519287
1320 0.7010194616519287
1321 0.7010194616519287
1322 0.6512037600235644
1323 0.6512037600235644
1324 0.6512037600235644
1325 0.6512037600235644
1326 0.684581424428522
1327 0.684581424428522
1328 0.684581424428522
1329 0.684581424428522
1330 0.6474592172170318
1331 0.6474592172170318
1332 0.6474592172170318
1333 0.6474592172170318
1334 0.7538028251553817
1335 0.7538028251553817
1336 0.7538028251553817
1337 0.7538028251553817
1338 0.6089225855502407
1339 0.6089225855502407
1340 0.6089225855502407
1341 0.6089225855502407
1342 0.5706274742793522
1343 0.5706274742793522
1344 0.5706274742793522
1345 0.5706274742793522
1346 0.7206333673475741
1347 0.7206333673475741
1348 0.7206333673475741
1349 0.7206333673475741
1350 0.5729773851051613
1351 0.5729773851051613
1352 0.5729773851051613
1353 0.5729773851051613
1354 0.7180023767073231
1355 0.7180023767073231
1356 0.7180023767073231
1357 0.7180023767073231
1358 0.5922866817663224
1359 0.5922866817663224
1360 0.5922866817663224
1361 0.5922866817663224
1362 0.6349296503163456
1363 3.2580733463817655
1364 3.2580733463817655
1365 3.2580733463817655
1366 3.2580733463817655
1367 3.3701259913992394
1368 3.3701259913992394
1369 3.3701259913992394
1370 3.3701259913992394
1371 3.8563030522781783
1372 3.8563030522781783
1373 3.8563030522781783
1374 3.8563030522781783
1375 3.2483595751175107
1376 3.2483595751175107
1377 3.2483595751175107
1378 3.2483595751175107
1379 3.0830959099200563
1380 3.0830959099200563
1381 3.0830959099200563
1382 3.0830959099200563
1383 2.201686665557286
1384 2.201686665557286
1385 2.201686665557286
1386 2.201686665557286
1387 2.351914986564529
1388 1.6072118519808647
1389 1.6072118519808647
1390 1.6072118519808647
1391 1.6072118519808647
1392 0.2131296188113861
1393 0.2131296188113861
1394 0.2131296188113861
1395 0.2131296188113861
1396 0.2102672932295914
1397 0.2102672932295914
1398 0.2102672932295914
1399 0.2102672932295914
1400 0.20552672730068947
1401 0.20552672730068947
1402 0.20552672730068947
1403 0.20552672730068947
1404 0.21432746924452753
1405 0.21432746924452753
1406 0.21432746924452753
1407 2.8599531256143362
1408 2.8599531256143362
1409 2.8599531256143362
1410 2.8599531256143362
1411 2.3280528880001645
1412 2.3280528880001645
1413 2.3280528880001645
1414 2.3280528880001645
1415 2.5894276227440574
1416 2.5894276227440574
1417 2.5894276227440574
1418 2.5894276227440574
1419 2.4191577209511688
1420 2.4191577209511688
1421 2.4191577209511688
1422 2.4191577209511688
1423 2.248421156712842
1424 2.248421156712842
1425 2.248421156712842
1426 2.248421156712842
1427 2.614862369393946
1428 2.614862369393946
1429 2.614862369393946
1430 2.614862369393946
1431 2.677589392255683
1432 2.677589392255683
1433 2.677589392255683
1434 2.677589392255683
1435 2.2511171584139866
1436 4.069143041348241
1437 4.069143041348241
1438 4.069143041348241
1439 4.069143041348241
1440 3.6479440832356222
1441 3.6479440832356222
1442 3.6479440832356222
1443 3.6479440832356222
1444 4.199681668899162
1445 4.199681668899162
1446 4.199681668899162
1447 4.199681668899162
1448 3.9463936400412223
1449 3.9463936400412223
1450 3.9463936400412223
1451 3.9463936400412223
1452 4.2227825366391984
1453 1.612519830922384
1454 1.612519830922384
1455 1.612519830922384
1456 1.612519830922384
1457 1.543954523891317
1458 1.543954523891317
1459 1.543954523891317
1460 1.543954523891317
1461 1.5327775810868127
1462 1.5327775810868127
1463 1.5327775810868127
1464 1.5327775810868127
1465 1.659132425053456
1466 1.659132425053456
1467 1.659132425053456
1468 1.659132425053456
1469 1.3691031451736633
1470 1.3691031451736633
1471 4.00455357103925
1472 4.00455357103925
1473 4.00455357103925
1474 4.00455357103925
1475 3.742783491223714
1476 3.742783491223714
1477 3.742783491223714
1478 3.742783491223714
1479 3.6533945762303546
1480 2.5482084908094875
1481 2.5482084908094875
1482 2.5482084908094875
1483 2.5482084908094875
1484 2.2496166737331573
1485 2.2496166737331573
1486 2.2496166737331573
1487 2.2496166737331573
1488 2.4025115697676536
1489 2.4025115697676536
1490 2.4025115697676536
1491 2.4025115697676536
1492 2.192185586825651
1493 2.192185586825651
1494 2.192185586825651
1495 2.192185586825651
1496 2.7097476904689994
1497 2.7097476904689994
1498 2.7097476904689994
1499 2.7097476904689994
1500 2.6184151028260887
1501 2.6184151028260887
1502 2.6184151028260887
1503 2.6184151028260887
1504 2.326389618178375
1505 2.326389618178375
1506 2.326389618178375
1507 1.1415503214344374
1508 1.1415503214344374
1509 1.1415503214344374
1510 1.1415503214344374
1511 1.027563807045638
1512 1.027563807045638
1513 1.027563807045638
1514 2.18797060654596
1515 2.18797060654596
1516 2.18797060654596
1517 2.18797060654596
1518 1.9052620869778627
1519 1.9052620869778627
1520 1.9052620869778627
1521 1.9052620869778627
1522 1.9677348856583288
1523 1.9677348856583288
1524 4.027648386111257
1525 4.027648386111257
1526 4.027648386111257
1527 4.027648386111257
1528 3.9009455560081996
1529 3.9009455560081996
1530 3.9009455560081996
1531 3.9009455560081996
1532 4.205624380218806
1533 4.205624380218806
1534 4.205624380218806
1535 4.205624380218806
1536 3.880568240150016
1537 3.880568240150016
1538 3.880568240150016
1539 3.880568240150016
1540 3.7832479395971075
1541 3.7832479395971075
1542 3.7832479395971075
1543 3.7832479395971075
1544 4.064578308811976
1545 4.064578308811976
1546 4.064578308811976
1547 4.064578308811976
1548 3.472620573429868
1549 3.472620573429868
1550 3.472620573429868
1551 3.472620573429868
1552 3.5111491037104035
1553 3.5111491037104035
1554 3.5111491037104035
1555 3.5111491037104035
1556 4.111566357490028
1557 4.111566357490028
1558 4.111566357490028
1559 4.111566357490028
1560 3.9382690373339932
1561 3.9382690373339932
1562 3.9382690373339932
1563 3.9382690373339932
1564 3.400180474818654
1565 3.400180474818654
1566 3.400180474818654
1567 3.400180474818654
1568 3.6747700873139952
1569 3.6747700873139952
1570 3.6747700873139952
1571 3.6747700873139952
1572 3.602536376893012
1573 3.602536376893012
1574 3.602536376893012
1575 3.602536376893012
1576 3.9895823120794227
1577 3.9895823120794227
1578 3.9895823120794227
1579 3.9895823120794227
1580 4.415286349139343
1581 4.415286349139343
1582 4.415286349139343
1583 4.415286349139343
1584 4.082476113401074
1585 4.082476113401074
1586 4.082476113401074
1587 4.082476113401074
1588 3.764055318879534
1589 3.764055318879534
1590 3.764055318879534
1591 3.764055318879534
1592 3.787315510479073
1593 3.787315510479073
1594 3.787315510479073
1595 3.787315510479073
1596 4.034429216098307
1597 4.034429216098307
1598 4.034429216098307
1599 4.034429216098307
1600 3.8434049434736823
1601 3.8434049434736823
1602 3.8434049434736823
1603 3.8434049434736823
1604 4.024349181917691
1605 4.024349181917691
1606 4.024349181917691
1607 4.024349181917691
1608 3.726609094295335
1609 3.726609094295335
1610 3.726609094295335
1611 3.726609094295335
1612 3.932849121914578
1613 3.932849121914578
1614 3.932849121914578
1615 3.932849121914578
1616 3.745506921222903
1617 3.745506921222903
1618 3.745506921222903
1619 3.745506921222903
1620 4.315321418035777
1621 4.315321418035777
1622 4.315321418035777
1623 4.315321418035777
1624 3.546316996548702
1625 3.546316996548702
1626 3.546316996548702
1627 3.546316996548702
1628 3.585076926340516
1629 3.585076926340516
1630 3.585076926340516
1631 3.585076926340516
1632 3.3705499565374817
1633 3.3705499565374817
1634 3.3705499565374817
1635 3.3705499565374817
1636 3.828901339156816
1637 3.828901339156816
1638 3.828901339156816
1639 2.37113369718697
1640 2.37113369718697
1641 2.37113369718697
1642 2.37113369718697
1643 2.824080383875544
1644 2.824080383875544
1645 2.824080383875544
1646 2.824080383875544
1647 2.6432149617497096
1648 2.6432149617497096
1649 2.6432149617497096
1650 2.6432149617497096
1651 2.4585618967737344
1652 2.4585618967737344
1653 2.4585618967737344
1654 2.4585618967737344
1655 2.7525242143522712
1656 2.7525242143522712
1657 2.7525242143522712
1658 2.7525242143522712
1659 2.484874989771644
1660 2.484874989771644
1661 2.484874989771644
1662 2.484874989771644
1663 2.668925539036413
1664 2.668925539036413
1665 2.668925539036413
1666 2.668925539036413
1667 2.5722491283628934
1668 2.5722491283628934
1669 2.5722491283628934
1670 2.5722491283628934
1671 2.4636185005311755
1672 2.4636185005311755
1673 2.4636185005311755
1674 0.9850699545092432
1675 0.9850699545092432
1676 0.9850699545092432
1677 0.9850699545092432
1678 1.1129882289282353
1679 1.1129882289282353
1680 1.1129882289282353
1681 1.1129882289282353
1682 1.254049882025734
1683 1.254049882025734
1684 1.254049882025734
1685 1.254049882025734
1686 1.0221281996211635
1687 1.0221281996211635
1688 1.0221281996211635
1689 1.0221281996211635
1690 1.112909044482198
1691 1.112909044482198
1692 1.112909044482198
1693 1.112909044482198
1694 2.6043663046925407
1695 2.6043663046925407
1696 2.6043663046925407
1697 2.6043663046925407
1698 2.6848131659505934
1699 2.6848131659505934
1700 2.6848131659505934
1701 2.6848131659505934
1702 2.63505804094397
1703 2.63505804094397
1704 1.7751071314614573
1705 1.7751071314614573
1706 1.7751071314614573
1707 1.7751071314614573
1708 2.1235630632520195
1709 2.1235630632520195
1710 2.1235630632520195
1711 2.1235630632520195
1712 1.8403797562070754
1713 1.8403797562070754
1714 1.8403797562070754
1715 1.8403797562070754
1716 2.1638328416728467
1717 2.1638328416728467
1718 2.1638328416728467
1719 2.1638328416728467
1720 1.9649526013211094
1721 1.9649526013211094
1722 1.9649526013211094
1723 1.9649526013211094
1724 2.0023884340112312
1725 2.0023884340112312
1726 2.0023884340112312
1727 2.0023884340112312
1728 2.1200873081626375
1729 2.1200873081626375
1730 2.1200873081626375
1731 2.1200873081626375
1732 2.033612249713778
1733 2.033612249713778
1734 2.033612249713778
1735 2.033612249713778
1736 1.9472021073132502
1737 1.9472021073132502
1738 1.9472021073132502
1739 1.9472021073132502
1740 3.0895795478582184
1741 3.0895795478582184
1742 3.0895795478582184
1743 3.0895795478582184
1744 3.222691802139204
1745 3.222691802139204
1746 3.222691802139204
1747 3.222691802139204
1748 2.8946911112153195
1749 2.8946911112153195
1750 2.8946911112153195
1751 2.8946911112153195
1752 3.037350550981123
1753 3.037350550981123
1754 3.037350550981123
1755 3.037350550981123
1756 3.229720759867786
1757 3.229720759867786
1758 3.229720759867786
1759 3.229720759867786
1760 2.847213464901574
1761 2.847213464901574
1762 2.847213464901574
1763 2.847213464901574
1764 2.853214928112835
1765 2.853214928112835
1766 2.853214928112835
1767 2.853214928112835
1768 3.113989629832157
1769 3.113989629832157
1770 3.113989629832157
1771 3.113989629832157
1772 3.0240642672167137
1773 3.0240642672167137
1774 3.0240642672167137
1775 3.0240642672167137
1776 2.910468844102799
1777 2.910468844102799
1778 2.455924120787529
1779 2.455924120787529
1780 2.455924120787529
1781 2.455924120787529
1782 2.3914085342884865
1783 2.3914085342884865
1784 2.3914085342884865
1785 2.3914085342884865
1786 2.597303720789299
1787 2.597303720789299
1788 2.597303720789299
1789 2.597303720789299
1790 2.4916107801447573
1791 2.4916107801447573
1792 2.4916107801447573
1793 2.4916107801447573
1794 2.2905222897955784
1795 2.2905222897955784
1796 2.2905222897955784
1797 2.2905222897955784
1798 2.4401998724399485
1799 2.4401998724399485
1800 2.4401998724399485
1801 2.4401998724399485
1802 2.5723787504939075
1803 2.5723787504939075
1804 2.5723787504939075
1805 2.5723787504939075
1806 2.3599871006682798
1807 2.3599871006682798
1808 2.3599871006682798
1809 2.3599871006682798
1810 2.4867184530409436
1811 2.4867184530409436
1812 2.4867184530409436
1813 2.4867184530409436
1814 2.167824980370083
1815 2.167824980370083
1816 2.167824980370083
1817 2.167824980370083
1818 2.7074593676476297
1819 2.7074593676476297
1820 2.7074593676476297
1821 2.7074593676476297
1822 2.649718474054082
1823 2.649718474054082
1824 2.649718474054082
1825 2.649718474054082
1826 2.4325350361600573
1827 2.4325350361600573
1828 2.4325350361600573
1829 2.4325350361600573
1830 2.2617857243682336
1831 2.2617857243682336
1832 2.2617857243682336
1833 2.2617857243682336
1834 2.298648914719969
1835 2.298648914719969
1836 2.298648914719969
1837 2.298648914719969
1838 2.5948540634222845
1839 2.5948540634222845
1840 2.5948540634222845
1841 2.5948540634222845
1842 2.4324805659414706
1843 2.4324805659414706
1844 2.4324805659414706
1845 2.4324805659414706
1846 2.6551168860017538
1847 2.6551168860017538
1848 2.6551168860017538
1849 2.6551168860017538
1850 2.3901534904151385
1851 2.3901534904151385
1852 2.3901534904151385
1853 2.3901534904151385
1854 2.326573047431291
1855 2.326573047431291
1856 2.326573047431291
1857 2.326573047431291
1858 2.4011985146031734
1859 2.4011985146031734
1860 2.4011985146031734
1861 2.4011985146031734
1862 2.5495028562486928
1863 2.5495028562486928
1864 2.5495028562486928
1865 2.5495028562486928
1866 2.376089644436407
1867 2.376089644436407
1868 2.376089644436407
1869 2.376089644436407
1870 2.3151136808313453
1871 2.3151136808313453
1872 2.3151136808313453
1873 2.3151136808313453
1874 2.1404050781835213
1875 2.1404050781835213
1876 2.1404050781835213
1877 2.1404050781835213
1878 2.3811350061023306
1879 2.3811350061023306
1880 2.3811350061023306
1881 2.3811350061023306
1882 2.7013727243059975
1883 2.7013727243059975
1884 2.7013727243059975
1885 2.7013727243059975
1886 2.39978522098768
1887 2.39978522098768
1888 2.39978522098768
1889 2.39978522098768
1890 2.148519183088192
1891 2.148519183088192
1892 2.148519183088192
1893 2.148519183088192
1894 2.612920776408626
1895 2.612920776408626
1896 2.612920776408626
1897 2.612920776408626
1898 2.4853923789384575
1899 2.4853923789384575
1900 2.4853923789384575
1901 2.4853923789384575
1902 2.5826539368322177
1903 2.5826539368322177
1904 2.5826539368322177
1905 2.5826539368322177
1906 2.462696308554495
1907 2.462696308554495
1908 2.462696308554495
1909 2.462696308554495
1910 2.674866026459622
1911 2.674866026459622
1912 2.674866026459622
1913 2.674866026459622
1914 2.5932272722553527
1915 2.5932272722553527
1916 2.5932272722553527
1917 2.5932272722553527
1918 2.4307309091058333
1919 2.4307309091058333
1920 2.4307309091058333
1921 2.4307309091058333
1922 2.4971250645399397
1923 2.4971250645399397
1924 2.4971250645399397
1925 2.4971250645399397
1926 2.309681084739869
1927 2.309681084739869
1928 2.309681084739869
1929 2.309681084739869
1930 2.3759992445929323
1931 2.3759992445929323
1932 2.3759992445929323
1933 2.3759992445929323
1934 2.3789818690139297
1935 2.3789818690139297
1936 2.3789818690139297
1937 2.3789818690139297
1938 2.604261069103239
1939 2.604261069103239
1940 2.604261069103239
1941 2.604261069103239
1942 2.2551767391739723
1943 2.2551767391739723
1944 2.2551767391739723
1945 2.6855065201441692
1946 2.6855065201441692
1947 2.6855065201441692
1948 2.6855065201441692
1949 2.8456965474420066
1950 2.486260322707522
1951 2.486260322707522
1952 2.486260322707522
1953 2.486260322707522
1954 2.373458161822454
1955 2.373458161822454
1956 2.373458161822454
1957 2.373458161822454
1958 2.6933349290848567
1959 2.6933349290848567
1960 2.6933349290848567
1961 2.6933349290848567
1962 2.5292209492342983
1963 2.5292209492342983
1964 2.5292209492342983
1965 2.5292209492342983
1966 2.3981505507651892
1967 2.3981505507651892
1968 2.3981505507651892
1969 0.6011922402140043
1970 2.0206179043127
1971 2.0206179043127
1972 2.0206179043127
1973 2.0206179043127
1974 2.0725349260480512
1975 2.0725349260480512
1976 2.0725349260480512
1977 2.0725349260480512
1978 2.051548255334066
1979 2.051548255334066
1980 2.051548255334066
1981 3.2206362242686626
1982 3.2206362242686626
1983 3.2206362242686626
1984 3.2206362242686626
1985 3.0869954193804676
1986 3.0869954193804676
1987 3.0869954193804676
1988 3.0869954193804676
1989 2.9291109940738016
1990 2.9291109940738016
1991 2.9291109940738016
1992 2.9291109940738016
1993 2.3171028848387056
1994 2.3171028848387056
1995 2.3171028848387056
1996 2.3171028848387056
1997 2.760952685409615
1998 2.760952685409615
1999 2.760952685409615
