0 1.6285107891591135
1 1.6285107891591135
2 1.5147281365759593
3 1.5147281365759593
4 1.0994858183722898
5 1.0994858183722898
6 0.7348097529499473
7 0.7348097529499473
8 0.6983185877027512
9 0.6983185877027512
10 1.1878119124357434
11 1.1878119124357434
12 1.158276883178229
13 1.158276883178229
14 1.0474398215520968
15 1.0474398215520968
16 0.5612993629489694
17 0.5612993629489694
18 0.6227874597239855
19 0.6227874597239855
20 1.2110012648211135
21 1.2110012648211135
22 1.1715604110449451
23 1.1715604110449451
24 1.5700180271331972
25 1.5700180271331972
26 1.2560031402218315
27 1.2560031402218315
28 1.3508928576269814
29 1.3508928576269814
30 1.2052641083777944
31 1.2052641083777944
32 0.5054881504592412
33 0.5054881504592412
34 1.1046219477369221
35 1.1046219477369221
36 1.1332507219426309
37 1.1332507219426309
38 1.1618748741177813
39 1.1618748741177813
40 1.0037490313572388
41 1.0037490313572388
42 1.4582779024302928
43 1.4582779024302928
44 1.643136196075519
45 1.643136196075519
46 0.9667812742786291
47 0.9667812742786291
48 1.2812389806461604
49 1.2812389806461604
50 0.7988630497445304
51 0.7988630497445304
52 1.4270644234647214
53 1.4270644234647214
54 0.8403916942774226
55 0.8403916942774226
56 0.5812862855633659
57 0.5812862855633659
58 1.588940062972809
59 1.588940062972809
60 1.260684873310583
61 1.260684873310583
62 1.5892762001707816
63 1.5892762001707816
64 0.596958372361541
65 0.596958372361541
66 1.8700435066546386
67 1.2654183091589388
68 1.2654183091589388
69 1.3625397982908467
70 1.3625397982908467
71 1.9179784502938322
72 1.9179784502938322
73 2.091539505454981
74 2.091539505454981
75 2.097206065669474
76 2.097206065669474
77 2.3692970896793497
78 2.3692970896793497
79 1.9989750775286024
80 1.9989750775286024
81 2.837930298294575
82 2.837930298294575
83 0.339203931888604
84 0.339203931888604
85 2.587890175158116
86 2.587890175158116
87 3.174178653407072
88 3.174178653407072
89 1.4748009344778388
90 1.4748009344778388
91 3.6998699243365882
92 3.6998699243365882
93 1.2405894624372635
94 1.2405894624372635
95 0.5390864058219875
96 0.5390864058219875
97 1.3171285793307008
98 1.3171285793307008
99 0.7474519320404305
100 0.7474519320404305
101 2.720261835550965
102 0.6933512393729442
103 0.6933512393729442
104 0.8191013027350864
105 0.8191013027350864
106 0.5741455330195154
107 0.5741455330195154
108 0.29506415479799136
109 0.29506415479799136
110 1.1313868146251669
111 1.1313868146251669
112 0.688386190301006
113 0.688386190301006
114 0.6297445740250176
115 0.6297445740250176
116 0.6022431143128142
117 0.6022431143128142
118 0.3921677977520841
119 0.3921677977520841
120 0.8334364348497267
121 0.8334364348497267
122 0.8265805340842102
123 0.8265805340842102
124 0.3697530442294582
125 0.3697530442294582
126 0.9594264079543375
127 0.9594264079543375
128 0.9138668232876288
129 0.9138668232876288
130 0.48508614807732925
131 0.48508614807732925
132 0.18439551146500432
133 0.18439551146500432
134 0.8173413216594664
135 0.8173413216594664
136 0.7825736411294207
137 0.7825736411294207
138 0.6138573706287814
139 0.6138573706287814
140 0.6772126038037035
141 0.6772126038037035
142 0.6638987330480237
143 0.6638987330480237
144 1.1752036351829975
145 1.1752036351829975
146 0.5751229745017228
147 0.5751229745017228
148 0.5751307325916625
149 0.5751307325916625
150 1.0920571363655245
151 1.0920571363655245
152 0.5052236084841393
153 0.5052236084841393
154 0.9536752568352335
155 0.9536752568352335
156 1.3081795153287397
157 1.3081795153287397
158 0.9676519444400431
159 0.9676519444400431
160 0.9943030225451122
161 0.9943030225451122
162 0.9611454667353159
163 0.9611454667353159
164 1.2300942062949596
165 1.2300942062949596
166 0.6920947811982564
167 0.6920947811982564
168 0.9789246792204298
169 0.9789246792204298
170 1.1493327533471114
171 1.1493327533471114
172 0.7720896784056068
173 0.7720896784056068
174 1.452403215678681
175 1.452403215678681
176 1.5320297755573402
177 1.5320297755573402
178 0.7269950275036203
179 0.7269950275036203
180 0.5601305694913083
181 0.5601305694913083
182 2.457505803659079
183 2.457505803659079
184 1.8365840702164746
185 1.8365840702164746
186 1.4355158953658318
187 1.4355158953658318
188 1.4563693041394312
189 1.4563693041394312
190 0.5312615275375105
191 0.5312615275375105
192 1.4359688352376792
193 1.4359688352376792
194 2.005534594029994
195 2.005534594029994
196 1.775852089475976
197 1.775852089475976
198 0.9468213167216109
199 0.9468213167216109
200 1.244257989071024
201 1.244257989071024
202 2.0800385221987048
203 2.0800385221987048
204 1.997906978993264
205 1.997906978993264
206 1.9390207786325442
207 1.9390207786325442
208 2.276540464862423
209 2.276540464862423
210 1.2736737124671829
211 1.2736737124671829
212 1.8611749666046415
213 1.8611749666046415
214 1.6658283201470157
215 1.6658283201470157
216 1.4916763623476905
217 1.4916763623476905
218 0.9139914996125706
219 0.9139914996125706
220 2.3449462947100024
221 2.3449462947100024
222 0.9441157062857943
223 0.9441157062857943
224 1.7029484037625333
225 1.7029484037625333
226 1.7322030484741888
227 1.7322030484741888
228 0.9492970901688043
229 0.9492970901688043
230 2.72672192517404
231 2.72672192517404
232 0.4311445361453605
233 0.4311445361453605
234 1.92012317491453
235 1.92012317491453
236 1.163465042319993
237 1.163465042319993
238 1.6070003211191717
239 1.6070003211191717
240 1.6162603280141978
241 1.6162603280141978
242 2.4489439750697306
243 2.4489439750697306
244 1.1300406780477437
245 1.1300406780477437
246 1.3671701064346578
247 1.3671701064346578
248 1.5707175069540926
249 1.5707175069540926
250 1.7020083990894064
251 1.7020083990894064
252 1.1288290442945885
253 1.1288290442945885
254 1.7454792014827742
255 1.7454792014827742
256 1.5502684556452109
257 1.5502684556452109
258 2.1842459044163713
259 2.1842459044163713
260 1.1206328445261713
261 1.1206328445261713
262 0.389723649018376
263 0.389723649018376
264 1.2042664708612447
265 1.2042664708612447
266 1.6522799976795561
267 1.6522799976795561
268 1.0978381234292165
269 1.0978381234292165
270 1.1376544237272286
271 1.1376544237272286
272 1.3129257449169058
273 1.3129257449169058
274 1.3353786553228433
275 1.3353786553228433
276 0.6266919741455829
277 0.6266919741455829
278 2.3463113675204976
279 2.3463113675204976
280 1.3505598901089795
281 1.3505598901089795
282 1.6161706627970922
283 1.6161706627970922
284 2.3324090896233463
285 2.3324090896233463
286 0.6592134459311688
287 0.6592134459311688
288 1.4770835725371734
289 1.4770835725371734
290 2.1585521465067887
291 2.1585521465067887
292 1.402667752379355
293 1.402667752379355
294 0.3898234425726619
295 0.3898234425726619
296 1.7717193959221926
297 1.7717193959221926
298 1.7434013686935046
299 1.7434013686935046
300 1.70288012170898
301 1.70288012170898
302 1.2996431851691388
303 1.2996431851691388
304 1.2659360172833107
305 1.2659360172833107
306 0.9935712730027794
307 0.9935712730027794
308 0.47421458202721944
309 0.47421458202721944
310 2.1254681908590007
311 2.1254681908590007
312 2.0937474642515825
313 2.0937474642515825
314 2.3228166873604614
315 2.3228166873604614
316 0.6354119763421363
317 0.6354119763421363
318 1.6706940731012683
319 1.6706940731012683
320 1.5631296557312322
321 1.5631296557312322
322 1.724003274234927
323 1.724003274234927
324 1.2464710237251042
325 1.2464710237251042
326 1.4054243436462275
327 1.4054243436462275
328 2.311782981545922
329 2.311782981545922
330 2.1965329937995435
331 2.1965329937995435
332 2.2301099982193087
333 2.2301099982193087
334 1.5402368543242506
335 1.5402368543242506
336 1.0000461894015014
337 1.0000461894015014
338 0.8501737865057158
339 0.8501737865057158
340 1.3069526515240044
341 1.3069526515240044
342 2.090657457652739
343 2.090657457652739
344 1.7297964540525101
345 1.7297964540525101
346 1.9664124230427604
347 1.9664124230427604
348 1.7439409997730806
349 1.7439409997730806
350 2.3384013905047167
351 2.3384013905047167
352 1.3797385919869338
353 1.3797385919869338
354 1.8718810165800939
355 1.8718810165800939
356 1.43754035396322
357 1.43754035396322
358 1.4724592880959388
359 1.4724592880959388
360 1.228190718909069
361 1.228190718909069
362 2.4106537861232806
363 2.4106537861232806
364 1.5806120477182268
365 1.5806120477182268
366 1.4903322335696711
367 1.4903322335696711
368 2.168758763750907
369 2.168758763750907
370 1.4002892452835958
371 1.4002892452835958
372 1.340892080050723
373 1.340892080050723
374 1.065299000266718
375 1.065299000266718
376 2.1021722235504696
377 2.1021722235504696
378 2.029528680307528
379 2.029528680307528
380 1.8696485886231844
381 1.8696485886231844
382 1.8171873482609757
383 1.8171873482609757
384 1.720882243677576
385 1.720882243677576
386 0.7826582289339902
387 0.7826582289339902
388 2.4081023844970586
389 2.4081023844970586
390 2.2867771611582626
391 2.2867771611582626
392 1.3405515514512545
393 5.181408500373926
394 5.181408500373926
395 5.6584752879613465
396 5.6584752879613465
397 4.345751211160665
398 4.345751211160665
399 3.2521136710762946
400 3.2521136710762946
401 3.7933251917191484
402 3.7933251917191484
403 4.711682012192469
404 4.711682012192469
405 5.170684261410751
406 5.170684261410751
407 2.9919938031037963
408 2.9919938031037963
409 2.7779015242229663
410 2.7779015242229663
411 2.5965584843211573
412 2.5965584843211573
413 4.704066696192247
414 4.704066696192247
415 4.11119475355926
416 4.11119475355926
417 3.380768131982518
418 3.380768131982518
419 6.544074494239299
420 6.544074494239299
421 4.228345054778614
422 4.228345054778614
423 4.162262908481301
424 4.162262908481301
425 3.8206607905265475
426 3.8206607905265475
427 3.303358063522994
428 3.303358063522994
429 3.4157604859984794
430 3.4157604859984794
431 6.681666810409566
432 6.681666810409566
433 4.005011269100157
434 4.005011269100157
435 3.569547423086259
436 3.569547423086259
437 4.295868755870345
438 4.295868755870345
439 4.594693406436223
440 4.594693406436223
441 4.694013971299992
442 4.694013971299992
443 4.885485962331183
444 4.885485962331183
445 3.7645924329547658
446 3.7645924329547658
447 4.950539104820481
448 4.950539104820481
449 5.52934088669201
450 5.52934088669201
451 3.5168025529467495
452 3.5168025529467495
453 4.310222520093055
454 4.310222520093055
455 2.8837196559387896
456 2.8837196559387896
457 4.138951219090568
458 4.138951219090568
459 3.273960061403858
460 3.273960061403858
461 1.1523104019654613
462 1.1523104019654613
463 3.5115539109194454
464 3.5115539109194454
465 5.007500661056377
466 5.007500661056377
467 1.2957116642748319
468 1.2957116642748319
469 7.0381712851659355
470 7.0381712851659355
471 4.373736081765096
472 4.373736081765096
473 3.207024971805443
474 3.207024971805443
475 6.78008752296506
476 6.78008752296506
477 4.220570719396414
478 4.220570719396414
479 2.8809047592651083
480 2.8809047592651083
481 4.23214192571988
482 4.23214192571988
483 6.117267351220427
484 6.117267351220427
485 6.1544305303448645
486 6.1544305303448645
487 3.3826403717168145
488 3.3826403717168145
489 1.4884122646650058
490 1.4884122646650058
491 3.1562605336309844
492 3.1562605336309844
493 4.56185842441765
494 4.56185842441765
495 4.395452314670493
496 4.395452314670493
497 3.3609450375460863
498 3.3609450375460863
499 2.481391493685053
500 2.481391493685053
501 3.538977101420004
502 3.538977101420004
503 4.688239238983534
504 4.688239238983534
505 4.7345610241251315
506 4.7345610241251315
507 2.867020993577083
508 2.867020993577083
509 3.4754101158877333
510 3.4754101158877333
511 2.777935056576591
512 2.777935056576591
513 2.378083696536068
514 2.378083696536068
515 2.689513368228586
516 2.689513368228586
517 1.7669964658907933
518 1.7669964658907933
519 4.32694064601111
520 4.32694064601111
521 3.973024429716256
522 3.973024429716256
523 3.4987381439450487
524 3.4987381439450487
525 4.44552610598071
526 4.44552610598071
527 2.8729663981802513
528 2.8729663981802513
529 3.886450038387468
530 4.532729533607892
531 4.532729533607892
532 0.25225692864615645
533 0.25225692864615645
534 3.5702996545490007
535 3.5702996545490007
536 3.1863134982186465
537 3.1863134982186465
538 5.868295305459975
539 5.868295305459975
540 3.5696353887755397
541 3.5696353887755397
542 0.9969414200977553
543 0.9969414200977553
544 8.007178935308364
545 8.007178935308364
546 4.747534669870011
547 4.747534669870011
548 5.426960311616481
549 5.426960311616481
550 3.5172149975259197
551 3.5172149975259197
552 4.897808958572959
553 4.897808958572959
554 4.3014633568345335
555 4.3014633568345335
556 3.135257301918701
557 3.135257301918701
558 4.025154146149197
559 4.025154146149197
560 3.563512124684412
561 3.563512124684412
562 5.962238676656438
563 5.962238676656438
564 2.1720943892740747
565 2.1720943892740747
566 2.8355584796192486
567 2.8355584796192486
568 3.6684140357188477
569 3.6684140357188477
570 5.28485746533256
571 5.28485746533256
572 3.1371849303345867
573 3.1371849303345867
574 4.288787851927709
575 4.288787851927709
576 3.6363310401363873
577 3.6363310401363873
578 4.301476735590059
579 4.301476735590059
580 3.771980201416837
581 3.771980201416837
582 6.261742899776949
583 6.261742899776949
584 4.958073997665625
585 4.958073997665625
586 5.924457574496961
587 5.924457574496961
588 4.215014487000899
589 4.215014487000899
590 3.5459377093881406
591 3.5459377093881406
592 5.240226103888791
593 5.240226103888791
594 6.767272854579655
595 6.767272854579655
596 4.27416906206838
597 4.27416906206838
598 3.918871592133783
599 3.918871592133783
600 5.932109606176715
601 5.932109606176715
602 2.4066252500987737
603 2.4066252500987737
604 4.028133620411442
605 4.028133620411442
606 5.47070244938086
607 5.47070244938086
608 4.877944597632061
609 4.877944597632061
610 5.334564378764233
611 5.334564378764233
612 3.888564693351523
613 3.888564693351523
614 1.5576549287681298
615 1.5576549287681298
616 1.842056510408915
617 1.842056510408915
618 5.299300410088432
619 5.299300410088432
620 3.485892594648378
621 3.485892594648378
622 3.7467111945060356
623 3.7467111945060356
624 3.3669766933370733
625 3.3669766933370733
626 4.17321272261006
627 4.17321272261006
628 6.21931733753304
629 1.266325026298722
630 1.266325026298722
631 1.6790927569986547
632 1.6790927569986547
633 2.9470721336388417
634 2.9470721336388417
635 4.727644429773079
636 4.727644429773079
637 2.3268314481477805
638 2.3268314481477805
639 4.34473590166439
640 4.34473590166439
641 3.4334779484597755
642 3.4334779484597755
643 3.1491022761471434
644 3.1491022761471434
645 3.755164869703481
646 3.755164869703481
647 2.1441714885655103
648 2.1441714885655103
649 1.24027503315118
650 1.24027503315118
651 4.7824795708168955
652 4.7824795708168955
653 5.901607468923798
654 5.901607468923798
655 5.022221097712796
656 5.022221097712796
657 2.746526621293084
658 2.746526621293084
659 3.5564721554467185
660 3.5564721554467185
661 5.1517605777919275
662 5.1517605777919275
663 6.159323256468163
664 6.159323256468163
665 3.8592218792007693
666 3.8592218792007693
667 3.356918605654876
668 3.356918605654876
669 4.754582735312597
670 4.754582735312597
671 2.6695159149393857
672 2.6695159149393857
673 4.575457690199486
674 4.575457690199486
675 2.505532088230006
676 2.505532088230006
677 3.2422555755706326
678 3.2422555755706326
679 3.175717048204894
680 3.175717048204894
681 2.452737509172338
682 2.452737509172338
683 4.5766185823459615
684 4.5766185823459615
685 3.131368437262722
686 3.131368437262722
687 1.8629073769434317
688 1.8629073769434317
689 4.125348241871087
690 4.125348241871087
691 0.9394262027461973
692 0.9394262027461973
693 4.680970823070234
694 4.680970823070234
695 2.373775514759922
696 2.373775514759922
697 4.39809067050843
698 4.39809067050843
699 3.605181572057216
700 3.605181572057216
701 4.945348550286667
702 4.945348550286667
703 3.326546662719313
704 3.326546662719313
705 3.381038768374503
706 3.381038768374503
707 5.432332209487193
708 5.432332209487193
709 3.391122138435001
710 3.391122138435001
711 5.49702021594552
712 5.49702021594552
713 2.5146470789756807
714 2.5146470789756807
715 3.8705126108039827
716 3.8705126108039827
717 3.6672536187531044
718 3.6672536187531044
719 3.5834555510346506
720 3.5834555510346506
721 2.2421805065048983
722 2.2421805065048983
723 2.5137313585990766
724 2.5137313585990766
725 2.2226330063258173
726 2.2226330063258173
727 3.8115622870988317
728 3.8115622870988317
729 4.652937747297823
730 4.652937747297823
731 3.789455941860083
732 3.789455941860083
733 4.53087538890348
734 4.53087538890348
735 3.0272559121773774
736 3.0272559121773774
737 3.9361067950625905
738 3.9361067950625905
739 2.948483803220543
740 2.948483803220543
741 5.019599416714209
742 5.019599416714209
743 3.6113872942582805
744 3.6113872942582805
745 5.580897622125239
746 5.580897622125239
747 2.705730306545317
748 2.705730306545317
749 1.9643480048107258
750 1.9643480048107258
751 0.7361039007012162
752 0.7361039007012162
753 1.2822737970630413
754 1.2822737970630413
755 4.547162207862043
756 4.547162207862043
757 3.8356606421627717
758 3.8356606421627717
759 4.724366413612916
760 4.724366413612916
761 3.999930112433641
762 3.999930112433641
763 5.34667162402924
764 5.34667162402924
765 3.2482032852246867
766 3.2482032852246867
767 2.3392024990862543
768 2.3392024990862543
769 4.296567957895498
770 4.296567957895498
771 4.724952991300839
772 4.724952991300839
773 3.9919998804144066
774 4.4069894226499455
775 4.4069894226499455
776 4.965100262094544
777 4.965100262094544
778 4.0985239563575275
779 4.0985239563575275
780 6.121675069187288
781 6.121675069187288
782 3.3461965156181845
783 3.3461965156181845
784 4.003332318412149
785 4.003332318412149
786 2.3564411931360363
787 2.3564411931360363
788 4.072252699829858
789 4.072252699829858
790 3.802777011819404
791 3.802777011819404
792 3.0266596837937025
793 3.0266596837937025
794 4.567758501370575
795 4.567758501370575
796 4.3834618366891505
797 4.3834618366891505
798 5.907072039338486
799 5.907072039338486
800 7.349885239878789
801 7.349885239878789
802 4.173884171580316
803 4.173884171580316
804 4.039090323430908
805 4.039090323430908
806 2.9138089466740005
807 2.9138089466740005
808 6.550337846062326
809 6.550337846062326
810 3.342929162072749
811 3.342929162072749
812 4.195765038441673
813 4.195765038441673
814 5.755819865966583
815 5.755819865966583
816 1.3779874490600876
817 1.3779874490600876
818 1.0674703869015822
819 1.0674703869015822
820 1.7835861972453202
821 1.7835861972453202
822 1.9808336786126894
823 1.9808336786126894
824 0.7557655424071472
825 0.7557655424071472
826 1.4423594046583126
827 1.4423594046583126
828 1.5795162976505672
829 1.5795162976505672
830 1.6969918443537657
831 1.6969918443537657
832 1.7694809397555014
833 0.20983561699934064
834 0.20983561699934064
835 0.18680483656193697
836 0.18680483656193697
837 0.21548675045849858
838 0.21548675045849858
839 0.1913675678151694
840 0.1913675678151694
841 0.19077679719336724
842 0.19077679719336724
843 0.1
844 0.1
845 0.11105210460154467
846 0.11105210460154467
847 0.28501470434579923
848 0.28501470434579923
849 0.29019062106484766
850 0.29019062106484766
851 0.1
852 0.1
853 0.331840373036947
854 0.331840373036947
855 0.15530020428402314
856 0.15530020428402314
857 0.13671083893922778
858 0.13671083893922778
859 0.2317159280228796
860 0.2317159280228796
861 0.13820631617155854
862 0.13820631617155854
863 0.2982679073931139
864 0.2982679073931139
865 0.1665200774128405
866 0.1665200774128405
867 0.1
868 0.1
869 0.12624676731132478
870 0.12624676731132478
871 0.20045060473359774
872 0.20045060473359774
873 0.20759382097152365
874 0.20759382097152365
875 0.15379651050459103
876 0.15379651050459103
877 0.23918606742198947
878 0.23918606742198947
879 0.10354445510357202
880 0.10354445510357202
881 0.1
882 0.1
883 0.17911261450921823
884 0.17911261450921823
885 0.19272515323238465
886 0.19272515323238465
887 0.18942402617356346
888 0.18942402617356346
889 0.1
890 0.1
891 0.25660013812394666
892 0.25660013812394666
893 0.2222480456390495
894 0.2222480456390495
895 0.1693859019177442
896 0.1693859019177442
897 0.2622339687678362
898 0.2622339687678362
899 0.22264542304760931
900 0.22264542304760931
901 0.12367424426463172
902 0.12367424426463172
903 0.1782738159024049
904 0.1782738159024049
905 0.20254653650856635
906 0.20254653650856635
907 0.2034241008776394
908 0.2034241008776394
909 0.21351733078768684
910 0.21351733078768684
911 0.1375455900677034
912 0.1375455900677034
913 0.12330090373482783
914 0.12330090373482783
915 0.18904401506945212
916 0.18904401506945212
917 0.25366958184260063
918 0.25366958184260063
919 0.32077174692940275
920 0.32077174692940275
921 0.3506571491500703
922 1.80237343248178
923 1.80237343248178
924 1.621500501523512
925 1.621500501523512
926 2.00177753502701
927 2.00177753502701
928 1.9792899689299943
929 1.9792899689299943
930 0.8461613934802488
931 0.8461613934802488
932 1.5626001896976431
933 1.5626001896976431
934 0.822404536424478
935 2.1325750624692863
936 2.1325750624692863
937 3.2458743073009826
938 3.2458743073009826
939 3.2107822136815987
940 3.2107822136815987
941 3.871688168916504
942 3.871688168916504
943 3.061144541120087
944 3.061144541120087
945 1.8459124686979194
946 1.8459124686979194
947 4.13411975903898
948 4.13411975903898
949 3.676097038381244
950 3.676097038381244
951 5.632760427675508
952 5.632760427675508
953 3.893584514529291
954 3.893584514529291
955 3.291701709311754
956 3.291701709311754
957 5.820033526604682
958 5.820033526604682
959 3.0627059966559855
960 3.0627059966559855
961 3.3483132917889487
962 3.3483132917889487
963 2.7595895026549218
964 2.7595895026549218
965 1.7693869615560558
966 1.7693869615560558
967 2.753198848877621
968 2.753198848877621
969 1.6159045558647152
970 1.6159045558647152
971 2.550354461364525
972 2.550354461364525
973 2.2200844298760654
974 2.2200844298760654
975 3.1734166309726755
976 3.1734166309726755
977 2.241020266640589
978 2.241020266640589
979 4.132261368412032
980 4.132261368412032
981 3.2001308664847543
982 3.2001308664847543
983 1.4044195234875767
984 1.4044195234875767
985 1.980941797511661
986 1.980941797511661
987 2.96224980107958
988 2.96224980107958
989 1.209942457547179
990 1.209942457547179
991 2.6258129195816386
992 2.6258129195816386
993 1.0609057365727153
994 1.0609057365727153
995 2.001860248333695
996 2.001860248333695
997 1.859032073528073
998 1.859032073528073
999 2.598597186015491
1000 2.598597186015491
1001 2.482408436937757
1002 2.482408436937757
1003 2.8841385337058
1004 2.8841385337058
1005 0.28093519707127235
1006 0.28093519707127235
1007 2.097705483467357
1008 2.097705483467357
1009 1.6649815807966026
1010 1.6649815807966026
1011 1.6651636181803944
1012 1.6651636181803944
1013 2.410542524769684
1014 2.410542524769684
1015 2.3928318384815372
1016 2.3928318384815372
1017 2.8310343931117083
1018 2.8310343931117083
1019 2.525979296927557
1020 2.525979296927557
1021 1.0921358098813276
1022 1.0921358098813276
1023 2.3022847864636757
1024 2.3022847864636757
1025 2.377020635550361
1026 2.377020635550361
1027 2.8122080366252264
1028 2.8122080366252264
1029 2.9966747930418713
1030 2.9966747930418713
1031 2.5807389345310106
1032 2.5807389345310106
1033 2.277686604875952
1034 2.277686604875952
1035 1.5437090103953648
1036 1.5437090103953648
1037 2.2890416723591116
1038 2.2890416723591116
1039 1.7955930016188464
1040 1.7955930016188464
1041 2.325556172947317
1042 2.325556172947317
1043 2.520758294586898
1044 2.520758294586898
1045 2.179686300169649
1046 2.179686300169649
1047 1.8276866406870007
1048 1.8276866406870007
1049 2.0633032337815864
1050 2.0633032337815864
1051 1.2648745966460302
1052 1.2648745966460302
1053 2.2354682697957915
1054 2.2354682697957915
1055 1.8506087624168874
1056 1.8506087624168874
1057 2.3815300112490427
1058 2.3815300112490427
1059 0.4203968403548737
1060 0.4203968403548737
1061 2.288641788776814
1062 2.288641788776814
1063 1.595660644644258
1064 1.595660644644258
1065 3.1373579570585726
1066 3.1373579570585726
1067 2.4278917808749756
1068 2.4278917808749756
1069 1.7352209150610756
1070 1.7352209150610756
1071 1.9956949661650787
1072 1.9956949661650787
1073 2.2243953377367687
1074 2.2243953377367687
1075 2.737151047564356
1076 2.737151047564356
1077 2.8179135190489566
1078 2.8179135190489566
1079 1.8477723223257418
1080 1.8477723223257418
1081 2.334512970910714
1082 2.334512970910714
1083 2.1794258913638833
1084 2.1794258913638833
1085 2.787937099404698
1086 2.787937099404698
1087 1.770610827815016
1088 1.770610827815016
1089 1.8835750059290273
1090 1.8835750059290273
1091 1.475723317958797
1092 1.475723317958797
1093 1.7207029264423312
1094 1.7207029264423312
1095 1.8148058396480977
1096 1.8148058396480977
1097 2.3302781936869112
1098 2.3302781936869112
1099 2.6907063047013517
1100 2.6907063047013517
1101 1.8940026677350499
1102 1.8940026677350499
1103 2.765639225181702
1104 2.765639225181702
1105 2.1468228400801332
1106 2.1468228400801332
1107 1.2999292271636729
1108 1.2999292271636729
1109 2.471516972562675
1110 2.471516972562675
1111 1.2624225294208506
1112 1.2624225294208506
1113 1.3321090818234769
1114 1.3321090818234769
1115 1.9866249925059043
1116 1.9866249925059043
1117 1.3671285409435439
1118 1.3671285409435439
1119 1.2393851491890975
1120 1.2393851491890975
1121 2.323071482307289
1122 2.323071482307289
1123 3.1091785338698052
1124 3.1091785338698052
1125 0.8600698243435967
1126 0.8600698243435967
1127 1.8308976347876518
1128 1.8308976347876518
1129 1.0776864441817078
1130 1.0776864441817078
1131 1.7796337265675293
1132 1.7796337265675293
1133 1.0014644390598317
1134 1.0014644390598317
1135 1.8604774321639257
1136 1.8604774321639257
1137 1.4267990026328592
1138 1.4267990026328592
1139 0.747435011669771
1140 0.747435011669771
1141 2.2412223445506503
1142 2.2412223445506503
1143 1.7452731400529657
1144 1.7452731400529657
1145 1.7937182278060404
1146 1.7937182278060404
1147 2.0433761180658663
1148 2.0433761180658663
1149 2.4412518832475327
1150 2.4412518832475327
1151 1.735404464456988
1152 1.735404464456988
1153 2.239636255454558
1154 2.239636255454558
1155 1.7485224337639036
1156 1.7485224337639036
1157 2.0751954619070347
1158 2.0751954619070347
1159 2.2926740500719127
1160 2.2926740500719127
1161 2.2143714203241442
1162 2.2143714203241442
1163 2.1509423582301905
1164 2.1509423582301905
1165 2.610959488823736
1166 2.610959488823736
1167 3.039880147877394
1168 3.039880147877394
1169 2.100924159158069
1170 2.100924159158069
1171 0.8302940497083229
1172 0.8302940497083229
1173 1.2293885693002478
1174 1.2293885693002478
1175 1.4443792897326158
1176 1.4443792897326158
1177 1.5964033759961687
1178 1.5964033759961687
1179 3.072737493086248
1180 3.072737493086248
1181 1.5811330259770595
1182 1.5811330259770595
1183 2.2510438703424893
1184 2.2510438703424893
1185 0.9528570552358893
1186 0.9528570552358893
1187 2.437907824829189
1188 2.437907824829189
1189 2.3388629762667623
1190 2.3388629762667623
1191 2.239467442463304
1192 2.239467442463304
1193 2.088224753350737
1194 2.088224753350737
1195 2.9382685855867035
1196 2.9382685855867035
1197 1.5743095670459766
1198 1.5743095670459766
1199 1.2748061476285648
1200 1.2748061476285648
1201 2.0088988425799523
1202 2.0088988425799523
1203 2.7379623030696987
1204 2.7379623030696987
1205 2.5024624275332186
1206 2.5024624275332186
1207 1.6267106697005953
1208 1.6267106697005953
1209 2.6542513300251107
1210 2.6542513300251107
1211 1.6658970607283323
1212 1.6658970607283323
1213 2.151172876111707
1214 2.151172876111707
1215 1.340601476050041
1216 1.340601476050041
1217 1.2287859771914995
1218 1.2287859771914995
1219 1.9628201714241715
1220 1.9628201714241715
1221 2.369541866743556
1222 2.369541866743556
1223 2.569312980618487
1224 2.569312980618487
1225 1.0763823304171614
1226 1.0763823304171614
1227 1.3360906957508634
1228 1.3360906957508634
1229 1.498230417331306
1230 1.498230417331306
1231 2.0223095402509377
1232 2.0223095402509377
1233 1.9739780632047752
1234 1.9739780632047752
1235 2.138393156136804
1236 2.138393156136804
1237 1.6694621270715222
1238 1.6694621270715222
1239 1.8522013571771376
1240 1.8522013571771376
1241 2.281304594069391
1242 2.281304594069391
1243 1.4827923242586025
1244 1.4827923242586025
1245 3.575769176873743
1246 3.575769176873743
1247 2.349062652783493
1248 2.349062652783493
1249 3.0553018949191393
1250 3.0553018949191393
1251 1.62472200807299
1252 1.62472200807299
1253 2.0414192648247966
1254 2.0414192648247966
1255 0.7836016077866923
1256 0.7836016077866923
1257 0.8456427549156557
1258 0.8456427549156557
1259 0.7716027380160793
1260 0.7716027380160793
1261 0.7227730268573441
1262 0.7227730268573441
1263 0.6971825864920258
1264 0.6971825864920258
1265 0.5943540013480534
1266 0.5943540013480534
1267 0.4924604758623114
1268 0.4924604758623114
1269 0.33483922136018857
1270 0.33483922136018857
1271 0.4634190057001485
1272 0.4634190057001485
1273 0.2714666413015216
1274 0.2714666413015216
1275 0.7671778395395972
1276 0.7671778395395972
1277 0.5530589167752843
1278 0.5530589167752843
1279 0.5113012539704462
1280 0.5113012539704462
1281 0.9954165203463579
1282 0.9954165203463579
1283 0.48637729583293415
1284 0.48637729583293415
1285 0.7952437256589646
1286 0.7952437256589646
1287 2.1439422013085188
1288 2.1439422013085188
1289 0.8600609722310486
1290 0.8600609722310486
1291 1.9943060319870138
1292 1.9943060319870138
1293 2.717352228877299
1294 2.717352228877299
1295 2.247688704610849
1296 2.247688704610849
1297 4.043553688075284
1298 0.6138096996999806
1299 0.6138096996999806
1300 0.25689602286543267
1301 0.25689602286543267
1302 0.7118596806638507
1303 0.7118596806638507
1304 0.8846208532043912
1305 0.8846208532043912
1306 0.8084455869047416
1307 0.8084455869047416
1308 0.41057557251507487
1309 0.41057557251507487
1310 0.6699894614754078
1311 0.6699894614754078
1312 0.5930932502748479
1313 0.5930932502748479
1314 0.6368042227215563
1315 0.6368042227215563
1316 0.3509570674928297
1317 0.3509570674928297
1318 0.6948488675719693
1319 0.6948488675719693
1320 0.5704739002593207
1321 0.5704739002593207
1322 0.5822414693731987
1323 0.5822414693731987
1324 0.6389250103931385
1325 0.6389250103931385
1326 0.12571205124947504
1327 0.12571205124947504
1328 1.0710524458742678
1329 1.0710524458742678
1330 0.8571845124149229
1331 0.8571845124149229
1332 0.5321090238394689
1333 0.5321090238394689
1334 0.7487930188060565
1335 0.7487930188060565
1336 0.7083289671444484
1337 0.7083289671444484
1338 0.46973109689910275
1339 0.46973109689910275
1340 0.4262120048276411
1341 0.4262120048276411
1342 0.38107207048541597
1343 0.38107207048541597
1344 0.5157390594401844
1345 0.5157390594401844
1346 0.8904133840921988
1347 0.8904133840921988
1348 0.48606030659486066
1349 0.48606030659486066
1350 0.8530771094679835
1351 3.7333547704113643
1352 3.7333547704113643
1353 3.8166705715123372
1354 3.8166705715123372
1355 2.0995689432510884
1356 2.0995689432510884
1357 2.2111573157157833
1358 2.2111573157157833
1359 2.0077687473846373
1360 2.0077687473846373
1361 1.606186020611511
1362 1.606186020611511
1363 1.4746358680506504
1364 1.4746358680506504
1365 2.44668596408784
1366 2.44668596408784
1367 1.436379260328828
1368 1.436379260328828
1369 0.5898582623848951
1370 0.5898582623848951
1371 1.7678927944927767
1372 1.7678927944927767
1373 2.5634574752385206
1374 2.5634574752385206
1375 1.4049205869328356
1376 1.4049205869328356
1377 1.7483214871906618
1378 1.7483214871906618
1379 1.4901628183687707
1380 1.4901628183687707
1381 1.6300894963422632
1382 1.6300894963422632
1383 1.1767377823802176
1384 1.1767377823802176
1385 1.8198850622356688
1386 1.8198850622356688
1387 2.1362274282676603
1388 2.1362274282676603
1389 1.4491438121110134
1390 1.4491438121110134
1391 1.0707072912119946
1392 1.0707072912119946
1393 2.059097805002023
1394 2.059097805002023
1395 0.9236124594595936
1396 0.9236124594595936
1397 2.2217739690301377
1398 2.2217739690301377
1399 1.8911546338957388
1400 1.8911546338957388
1401 1.6692055136345787
1402 1.6692055136345787
1403 2.386818552457175
1404 2.386818552457175
1405 1.5509530094258186
1406 1.5509530094258186
1407 2.5870640667454095
1408 2.5870640667454095
1409 1.3418412604457841
1410 1.3418412604457841
1411 1.2506182545384235
1412 1.2506182545384235
1413 0.9835612427546807
1414 0.9835612427546807
1415 1.1785270935830203
1416 1.1785270935830203
1417 1.9157567908253972
1418 1.9157567908253972
1419 1.7832780360152716
1420 1.7832780360152716
1421 1.4608511504293107
1422 1.4608511504293107
1423 1.3061619066406562
1424 1.3061619066406562
1425 1.2283765541063802
1426 1.2283765541063802
1427 1.450405826766569
1428 1.450405826766569
1429 1.712693734407557
1430 1.712693734407557
1431 2.263976830785934
1432 2.263976830785934
1433 1.312410944329828
1434 1.312410944329828
1435 1.873300234035821
1436 1.873300234035821
1437 1.6226480580513165
1438 1.6226480580513165
1439 0.8626286727101531
1440 0.8626286727101531
1441 0.9124915614035412
1442 0.9124915614035412
1443 1.752890923201577
1444 1.752890923201577
1445 0.8649062264931877
1446 0.8649062264931877
1447 2.0611281744546948
1448 2.0611281744546948
1449 1.330514072296888
1450 1.330514072296888
1451 1.494199762982101
1452 1.494199762982101
1453 0.9877774522335734
1454 0.9877774522335734
1455 1.8580613472157734
1456 1.8580613472157734
1457 2.515935765207475
1458 2.515935765207475
1459 0.5253343846415583
1460 0.5253343846415583
1461 1.556557650383234
1462 1.556557650383234
1463 1.4486668103935885
1464 1.4486668103935885
1465 1.5399073495379445
1466 1.5399073495379445
1467 1.5776742819917076
1468 1.5776742819917076
1469 2.005454657674626
1470 2.005454657674626
1471 1.803730024671832
1472 1.803730024671832
1473 1.4917536346185258
1474 1.4917536346185258
1475 1.505639351195915
1476 1.505639351195915
1477 1.881576306732476
1478 1.881576306732476
1479 1.077383819866488
1480 1.077383819866488
1481 0.1
1482 0.1
1483 2.594118463673871
1484 2.594118463673871
1485 3.1904989748742034
1486 3.1904989748742034
1487 1.9114977820688115
1488 1.9114977820688115
1489 2.510336707893384
1490 2.510336707893384
1491 1.5835980202417126
1492 1.5835980202417126
1493 3.8817120384010564
1494 3.8817120384010564
1495 1.9533310129962507
1496 1.9533310129962507
1497 4.0352482330470645
1498 4.0352482330470645
1499 1.5923884067730234
1500 1.5923884067730234
1501 2.805691094864423
1502 2.805691094864423
1503 1.983961362554152
1504 1.983961362554152
1505 2.5444697394478952
1506 2.5444697394478952
1507 2.229570601615879
1508 2.229570601615879
1509 2.603894269968808
1510 2.603894269968808
1511 2.9919480559664913
1512 2.9919480559664913
1513 2.3151737424517425
1514 2.3151737424517425
1515 4.0328606027082365
1516 4.0328606027082365
1517 3.308446438841446
1518 3.308446438841446
1519 0.6864707264811309
1520 0.6864707264811309
1521 3.3859941319961084
1522 3.3859941319961084
1523 1.478818740713659
1524 1.478818740713659
1525 1.3490518522771315
1526 1.3490518522771315
1527 2.100655157193582
1528 2.100655157193582
1529 2.4018006724267904
1530 2.4018006724267904
1531 1.3655036472362438
1532 1.3655036472362438
1533 2.4970057730426727
1534 2.4970057730426727
1535 2.6344542807007167
1536 2.6344542807007167
1537 1.332213869945681
1538 1.332213869945681
1539 2.8714970525026313
1540 2.8714970525026313
1541 1.78992578191498
1542 1.78992578191498
1543 2.2499289408507126
1544 2.2499289408507126
1545 2.557068174543931
1546 2.557068174543931
1547 3.2048474656685473
1548 3.2048474656685473
1549 1.8125070310339368
1550 1.8125070310339368
1551 2.8320805966704934
1552 2.8320805966704934
1553 3.988246727262899
1554 3.988246727262899
1555 3.2866776080846796
1556 3.2866776080846796
1557 3.0607749233665276
1558 3.0607749233665276
1559 1.1378117996702923
1560 1.1378117996702923
1561 3.562479991906158
1562 3.562479991906158
1563 4.3204620199853725
1564 4.3204620199853725
1565 2.791940113719098
1566 2.791940113719098
1567 3.294698267884794
1568 3.294698267884794
1569 1.5873024627847432
1570 1.5873024627847432
1571 1.3944170666625215
1572 1.3944170666625215
1573 3.440195100944038
1574 3.440195100944038
1575 2.3318605342537455
1576 2.3318605342537455
1577 1.8956025204243365
1578 1.8956025204243365
1579 4.370685178805861
1580 4.370685178805861
1581 0.91231009522753
1582 0.91231009522753
1583 2.850435147007417
1584 2.850435147007417
1585 3.508432787039359
1586 3.508432787039359
1587 1.6584618180065114
1588 1.6584618180065114
1589 2.259924017737499
1590 2.259924017737499
1591 0.32735998309959724
1592 0.32735998309959724
1593 2.932818600491625
1594 2.932818600491625
1595 3.0861460207592737
1596 3.0861460207592737
1597 2.7738423516747215
1598 2.7738423516747215
1599 2.609467384300613
1600 2.609467384300613
1601 3.0597628809367095
1602 3.0597628809367095
1603 2.6563117262320954
1604 2.6563117262320954
1605 1.5451454119711237
1606 1.5451454119711237
1607 2.2982514281684496
1608 2.2982514281684496
1609 3.568758515843827
1610 3.568758515843827
1611 1.7821193318804638
1612 1.7821193318804638
1613 2.3985643240542736
1614 2.3985643240542736
1615 1.5979234549085384
1616 1.5979234549085384
1617 3.284405508791429
1618 3.284405508791429
1619 2.675762883122127
1620 2.675762883122127
1621 0.4777476469133086
1622 0.4777476469133086
1623 1.3251599123964903
1624 1.3251599123964903
1625 2.8669389847469287
1626 2.8669389847469287
1627 3.015535675890172
1628 3.015535675890172
1629 1.6557969347693962
1630 1.6557969347693962
1631 2.796596097793778
1632 2.796596097793778
1633 1.2997138175662177
1634 1.2997138175662177
1635 2.1384822841234046
1636 2.1384822841234046
1637 3.8077922493092724
1638 3.8077922493092724
1639 1.5302167450219968
1640 1.5302167450219968
1641 2.566342215802513
1642 2.566342215802513
1643 3.9538832635301
1644 3.9538832635301
1645 2.1265918037998444
1646 2.1265918037998444
1647 2.1044413908884114
1648 2.1044413908884114
1649 0.7773306679658649
1650 0.7773306679658649
1651 1.9893248778724573
1652 1.9893248778724573
1653 2.7795290480084347
1654 2.7795290480084347
1655 2.4115248997838887
1656 3.4018484078803914
1657 3.4018484078803914
1658 3.7948635360393146
1659 3.7948635360393146
1660 1.406018884470717
1661 1.406018884470717
1662 2.1688237595924464
1663 2.1688237595924464
1664 3.068817003197176
1665 3.068817003197176
1666 6.514900222022579
1667 6.514900222022579
1668 3.0640454257123215
1669 3.0640454257123215
1670 5.205702577713364
1671 5.205702577713364
1672 3.253253210588124
1673 3.253253210588124
1674 4.855330353397482
1675 4.855330353397482
1676 5.036295331693946
1677 5.036295331693946
1678 2.346762137333472
1679 2.346762137333472
1680 4.318934695845179
1681 4.318934695845179
1682 3.5292551296829826
1683 3.5292551296829826
1684 4.247773998386355
1685 4.247773998386355
1686 4.285094283085116
1687 4.285094283085116
1688 4.815469218687107
1689 4.815469218687107
1690 3.1720331723722857
1691 3.1720331723722857
1692 5.056205126487285
1693 5.056205126487285
1694 2.463464474110153
1695 2.463464474110153
1696 4.616020537358672
1697 4.616020537358672
1698 5.022369800685672
1699 5.022369800685672
1700 5.871060763778964
1701 5.871060763778964
1702 3.701665749904005
1703 3.701665749904005
1704 6.412289041282383
1705 6.412289041282383
1706 3.1037679601029753
1707 3.1037679601029753
1708 3.820626502423566
1709 3.820626502423566
1710 5.597387683930739
1711 5.597387683930739
1712 4.992504540423218
1713 4.992504540423218
1714 3.8552931444240564
1715 3.8552931444240564
1716 4.996149626887409
1717 4.996149626887409
1718 3.5353608579863893
1719 3.5353608579863893
1720 5.521529414473367
1721 5.521529414473367
1722 3.996162405565877
1723 3.996162405565877
1724 4.466963808471826
1725 4.466963808471826
1726 2.2959313869325335
1727 2.2959313869325335
1728 3.148140705032098
1729 3.148140705032098
1730 2.1231603340270855
1731 2.1231603340270855
1732 5.193354674963771
1733 5.193354674963771
1734 5.334239623248968
1735 5.334239623248968
1736 4.098543885752049
1737 4.098543885752049
1738 3.5294557013404946
1739 3.5294557013404946
1740 3.8839322950934827
1741 3.8839322950934827
1742 4.768487575250406
1743 4.768487575250406
1744 3.410050272173991
1745 3.410050272173991
1746 1.430657645258759
1747 1.430657645258759
1748 3.5149689341083823
1749 3.5149689341083823
1750 2.495907026449136
1751 2.495907026449136
1752 3.8870894482381755
1753 3.8870894482381755
1754 5.50673503205122
1755 5.50673503205122
1756 5.729277746054267
1757 5.729277746054267
1758 7.695262874836584
1759 7.695262874836584
1760 3.1486627429234275
1761 3.1486627429234275
1762 2.679339469466606
1763 2.679339469466606
1764 3.7090070301631357
1765 3.7090070301631357
1766 4.013174805217337
1767 4.013174805217337
1768 3.892911184416039
1769 3.892911184416039
1770 2.0741191968096326
1771 2.0741191968096326
1772 4.2553887200173754
1773 4.2553887200173754
1774 2.073453342810528
1775 2.073453342810528
1776 2.6594326701712045
1777 2.6594326701712045
1778 5.647362925339532
1779 5.647362925339532
1780 5.560844785214151
1781 5.560844785214151
1782 5.286785571646292
1783 5.286785571646292
1784 5.99631041780327
1785 5.99631041780327
1786 5.6356789638212135
1787 5.6356789638212135
1788 2.6712397160460646
1789 2.6712397160460646
1790 4.98491514006753
1791 4.98491514006753
1792 4.190834348090863
1793 4.190834348090863
1794 2.4062275570005873
1795 2.4062275570005873
1796 3.464357493405662
1797 3.464357493405662
1798 3.2334801467157495
1799 3.2334801467157495
1800 4.590346360229004
1801 4.590346360229004
1802 5.833540898707279
1803 5.833540898707279
1804 6.254099216157378
1805 6.254099216157378
1806 6.117258324322269
1807 6.117258324322269
1808 4.830716595187824
1809 4.830716595187824
1810 1.7904517242971247
1811 1.7904517242971247
1812 4.242125882758872
1813 4.242125882758872
1814 2.710646055807527
1815 2.710646055807527
1816 4.181133933145887
1817 4.181133933145887
1818 1.542403873042489
1819 1.542403873042489
1820 3.017034301956742
1821 3.017034301956742
1822 4.045959846872245
1823 4.045959846872245
1824 4.514497204500698
1825 4.514497204500698
1826 4.615779273883281
1827 4.615779273883281
1828 2.8537014577904003
1829 2.8537014577904003
1830 3.4238986784113856
1831 3.4238986784113856
1832 4.461444225785421
1833 4.461444225785421
1834 3.644262818920839
1835 3.644262818920839
1836 3.0530138631185815
1837 3.0530138631185815
1838 2.4456413446676026
1839 2.4456413446676026
1840 3.6584848874319604
1841 3.6584848874319604
1842 2.3535431495785866
1843 2.3535431495785866
1844 1.8683085338675027
1845 1.8683085338675027
1846 2.6319306308096695
1847 2.6319306308096695
1848 2.6289869764631404
1849 2.6289869764631404
1850 2.023153358768961
1851 2.023153358768961
1852 1.2806840963840642
1853 1.2806840963840642
1854 1.8726626867122136
1855 1.8726626867122136
1856 3.0995326508788525
1857 3.0995326508788525
1858 2.7844943565127407
1859 2.7844943565127407
1860 1.6591170839562472
1861 1.6591170839562472
1862 2.9386029707856482
1863 2.9386029707856482
1864 2.9339508724447234
1865 2.9339508724447234
1866 3.595293169839004
1867 3.595293169839004
1868 2.4330948941027706
1869 2.4330948941027706
1870 1.868436074268272
1871 1.868436074268272
1872 2.038232396015566
1873 2.038232396015566
1874 3.155200598539292
1875 3.155200598539292
1876 3.0362475430861706
1877 3.0362475430861706
1878 2.8184713105831127
1879 2.8184713105831127
1880 2.2738752606225514
1881 2.2738752606225514
1882 5.461909597686186
1883 5.461909597686186
1884 3.121961645409446
1885 3.121961645409446
1886 2.8554846508168175
1887 2.8554846508168175
1888 2.8679959393633068
1889 2.8679959393633068
1890 1.38741616348986
1891 1.38741616348986
1892 3.080739521221504
1893 3.080739521221504
1894 2.7807806643575543
1895 2.7807806643575543
1896 4.457754607216341
1897 4.457754607216341
1898 3.893378372510201
1899 3.893378372510201
1900 3.844681000430245
1901 3.844681000430245
1902 4.378204709304095
1903 4.378204709304095
1904 1.8460258253645754
1905 1.8460258253645754
1906 2.895382268195218
1907 2.895382268195218
1908 1.8801142924418044
1909 1.8801142924418044
1910 4.7941988673450115
1911 4.7941988673450115
1912 3.658017315823077
1913 3.658017315823077
1914 2.6674747633786797
1915 2.6674747633786797
1916 3.6319917900725893
1917 3.6319917900725893
1918 4.020807946943966
1919 4.020807946943966
1920 4.290240023982083
1921 4.290240023982083
1922 5.702677386655787
1923 5.702677386655787
1924 3.960171118434238
1925 3.960171118434238
1926 0.7336837107732532
1927 0.7336837107732532
1928 3.8372756838541275
1929 3.8372756838541275
1930 1.806599188868507
1931 1.806599188868507
1932 3.7547480069408796
1933 3.7547480069408796
1934 2.284887812587381
1935 2.284887812587381
1936 3.7265728759921086
1937 3.7265728759921086
1938 0.41747953084341605
1939 0.41747953084341605
1940 3.6953737402888027
1941 3.6953737402888027
1942 3.921016918039501
1943 3.921016918039501
1944 4.969518461734693
1945 4.969518461734693
1946 2.942940173663104
1947 2.942940173663104
1948 4.978863535987861
1949 4.978863535987861
1950 4.128089326902208
1951 4.128089326902208
1952 0.9635831777948343
1953 0.9635831777948343
1954 4.185268787716492
1955 4.185268787716492
1956 5.349727224587111
1957 5.349727224587111
1958 5.823650700709663
1959 5.823650700709663
1960 3.5596631109979215
1961 3.5596631109979215
1962 4.393975252965668
1963 4.393975252965668
1964 4.595168234809027
1965 4.595168234809027
1966 5.345713586904171
1967 5.345713586904171
1968 3.643020258008118
1969 3.643020258008118
1970 3.2991545066581467
1971 3.2991545066581467
1972 2.7818380177035538
1973 2.7818380177035538
1974 0.49995857718719705
1975 0.49995857718719705
1976 4.081822888238532
1977 4.081822888238532
1978 1.2643789161918364
1979 1.2643789161918364
1980 2.5366336661645335
1981 2.5366336661645335
1982 3.90538668300804
1983 3.90538668300804
1984 2.3990382509975765
1985 2.3990382509975765
1986 3.9905858698064494
1987 3.9905858698064494
1988 2.5426416458050545
1989 2.5426416458050545
1990 5.098331084613553
1991 5.098331084613553
1992 4.8635448913619115
1993 4.8635448913619115
1994 3.3802880073196473
1995 3.3802880073196473
1996 3.750179974992887
1997 3.750179974992887
1998 2.398656589020038
1999 2.398656589020038
