0 4.526146125232273
1 4.526146125232273
2 4.526146125232273
3 4.526146125232273
4 4.526146125232273
5 6.691694454838336
6 6.691694454838336
7 6.691694454838336
8 6.691694454838336
9 6.691694454838336
10 4.789392557145396
11 4.789392557145396
12 4.789392557145396
13 4.789392557145396
14 2.9597953401474797
15 2.9597953401474797
16 2.9597953401474797
17 2.9597953401474797
18 2.9597953401474797
19 3.206649902205479
20 3.206649902205479
21 3.206649902205479
22 3.206649902205479
23 3.206649902205479
24 2.7113200828956905
25 2.7113200828956905
26 2.7113200828956905
27 2.7113200828956905
28 2.7113200828956905
29 4.586858979622209
30 4.586858979622209
31 4.586858979622209
32 4.586858979622209
33 4.586858979622209
34 1.7529094002633518
35 1.7529094002633518
36 1.7529094002633518
37 1.7529094002633518
38 1.7529094002633518
39 2.8093890614524923
40 2.8093890614524923
41 2.8093890614524923
42 2.8093890614524923
43 2.8093890614524923
44 3.3114498705390107
45 3.3114498705390107
46 3.3114498705390107
47 3.3114498705390107
48 3.3114498705390107
49 4.331403323747891
50 4.331403323747891
51 4.331403323747891
52 4.331403323747891
53 4.331403323747891
54 1.0974537816634007
55 1.0974537816634007
56 1.0974537816634007
57 1.0974537816634007
58 1.0974537816634007
59 1.7280571345651912
60 1.7280571345651912
61 1.7280571345651912
62 1.7280571345651912
63 1.7280571345651912
64 0.4204025504799569
65 0.4204025504799569
66 0.4204025504799569
67 0.4204025504799569
68 0.4204025504799569
69 5.083061255216023
70 5.083061255216023
71 5.083061255216023
72 5.083061255216023
73 5.083061255216023
74 4.511964901712819
75 4.511964901712819
76 4.511964901712819
77 4.511964901712819
78 4.511964901712819
79 1.8509487170656878
80 1.8509487170656878
81 1.8509487170656878
82 1.8509487170656878
83 1.8509487170656878
84 3.3052718270539105
85 3.3052718270539105
86 3.3052718270539105
87 3.3052718270539105
88 3.3052718270539105
89 4.045765532407298
90 4.045765532407298
91 4.045765532407298
92 4.045765532407298
93 4.045765532407298
94 3.0610954303040874
95 3.0610954303040874
96 3.0610954303040874
97 3.0610954303040874
98 3.0610954303040874
99 4.052150105006223
100 4.052150105006223
101 4.052150105006223
102 4.052150105006223
103 4.052150105006223
104 4.724587208250088
105 4.724587208250088
106 4.724587208250088
107 4.724587208250088
108 4.724587208250088
109 3.907341362953158
110 3.907341362953158
111 3.907341362953158
112 3.907341362953158
113 3.907341362953158
114 2.7875487530727434
115 2.7875487530727434
116 2.7875487530727434
117 2.7875487530727434
118 2.7875487530727434
119 1.3202797290607657
120 1.3202797290607657
121 1.3202797290607657
122 1.3202797290607657
123 1.3202797290607657
124 4.4278331258133266
125 4.4278331258133266
126 4.4278331258133266
127 4.4278331258133266
128 4.4278331258133266
129 2.0491333994747163
130 2.0491333994747163
131 2.0491333994747163
132 2.0491333994747163
133 2.0491333994747163
134 2.004894736380024
135 2.004894736380024
136 2.004894736380024
137 2.004894736380024
138 2.004894736380024
139 2.4407351795289793
140 2.4407351795289793
141 2.4407351795289793
142 2.4407351795289793
143 2.4407351795289793
144 2.818469315317601
145 2.818469315317601
146 2.818469315317601
147 2.818469315317601
148 2.818469315317601
149 4.2787780387084045
150 4.2787780387084045
151 4.2787780387084045
152 4.2787780387084045
153 4.2787780387084045
154 1.9799904213604549
155 1.9799904213604549
156 1.9799904213604549
157 1.9799904213604549
158 1.9799904213604549
159 2.4404060186346017
160 2.4404060186346017
161 2.4404060186346017
162 2.4404060186346017
163 2.4404060186346017
164 2.3844826760357996
165 2.3844826760357996
166 2.3844826760357996
167 2.3844826760357996
168 2.3844826760357996
169 4.11291802627152
170 4.11291802627152
171 4.11291802627152
172 4.11291802627152
173 4.11291802627152
174 4.2489139038775985
175 4.2489139038775985
176 4.2489139038775985
177 4.2489139038775985
178 4.2489139038775985
179 1.8554407437098486
180 1.8554407437098486
181 1.8554407437098486
182 1.8554407437098486
183 1.8554407437098486
184 1.919336535142854
185 1.919336535142854
186 1.919336535142854
187 1.919336535142854
188 1.919336535142854
189 1.0363625973716695
190 1.0363625973716695
191 1.0363625973716695
192 1.0363625973716695
193 1.0363625973716695
194 1.089504653589891
195 1.089504653589891
196 1.089504653589891
197 1.089504653589891
198 1.089504653589891
199 2.4754314125769588
200 2.4754314125769588
201 2.4754314125769588
202 2.4754314125769588
203 2.4754314125769588
204 3.0867591292806447
205 3.0867591292806447
206 3.0867591292806447
207 3.0867591292806447
208 3.0867591292806447
209 1.8547770441189706
210 1.8547770441189706
211 1.8547770441189706
212 1.8547770441189706
213 1.8547770441189706
214 1.3295510490189013
215 1.3295510490189013
216 1.3295510490189013
217 1.3295510490189013
218 1.3295510490189013
219 1.8456280396136568
220 1.8456280396136568
221 1.8456280396136568
222 1.8456280396136568
223 1.8456280396136568
224 1.8678805106087704
225 1.8678805106087704
226 1.8678805106087704
227 1.8678805106087704
228 1.8678805106087704
229 1.67016364259059
230 1.67016364259059
231 1.67016364259059
232 1.67016364259059
233 1.67016364259059
234 1.0485966270767522
235 1.0485966270767522
236 1.0485966270767522
237 1.0485966270767522
238 1.0485966270767522
239 1.6773382844825682
240 1.6773382844825682
241 1.6773382844825682
242 1.6773382844825682
243 1.6773382844825682
244 1.0380423778893573
245 1.0380423778893573
246 1.0380423778893573
247 1.0380423778893573
248 1.0380423778893573
249 1.013101401761329
250 1.013101401761329
251 1.013101401761329
252 1.013101401761329
253 1.013101401761329
254 1.1970841042822367
255 1.1970841042822367
256 1.1970841042822367
257 1.1970841042822367
258 1.1970841042822367
259 1.7037855910757036
260 1.7037855910757036
261 1.7037855910757036
262 1.7037855910757036
263 1.7037855910757036
264 2.2935746000172887
265 2.2935746000172887
266 2.2935746000172887
267 2.2935746000172887
268 2.2935746000172887
269 2.063183685606626
270 2.063183685606626
271 2.063183685606626
272 2.063183685606626
273 2.063183685606626
274 0.8327971424796065
275 0.8327971424796065
276 0.8327971424796065
277 0.8327971424796065
278 0.8327971424796065
279 2.3190290122605535
280 2.3190290122605535
281 2.3190290122605535
282 2.3190290122605535
283 2.3190290122605535
284 1.9474642539786735
285 1.9474642539786735
286 1.9474642539786735
287 1.9474642539786735
288 1.9474642539786735
289 1.576884588537846
290 1.576884588537846
291 1.576884588537846
292 1.576884588537846
293 1.576884588537846
294 1.771599915923313
295 1.771599915923313
296 1.771599915923313
297 1.771599915923313
298 1.771599915923313
299 1.1943718278391016
300 1.1943718278391016
301 1.1943718278391016
302 1.1943718278391016
303 1.1943718278391016
304 1.2363151996402244
305 1.2363151996402244
306 1.2363151996402244
307 1.2363151996402244
308 1.2363151996402244
309 1.2310468461478659
310 1.2310468461478659
311 1.2310468461478659
312 1.2310468461478659
313 1.2310468461478659
314 0.7282116179768962
315 0.7282116179768962
316 0.7282116179768962
317 0.7282116179768962
318 0.7282116179768962
319 2.1332998104689844
320 2.1332998104689844
321 2.1332998104689844
322 2.1332998104689844
323 2.1332998104689844
324 2.175370768127125
325 2.175370768127125
326 2.175370768127125
327 2.175370768127125
328 2.175370768127125
329 1.551461724868299
330 1.551461724868299
331 1.551461724868299
332 1.551461724868299
333 1.551461724868299
334 1.2421445692969093
335 1.2421445692969093
336 1.2421445692969093
337 1.2421445692969093
338 1.2421445692969093
339 1.1900344967579866
340 1.1900344967579866
341 1.1900344967579866
342 1.1900344967579866
343 1.1900344967579866
344 2.1351915947650175
345 2.1351915947650175
346 2.1351915947650175
347 2.1351915947650175
348 2.1351915947650175
349 1.2843245121445896
350 1.2843245121445896
351 1.2843245121445896
352 1.2843245121445896
353 1.2843245121445896
354 1.5739300805013499
355 1.5739300805013499
356 1.5739300805013499
357 1.5739300805013499
358 1.5739300805013499
359 1.7075648113484223
360 1.7075648113484223
361 1.7075648113484223
362 1.7075648113484223
363 1.7075648113484223
364 1.3725399024920781
365 1.3725399024920781
366 1.3725399024920781
367 1.3725399024920781
368 1.3725399024920781
369 1.5492396544443927
370 1.5492396544443927
371 1.5492396544443927
372 1.5492396544443927
373 1.5492396544443927
374 1.3117573848033988
375 1.3117573848033988
376 1.3117573848033988
377 1.3117573848033988
378 1.3117573848033988
379 1.4343652203697363
380 1.4343652203697363
381 1.4343652203697363
382 1.4343652203697363
383 1.4343652203697363
384 2.4173891245580084
385 2.4173891245580084
386 2.4173891245580084
387 2.4173891245580084
388 2.4173891245580084
389 2.6088017741468237
390 2.6088017741468237
391 2.6088017741468237
392 2.6088017741468237
393 2.6088017741468237
394 1.4467006436520593
395 1.4467006436520593
396 1.4467006436520593
397 1.4467006436520593
398 1.4467006436520593
399 0.8892306496798886
400 0.8892306496798886
401 0.8892306496798886
402 0.8892306496798886
403 0.8892306496798886
404 2.188062411563811
405 2.188062411563811
406 2.188062411563811
407 2.188062411563811
408 2.188062411563811
409 1.5141411967409177
410 1.5141411967409177
411 1.5141411967409177
412 1.5141411967409177
413 1.5141411967409177
414 1.356859471654087
415 1.356859471654087
416 1.356859471654087
417 1.356859471654087
418 1.356859471654087
419 1.6236390351486913
420 1.6236390351486913
421 1.6236390351486913
422 1.6236390351486913
423 1.6236390351486913
424 1.0443674708074302
425 1.0443674708074302
426 1.0443674708074302
427 1.0443674708074302
428 1.0443674708074302
429 1.4539887178085937
430 1.4539887178085937
431 1.4539887178085937
432 1.4539887178085937
433 1.4539887178085937
434 0.9263122834311908
435 0.9263122834311908
436 0.9263122834311908
437 0.9263122834311908
438 0.9263122834311908
439 1.4702724583094446
440 1.4702724583094446
441 1.4702724583094446
442 1.4702724583094446
443 1.4702724583094446
444 2.3044211364880516
445 2.3044211364880516
446 2.3044211364880516
447 2.3044211364880516
448 2.3044211364880516
449 1.7741914900593225
450 1.7741914900593225
451 1.7741914900593225
452 1.7741914900593225
453 1.7741914900593225
454 2.128828706023916
455 2.128828706023916
456 2.128828706023916
457 2.128828706023916
458 2.128828706023916
459 1.8507466073972627
460 1.8507466073972627
461 1.8507466073972627
462 1.8507466073972627
463 1.8507466073972627
464 2.2091972083249716
465 2.2091972083249716
466 2.2091972083249716
467 2.2091972083249716
468 2.2091972083249716
469 1.5905369484754377
470 1.5905369484754377
471 1.5905369484754377
472 1.5905369484754377
473 1.5905369484754377
474 1.4069188599513396
475 1.4069188599513396
476 1.4069188599513396
477 1.4069188599513396
478 1.4069188599513396
479 1.059614245482095
480 1.059614245482095
481 1.059614245482095
482 1.059614245482095
483 1.059614245482095
484 1.0510887196911542
485 1.0510887196911542
486 1.0510887196911542
487 1.0510887196911542
488 1.0510887196911542
489 0.9871566782398051
490 0.9871566782398051
491 0.9871566782398051
492 0.9871566782398051
493 0.9871566782398051
494 2.0964250002520077
495 2.0964250002520077
496 2.0964250002520077
497 2.0964250002520077
498 2.0964250002520077
499 1.06682747514933
500 1.06682747514933
501 1.06682747514933
502 1.06682747514933
503 1.06682747514933
504 1.9391853650777096
505 1.9391853650777096
506 1.9391853650777096
507 1.9391853650777096
508 1.9391853650777096
509 2.1738801173227635
510 2.1738801173227635
511 2.1738801173227635
512 2.1738801173227635
513 2.1738801173227635
514 1.6943586404370186
515 1.6943586404370186
516 1.6943586404370186
517 1.6943586404370186
518 1.6943586404370186
519 0.9596326023479944
520 0.9596326023479944
521 0.9596326023479944
522 0.9596326023479944
523 0.9596326023479944
524 1.9073840631487682
525 1.9073840631487682
526 1.9073840631487682
527 1.9073840631487682
528 1.9073840631487682
529 2.3576653813704382
530 2.3576653813704382
531 2.3576653813704382
532 2.3576653813704382
533 2.3576653813704382
534 1.0914561683733632
535 1.0914561683733632
536 1.0914561683733632
537 1.0914561683733632
538 1.0914561683733632
539 1.3119154809672886
540 1.3119154809672886
541 1.3119154809672886
542 1.3119154809672886
543 1.3119154809672886
544 1.5943871084682983
545 1.5943871084682983
546 1.5943871084682983
547 1.5943871084682983
548 1.5943871084682983
549 1.9587660821999355
550 1.9587660821999355
551 1.9587660821999355
552 1.9587660821999355
553 0.7259673224703147
554 0.7259673224703147
555 0.7259673224703147
556 0.7259673224703147
557 0.7259673224703147
558 0.5043571517394059
559 0.5043571517394059
560 0.5043571517394059
561 0.5043571517394059
562 0.5043571517394059
563 1.0230745310992253
564 1.0230745310992253
565 1.0230745310992253
566 1.0230745310992253
567 1.0230745310992253
568 0.7351859137083634
569 0.7351859137083634
570 0.7351859137083634
571 0.7351859137083634
572 0.7351859137083634
573 0.5760052719930747
574 0.5760052719930747
575 0.5760052719930747
576 0.5760052719930747
577 0.5760052719930747
578 0.3430418470124466
579 0.3430418470124466
580 0.3430418470124466
581 0.3430418470124466
582 0.3430418470124466
583 0.703064968289255
584 0.703064968289255
585 0.703064968289255
586 1.9836733487827942
587 1.9836733487827942
588 1.9836733487827942
589 1.9836733487827942
590 1.9836733487827942
591 2.5125914408190773
592 2.5125914408190773
593 2.5125914408190773
594 2.5125914408190773
595 2.5125914408190773
596 1.0939861684854724
597 1.0939861684854724
598 1.0939861684854724
599 1.0939861684854724
600 1.0939861684854724
601 2.8846724960671732
602 2.8846724960671732
603 2.8846724960671732
604 2.8846724960671732
605 2.8846724960671732
606 0.7841630974287725
607 0.7841630974287725
608 0.7841630974287725
609 0.7841630974287725
610 0.7841630974287725
611 1.957360346168706
612 1.957360346168706
613 1.957360346168706
614 1.957360346168706
615 1.957360346168706
616 2.1334534434300396
617 2.1334534434300396
618 2.1334534434300396
619 2.1334534434300396
620 2.1334534434300396
621 1.8179662849161942
622 1.8179662849161942
623 1.8179662849161942
624 1.8179662849161942
625 1.8179662849161942
626 1.2450211024832794
627 1.2450211024832794
628 1.2450211024832794
629 1.2450211024832794
630 1.2450211024832794
631 2.453902414939892
632 2.453902414939892
633 2.453902414939892
634 2.453902414939892
635 2.453902414939892
636 2.008691666485354
637 2.008691666485354
638 1.3349149827387485
639 1.3349149827387485
640 1.3349149827387485
641 1.3349149827387485
642 1.800511812280975
643 1.800511812280975
644 1.800511812280975
645 1.800511812280975
646 1.800511812280975
647 1.8680922615284288
648 1.8680922615284288
649 1.8680922615284288
650 1.8680922615284288
651 1.8680922615284288
652 1.5346455803184575
653 1.5346455803184575
654 1.5346455803184575
655 1.5346455803184575
656 1.5346455803184575
657 2.524429597087119
658 2.524429597087119
659 2.524429597087119
660 2.524429597087119
661 2.524429597087119
662 2.5512004090771945
663 2.5512004090771945
664 2.5512004090771945
665 2.5512004090771945
666 2.5512004090771945
667 2.78706354409352
668 2.78706354409352
669 2.78706354409352
670 2.78706354409352
671 2.78706354409352
672 1.0458626221797187
673 1.0458626221797187
674 1.0458626221797187
675 1.0458626221797187
676 1.0458626221797187
677 1.406630991399444
678 1.406630991399444
679 1.406630991399444
680 1.406630991399444
681 1.406630991399444
682 2.6794527635225243
683 2.6794527635225243
684 2.6794527635225243
685 2.6794527635225243
686 2.6794527635225243
687 2.1931780187597854
688 2.1931780187597854
689 2.1931780187597854
690 2.1931780187597854
691 2.1931780187597854
692 2.4563801210998246
693 2.4563801210998246
694 2.4563801210998246
695 2.4563801210998246
696 2.4563801210998246
697 2.4433465242256025
698 2.4433465242256025
699 2.4433465242256025
700 2.4433465242256025
701 2.4433465242256025
702 1.5722878117759855
703 1.5722878117759855
704 1.5722878117759855
705 1.5722878117759855
706 1.5722878117759855
707 1.9879202208076336
708 1.9879202208076336
709 1.9879202208076336
710 1.9879202208076336
711 1.9879202208076336
712 1.771714199881044
713 1.771714199881044
714 1.771714199881044
715 0.3869729582135777
716 0.3869729582135777
717 2.12825018368598
718 2.12825018368598
719 2.12825018368598
720 2.12825018368598
721 2.12825018368598
722 2.6659083206747294
723 2.6659083206747294
724 2.6659083206747294
725 2.6659083206747294
726 2.6659083206747294
727 1.5651295694318987
728 1.5651295694318987
729 1.5651295694318987
730 1.5651295694318987
731 1.5651295694318987
732 1.833535388507305
733 5.149695289532793
734 5.149695289532793
735 5.149695289532793
736 5.149695289532793
737 5.149695289532793
738 7.523852708350903
739 7.523852708350903
740 7.523852708350903
741 7.523852708350903
742 7.523852708350903
743 3.3268400874469997
744 3.3268400874469997
745 3.3268400874469997
746 3.3268400874469997
747 3.3268400874469997
748 5.001271988613473
749 5.001271988613473
750 5.001271988613473
751 5.001271988613473
752 5.001271988613473
753 2.8624403952639277
754 2.8624403952639277
755 2.8624403952639277
756 2.8624403952639277
757 2.8624403952639277
758 4.200626366608671
759 4.200626366608671
760 4.200626366608671
761 4.200626366608671
762 4.200626366608671
763 5.16083521713125
764 5.16083521713125
765 5.16083521713125
766 5.16083521713125
767 5.16083521713125
768 5.550630256571241
769 5.550630256571241
770 5.550630256571241
771 5.550630256571241
772 5.550630256571241
773 3.0776242800740654
774 3.0776242800740654
775 3.0776242800740654
776 3.0776242800740654
777 3.0776242800740654
778 3.1887764257329314
779 3.1887764257329314
780 3.1887764257329314
781 3.1887764257329314
782 3.1887764257329314
783 2.870588748918059
784 2.870588748918059
785 2.870588748918059
786 2.870588748918059
787 2.870588748918059
788 3.3955457002187766
789 3.3955457002187766
790 3.3955457002187766
791 3.3955457002187766
792 3.3955457002187766
793 3.7324921926485857
794 3.7324921926485857
795 3.7324921926485857
796 3.7324921926485857
797 3.7324921926485857
798 2.9442405264272837
799 2.9442405264272837
800 2.9442405264272837
801 2.9442405264272837
802 2.9442405264272837
803 2.810501765379457
804 2.810501765379457
805 2.810501765379457
806 2.810501765379457
807 2.810501765379457
808 5.847625587202041
809 5.847625587202041
810 5.847625587202041
811 5.847625587202041
812 5.847625587202041
813 4.466629784381435
814 4.466629784381435
815 4.466629784381435
816 4.466629784381435
817 4.466629784381435
818 3.029582239026171
819 3.029582239026171
820 3.029582239026171
821 3.029582239026171
822 3.029582239026171
823 6.029201214126493
824 6.029201214126493
825 6.029201214126493
826 6.029201214126493
827 6.029201214126493
828 5.277964692840132
829 5.277964692840132
830 5.277964692840132
831 5.277964692840132
832 5.277964692840132
833 4.744196667348079
834 4.744196667348079
835 4.744196667348079
836 4.744196667348079
837 4.744196667348079
838 6.773764450745082
839 6.773764450745082
840 6.773764450745082
841 6.773764450745082
842 6.773764450745082
843 4.456277455333566
844 4.456277455333566
845 4.456277455333566
846 4.456277455333566
847 4.456277455333566
848 4.492807123681224
849 4.492807123681224
850 4.492807123681224
851 4.492807123681224
852 4.492807123681224
853 3.207202055668921
854 3.207202055668921
855 3.207202055668921
856 3.207202055668921
857 3.207202055668921
858 5.4844899652341415
859 5.4844899652341415
860 5.4844899652341415
861 5.4844899652341415
862 5.4844899652341415
863 2.7948341776009396
864 2.7948341776009396
865 2.7948341776009396
866 2.7948341776009396
867 2.7948341776009396
868 5.536190875949408
869 5.536190875949408
870 5.536190875949408
871 5.536190875949408
872 5.536190875949408
873 4.069201668765089
874 4.069201668765089
875 4.069201668765089
876 4.069201668765089
877 4.069201668765089
878 5.292889202575534
879 5.292889202575534
880 5.292889202575534
881 5.292889202575534
882 5.292889202575534
883 6.111300842800824
884 6.111300842800824
885 6.111300842800824
886 6.111300842800824
887 6.111300842800824
888 5.4406771831998615
889 5.4406771831998615
890 5.4406771831998615
891 5.4406771831998615
892 5.4406771831998615
893 3.5684359038320936
894 1.5735803185623838
895 1.5735803185623838
896 1.5735803185623838
897 1.5735803185623838
898 1.5735803185623838
899 1.2281020705572305
900 1.2281020705572305
901 1.2281020705572305
902 1.2281020705572305
903 1.2281020705572305
904 1.157121197337687
905 1.157121197337687
906 1.157121197337687
907 1.157121197337687
908 1.157121197337687
909 1.1927797721000848
910 1.1927797721000848
911 1.1927797721000848
912 1.1927797721000848
913 1.1927797721000848
914 1.1765985887736319
915 4.697942905077553
916 4.697942905077553
917 4.697942905077553
918 4.697942905077553
919 4.697942905077553
920 3.9080399122068896
921 3.9080399122068896
922 3.9080399122068896
923 3.9080399122068896
924 3.9080399122068896
925 3.757216264790684
926 3.757216264790684
927 3.757216264790684
928 3.757216264790684
929 3.757216264790684
930 4.897716098836107
931 4.897716098836107
932 4.897716098836107
933 4.897716098836107
934 4.897716098836107
935 3.1862244437492615
936 3.1862244437492615
937 3.1862244437492615
938 3.1862244437492615
939 3.1862244437492615
940 6.02415016798946
941 0.6778689330282166
942 0.6778689330282166
943 0.6778689330282166
944 0.6778689330282166
945 0.6778689330282166
946 1.2656711546314205
947 1.2656711546314205
948 1.2656711546314205
949 1.2656711546314205
950 1.2656711546314205
951 1.3380359240047115
952 1.3380359240047115
953 1.3380359240047115
954 1.3380359240047115
955 1.3380359240047115
956 0.8498107962385536
957 0.8498107962385536
958 0.8498107962385536
959 0.8498107962385536
960 0.8498107962385536
961 0.2553119307023264
962 2.9217552920525147
963 2.9217552920525147
964 2.9217552920525147
965 2.9217552920525147
966 2.9217552920525147
967 3.52144493743174
968 3.52144493743174
969 3.52144493743174
970 3.52144493743174
971 3.52144493743174
972 4.954915782129407
973 4.954915782129407
974 4.954915782129407
975 4.954915782129407
976 4.954915782129407
977 4.832874284396702
978 4.832874284396702
979 4.832874284396702
980 4.832874284396702
981 4.832874284396702
982 3.128141316659768
983 3.128141316659768
984 3.128141316659768
985 3.128141316659768
986 3.128141316659768
987 4.669040015649622
988 4.669040015649622
989 4.669040015649622
990 4.669040015649622
991 4.669040015649622
992 2.128585489112613
993 2.128585489112613
994 2.128585489112613
995 2.128585489112613
996 2.128585489112613
997 2.9789070007032623
998 2.9789070007032623
999 2.9789070007032623
1000 2.9789070007032623
1001 2.9789070007032623
1002 3.0456307577956694
1003 3.0456307577956694
1004 3.0456307577956694
1005 3.0456307577956694
1006 3.0456307577956694
1007 4.581703951533856
1008 4.581703951533856
1009 4.581703951533856
1010 4.581703951533856
1011 4.581703951533856
1012 3.665241626802947
1013 3.665241626802947
1014 3.665241626802947
1015 3.665241626802947
1016 3.665241626802947
1017 1.5218729522819863
1018 1.5218729522819863
1019 1.5218729522819863
1020 1.5218729522819863
1021 1.5218729522819863
1022 3.7979432643793913
1023 3.7979432643793913
1024 3.7979432643793913
1025 3.7979432643793913
1026 3.7979432643793913
1027 3.3121521012433135
1028 3.3121521012433135
1029 3.3121521012433135
1030 3.3121521012433135
1031 3.3121521012433135
1032 4.770835125908491
1033 4.770835125908491
1034 4.770835125908491
1035 4.770835125908491
1036 4.770835125908491
1037 0.6442472233196948
1038 0.6442472233196948
1039 0.6442472233196948
1040 0.6442472233196948
1041 0.6442472233196948
1042 5.031495560280523
1043 5.031495560280523
1044 5.031495560280523
1045 5.031495560280523
1046 5.031495560280523
1047 0.5176106531517743
1048 0.5176106531517743
1049 0.5176106531517743
1050 0.5176106531517743
1051 0.5176106531517743
1052 4.516997101652519
1053 4.516997101652519
1054 4.516997101652519
1055 4.516997101652519
1056 4.516997101652519
1057 4.611483617852002
1058 4.611483617852002
1059 4.611483617852002
1060 4.611483617852002
1061 4.611483617852002
1062 4.41434971698704
1063 4.41434971698704
1064 4.41434971698704
1065 4.41434971698704
1066 4.41434971698704
1067 2.7217181129977774
1068 2.7217181129977774
1069 2.7217181129977774
1070 2.7217181129977774
1071 2.7217181129977774
1072 4.905433630008
1073 4.905433630008
1074 4.905433630008
1075 4.905433630008
1076 4.905433630008
1077 4.875267106531851
1078 4.875267106531851
1079 4.875267106531851
1080 4.875267106531851
1081 4.875267106531851
1082 4.222096185827071
1083 4.222096185827071
1084 4.222096185827071
1085 4.222096185827071
1086 4.222096185827071
1087 5.693834231081517
1088 5.693834231081517
1089 5.693834231081517
1090 5.693834231081517
1091 5.693834231081517
1092 5.392618362762074
1093 5.392618362762074
1094 5.392618362762074
1095 5.392618362762074
1096 5.392618362762074
1097 3.687766485327092
1098 3.687766485327092
1099 3.687766485327092
1100 3.687766485327092
1101 3.687766485327092
1102 2.500699128020813
1103 2.500699128020813
1104 2.500699128020813
1105 2.500699128020813
1106 2.500699128020813
1107 2.299297206153648
1108 2.299297206153648
1109 2.299297206153648
1110 2.299297206153648
1111 2.299297206153648
1112 1.5130181864628713
1113 1.5130181864628713
1114 1.5130181864628713
1115 1.5130181864628713
1116 1.5130181864628713
1117 2.2853762652212817
1118 2.2853762652212817
1119 2.2853762652212817
1120 2.2853762652212817
1121 2.2853762652212817
1122 1.1033461166428278
1123 1.1033461166428278
1124 1.1033461166428278
1125 1.1033461166428278
1126 1.1033461166428278
1127 2.0774763179417066
1128 2.0774763179417066
1129 2.0774763179417066
1130 2.0774763179417066
1131 2.0774763179417066
1132 1.4389537428978447
1133 1.4389537428978447
1134 1.4389537428978447
1135 1.4389537428978447
1136 1.4389537428978447
1137 2.1136101622094055
1138 2.1136101622094055
1139 2.1136101622094055
1140 2.1136101622094055
1141 2.1136101622094055
1142 1.1626672004409984
1143 1.1626672004409984
1144 1.1626672004409984
1145 1.1626672004409984
1146 1.1626672004409984
1147 2.216123077496068
1148 2.216123077496068
1149 2.216123077496068
1150 2.216123077496068
1151 2.216123077496068
1152 2.016895923618961
1153 2.016895923618961
1154 2.016895923618961
1155 2.016895923618961
1156 2.016895923618961
1157 2.594534371892765
1158 2.594534371892765
1159 2.594534371892765
1160 2.594534371892765
1161 2.594534371892765
1162 1.768188657181917
1163 1.768188657181917
1164 1.768188657181917
1165 1.768188657181917
1166 1.768188657181917
1167 3.4123477707013214
1168 3.4123477707013214
1169 3.4123477707013214
1170 3.4123477707013214
1171 3.4123477707013214
1172 3.4349032732259803
1173 3.4349032732259803
1174 3.4349032732259803
1175 3.4349032732259803
1176 3.4349032732259803
1177 2.6532149991649976
1178 2.6532149991649976
1179 2.6532149991649976
1180 2.6532149991649976
1181 2.6532149991649976
1182 4.0446619583897325
1183 4.0446619583897325
1184 4.0446619583897325
1185 4.0446619583897325
1186 4.0446619583897325
1187 4.257611086499765
1188 4.257611086499765
1189 4.257611086499765
1190 4.257611086499765
1191 4.257611086499765
1192 5.60991393722953
1193 5.60991393722953
1194 5.60991393722953
1195 0.6605899222814456
1196 0.6605899222814456
1197 0.6605899222814456
1198 0.6605899222814456
1199 0.6605899222814456
1200 0.615887805891542
1201 0.615887805891542
1202 0.615887805891542
1203 0.615887805891542
1204 0.615887805891542
1205 0.6599355805572137
1206 0.6599355805572137
1207 0.6599355805572137
1208 0.6599355805572137
1209 0.6599355805572137
1210 0.4081175679788979
1211 0.4081175679788979
1212 0.4081175679788979
1213 0.4081175679788979
1214 0.4081175679788979
1215 0.8617079445298438
1216 0.8617079445298438
1217 0.8617079445298438
1218 2.021533009168263
1219 2.021533009168263
1220 2.021533009168263
1221 2.021533009168263
1222 2.021533009168263
1223 1.9413546709211056
1224 2.859156166908319
1225 2.859156166908319
1226 2.859156166908319
1227 2.859156166908319
1228 2.859156166908319
1229 1.287998509448891
1230 1.287998509448891
1231 1.287998509448891
1232 1.287998509448891
1233 1.287998509448891
1234 2.847897211905714
1235 2.847897211905714
1236 2.847897211905714
1237 2.847897211905714
1238 2.847897211905714
1239 2.667860635150675
1240 2.667860635150675
1241 2.667860635150675
1242 2.667860635150675
1243 2.667860635150675
1244 2.4903435192380305
1245 2.4903435192380305
1246 2.4903435192380305
1247 2.4903435192380305
1248 2.4903435192380305
1249 3.0228160467823555
1250 3.0228160467823555
1251 3.0228160467823555
1252 3.0228160467823555
1253 3.0228160467823555
1254 2.7455909760790083
1255 2.7455909760790083
1256 2.7455909760790083
1257 2.7455909760790083
1258 2.7455909760790083
1259 1.7075332348779961
1260 1.7075332348779961
1261 1.7075332348779961
1262 1.7075332348779961
1263 1.7075332348779961
1264 0.9667029527960735
1265 0.9667029527960735
1266 0.9667029527960735
1267 0.9667029527960735
1268 0.9667029527960735
1269 4.3364713653206834
1270 4.3364713653206834
1271 4.3364713653206834
1272 4.3364713653206834
1273 4.3364713653206834
1274 2.778871755140833
1275 2.778871755140833
1276 2.778871755140833
1277 2.778871755140833
1278 2.778871755140833
1279 0.9812470282252621
1280 0.9812470282252621
1281 0.9812470282252621
1282 0.9812470282252621
1283 0.9812470282252621
1284 3.537200198033556
1285 3.537200198033556
1286 3.537200198033556
1287 3.537200198033556
1288 3.537200198033556
1289 3.3522273045915827
1290 3.3522273045915827
1291 0.35549201860286184
1292 0.35549201860286184
1293 0.35549201860286184
1294 0.35549201860286184
1295 0.35549201860286184
1296 2.509287714945522
1297 2.509287714945522
1298 2.509287714945522
1299 2.509287714945522
1300 2.509287714945522
1301 1.976440923360128
1302 1.976440923360128
1303 1.976440923360128
1304 1.976440923360128
1305 1.976440923360128
1306 2.0629441539426776
1307 2.0629441539426776
1308 2.0629441539426776
1309 2.0629441539426776
1310 2.0629441539426776
1311 2.143272468087299
1312 2.143272468087299
1313 2.143272468087299
1314 2.143272468087299
1315 2.143272468087299
1316 1.9107709535218675
1317 1.9107709535218675
1318 1.9107709535218675
1319 1.9107709535218675
1320 1.9107709535218675
1321 1.783379681497367
1322 1.783379681497367
1323 1.783379681497367
1324 1.783379681497367
1325 1.783379681497367
1326 2.7066729476559015
1327 2.7066729476559015
1328 2.7066729476559015
1329 2.7066729476559015
1330 2.7066729476559015
1331 2.2866185182516436
1332 2.2866185182516436
1333 2.2866185182516436
1334 2.2866185182516436
1335 2.2866185182516436
1336 2.8053263274161018
1337 2.8053263274161018
1338 2.8053263274161018
1339 2.8053263274161018
1340 2.8053263274161018
1341 2.064446585615758
1342 2.064446585615758
1343 2.064446585615758
1344 2.064446585615758
1345 2.064446585615758
1346 1.753707139875619
1347 1.753707139875619
1348 1.753707139875619
1349 1.753707139875619
1350 1.753707139875619
1351 1.6006007619118159
1352 1.6006007619118159
1353 1.6006007619118159
1354 1.6006007619118159
1355 1.6006007619118159
1356 3.7328514378127045
1357 3.7328514378127045
1358 3.7328514378127045
1359 3.7328514378127045
1360 3.7328514378127045
1361 1.2506030985017882
1362 1.2506030985017882
1363 1.2506030985017882
1364 1.2506030985017882
1365 1.2506030985017882
1366 2.3762351446963743
1367 2.3762351446963743
1368 2.3762351446963743
1369 2.3762351446963743
1370 2.3762351446963743
1371 2.131641714300515
1372 2.131641714300515
1373 2.131641714300515
1374 2.131641714300515
1375 2.100312558513788
1376 2.100312558513788
1377 2.100312558513788
1378 2.100312558513788
1379 2.100312558513788
1380 1.9845561277942947
1381 1.9845561277942947
1382 1.9845561277942947
1383 1.9845561277942947
1384 1.9845561277942947
1385 1.6719172882816873
1386 1.6719172882816873
1387 1.6719172882816873
1388 1.6719172882816873
1389 1.6719172882816873
1390 1.2666536775261936
1391 1.2666536775261936
1392 1.2666536775261936
1393 1.2666536775261936
1394 1.2666536775261936
1395 1.3750773373910705
1396 1.3750773373910705
1397 1.3750773373910705
1398 1.3750773373910705
1399 1.3750773373910705
1400 2.8291050085627214
1401 2.8291050085627214
1402 2.8291050085627214
1403 2.8291050085627214
1404 2.8291050085627214
1405 1.6546005623129667
1406 1.6546005623129667
1407 1.6546005623129667
1408 1.6546005623129667
1409 1.6546005623129667
1410 1.1603157867113234
1411 1.1603157867113234
1412 1.1603157867113234
1413 1.1603157867113234
1414 1.1603157867113234
1415 2.3402605800018117
1416 2.3402605800018117
1417 2.3402605800018117
1418 2.3402605800018117
1419 2.3402605800018117
1420 2.82320081537363
1421 2.82320081537363
1422 2.82320081537363
1423 2.82320081537363
1424 2.82320081537363
1425 1.965847173903216
1426 1.965847173903216
1427 1.965847173903216
1428 1.965847173903216
1429 1.965847173903216
1430 1.295416504076526
1431 1.295416504076526
1432 1.295416504076526
1433 1.295416504076526
1434 1.295416504076526
1435 2.6303260613645607
1436 2.6303260613645607
1437 2.6303260613645607
1438 2.6303260613645607
1439 2.6303260613645607
1440 1.7359051952897668
1441 1.7359051952897668
1442 1.7359051952897668
1443 1.7359051952897668
1444 1.7359051952897668
1445 0.9369505022171059
1446 0.9369505022171059
1447 0.9369505022171059
1448 0.9369505022171059
1449 0.9369505022171059
1450 3.0799454289088124
1451 3.0799454289088124
1452 3.0799454289088124
1453 3.0799454289088124
1454 3.0799454289088124
1455 1.7734263819057043
1456 1.7734263819057043
1457 1.7734263819057043
1458 1.7734263819057043
1459 1.7734263819057043
1460 3.0390901733155244
1461 3.0390901733155244
1462 3.0390901733155244
1463 3.0390901733155244
1464 3.0390901733155244
1465 4.2364065968047795
1466 4.2364065968047795
1467 4.2364065968047795
1468 4.2364065968047795
1469 4.2364065968047795
1470 1.6934024625127626
1471 1.6934024625127626
1472 1.6934024625127626
1473 1.6934024625127626
1474 1.6934024625127626
1475 2.433068177659833
1476 2.433068177659833
1477 2.433068177659833
1478 2.433068177659833
1479 2.433068177659833
1480 2.3953246237055676
1481 2.3953246237055676
1482 2.3953246237055676
1483 2.3953246237055676
1484 2.3953246237055676
1485 3.133691861078845
1486 3.133691861078845
1487 3.133691861078845
1488 3.133691861078845
1489 3.133691861078845
1490 2.9022553888598184
1491 2.9022553888598184
1492 2.9022553888598184
1493 2.9022553888598184
1494 2.9022553888598184
1495 1.8129872691552658
1496 1.8129872691552658
1497 1.8129872691552658
1498 1.8129872691552658
1499 1.8129872691552658
1500 3.1018305847821868
1501 3.1018305847821868
1502 3.1018305847821868
1503 3.1018305847821868
1504 3.1018305847821868
1505 2.3928173039735214
1506 2.3928173039735214
1507 2.3928173039735214
1508 2.3928173039735214
1509 2.3928173039735214
1510 2.5266781739511153
1511 2.5266781739511153
1512 2.5266781739511153
1513 2.5266781739511153
1514 2.5266781739511153
1515 1.6726796286126338
1516 1.6726796286126338
1517 1.6726796286126338
1518 4.902084482021442
1519 4.902084482021442
1520 4.902084482021442
1521 4.902084482021442
1522 4.902084482021442
1523 4.884234273563518
1524 4.884234273563518
1525 4.884234273563518
1526 4.884234273563518
1527 4.884234273563518
1528 2.8584633492351488
1529 2.8584633492351488
1530 2.8584633492351488
1531 2.8584633492351488
1532 2.8584633492351488
1533 6.081819371962574
1534 6.081819371962574
1535 6.081819371962574
1536 6.081819371962574
1537 6.081819371962574
1538 3.3214190103714394
1539 3.3214190103714394
1540 3.3214190103714394
1541 3.3214190103714394
1542 3.3214190103714394
1543 2.6791336207574057
1544 2.6791336207574057
1545 2.6791336207574057
1546 2.6791336207574057
1547 2.6791336207574057
1548 5.425111907924369
1549 5.425111907924369
1550 5.425111907924369
1551 5.425111907924369
1552 5.425111907924369
1553 2.407749307810703
1554 2.407749307810703
1555 2.407749307810703
1556 2.407749307810703
1557 2.407749307810703
1558 5.962536658980197
1559 5.962536658980197
1560 5.962536658980197
1561 5.962536658980197
1562 5.962536658980197
1563 3.226426017008527
1564 3.226426017008527
1565 3.226426017008527
1566 0.1
1567 0.1
1568 0.1
1569 0.1
1570 0.1
1571 4.537125237171803
1572 4.537125237171803
1573 4.537125237171803
1574 4.537125237171803
1575 4.537125237171803
1576 4.561101300016363
1577 4.561101300016363
1578 4.561101300016363
1579 4.561101300016363
1580 4.561101300016363
1581 5.678278706375406
1582 1.1006023316630333
1583 1.1006023316630333
1584 1.1006023316630333
1585 1.1006023316630333
1586 1.1006023316630333
1587 1.8710015661291828
1588 1.8710015661291828
1589 1.8710015661291828
1590 1.8710015661291828
1591 1.8710015661291828
1592 3.3197739691677484
1593 3.3197739691677484
1594 3.3197739691677484
1595 3.3197739691677484
1596 3.3197739691677484
1597 7.642408878502245
1598 7.642408878502245
1599 7.642408878502245
1600 7.642408878502245
1601 7.642408878502245
1602 4.880983044053745
1603 4.880983044053745
1604 4.880983044053745
1605 4.880983044053745
1606 4.880983044053745
1607 4.615764383157064
1608 4.615764383157064
1609 4.615764383157064
1610 4.615764383157064
1611 4.615764383157064
1612 6.525303738964491
1613 6.525303738964491
1614 6.525303738964491
1615 6.525303738964491
1616 6.525303738964491
1617 3.437619430552386
1618 3.437619430552386
1619 3.437619430552386
1620 3.437619430552386
1621 3.437619430552386
1622 3.696254786880092
1623 3.696254786880092
1624 3.696254786880092
1625 3.696254786880092
1626 3.696254786880092
1627 4.81280882345029
1628 4.81280882345029
1629 4.81280882345029
1630 1.6753371303527613
1631 1.6753371303527613
1632 1.6753371303527613
1633 1.6753371303527613
1634 1.6753371303527613
1635 3.953601656302468
1636 3.953601656302468
1637 3.953601656302468
1638 3.953601656302468
1639 3.953601656302468
1640 4.122454562531011
1641 4.122454562531011
1642 4.122454562531011
1643 4.122454562531011
1644 4.122454562531011
1645 4.316721007571656
1646 4.316721007571656
1647 4.316721007571656
1648 4.316721007571656
1649 4.316721007571656
1650 4.442629148183329
1651 4.442629148183329
1652 4.442629148183329
1653 4.442629148183329
1654 4.442629148183329
1655 5.181472563412988
1656 5.181472563412988
1657 5.181472563412988
1658 5.181472563412988
1659 5.181472563412988
1660 4.157177626645877
1661 4.157177626645877
1662 4.157177626645877
1663 4.157177626645877
1664 4.157177626645877
1665 3.489744915403738
1666 3.489744915403738
1667 3.489744915403738
1668 3.489744915403738
1669 3.7991932407318316
1670 3.7991932407318316
1671 3.7991932407318316
1672 3.7991932407318316
1673 3.7991932407318316
1674 4.494690235877208
1675 4.494690235877208
1676 4.494690235877208
1677 4.494690235877208
1678 4.494690235877208
1679 4.345722738026735
1680 4.345722738026735
1681 4.345722738026735
1682 4.345722738026735
1683 4.345722738026735
1684 2.234435020904347
1685 2.234435020904347
1686 2.234435020904347
1687 2.234435020904347
1688 2.234435020904347
1689 5.1352643575158705
1690 5.1352643575158705
1691 5.1352643575158705
1692 5.1352643575158705
1693 5.1352643575158705
1694 4.677088129614529
1695 4.677088129614529
1696 4.677088129614529
1697 4.677088129614529
1698 4.521923842158145
1699 4.521923842158145
1700 4.521923842158145
1701 4.521923842158145
1702 4.521923842158145
1703 3.03638068096929
1704 3.03638068096929
1705 3.03638068096929
1706 3.03638068096929
1707 3.03638068096929
1708 3.5368592991502044
1709 3.5368592991502044
1710 3.5368592991502044
1711 3.5368592991502044
1712 3.5368592991502044
1713 6.001907341995748
1714 6.001907341995748
1715 6.001907341995748
1716 3.1630351234664364
1717 3.1630351234664364
1718 3.1630351234664364
1719 3.1630351234664364
1720 3.1630351234664364
1721 1.0671841640573634
1722 1.0671841640573634
1723 1.0671841640573634
1724 1.0671841640573634
1725 1.0671841640573634
1726 0.23723570285258777
1727 0.23723570285258777
1728 0.23723570285258777
1729 0.23723570285258777
1730 0.23723570285258777
1731 2.109159731229163
1732 2.109159731229163
1733 2.109159731229163
1734 2.109159731229163
1735 2.109159731229163
1736 1.7249216242756353
1737 1.7249216242756353
1738 1.7249216242756353
1739 1.7249216242756353
1740 1.7249216242756353
1741 2.360041813603122
1742 2.360041813603122
1743 2.360041813603122
1744 2.360041813603122
1745 2.360041813603122
1746 1.8006764644605873
1747 1.8006764644605873
1748 1.8006764644605873
1749 1.8006764644605873
1750 1.8006764644605873
1751 1.8530030192372835
1752 1.8530030192372835
1753 1.8530030192372835
1754 1.8530030192372835
1755 1.8530030192372835
1756 2.3952731827040106
1757 2.3952731827040106
1758 2.3952731827040106
1759 2.3952731827040106
1760 4.220853152380443
1761 4.220853152380443
1762 4.220853152380443
1763 4.220853152380443
1764 4.220853152380443
1765 4.6921027951333905
1766 4.6921027951333905
1767 4.6921027951333905
1768 4.6921027951333905
1769 4.6921027951333905
1770 2.4651794268887848
1771 2.4651794268887848
1772 1.4422192072356537
1773 1.4422192072356537
1774 1.4422192072356537
1775 1.4422192072356537
1776 1.4422192072356537
1777 1.0541420681868907
1778 1.0541420681868907
1779 1.0541420681868907
1780 1.0541420681868907
1781 1.0541420681868907
1782 1.0615623434272268
1783 1.0615623434272268
1784 1.0615623434272268
1785 1.0615623434272268
1786 1.0615623434272268
1787 1.8552335980729386
1788 1.8552335980729386
1789 1.8552335980729386
1790 1.8552335980729386
1791 1.8552335980729386
1792 0.8967171974808303
1793 0.8967171974808303
1794 0.8967171974808303
1795 0.8967171974808303
1796 0.8967171974808303
1797 1.3454267339260766
1798 1.3454267339260766
1799 1.3454267339260766
1800 1.3454267339260766
1801 1.3454267339260766
1802 0.7912982039236927
1803 0.7912982039236927
1804 0.7912982039236927
1805 0.7912982039236927
1806 0.7912982039236927
1807 1.0145811276440135
1808 1.0145811276440135
1809 1.0145811276440135
1810 1.0145811276440135
1811 1.0145811276440135
1812 1.3725632914164891
1813 1.3725632914164891
1814 1.3725632914164891
1815 1.3725632914164891
1816 1.3725632914164891
1817 0.9284554470743105
1818 0.9284554470743105
1819 0.9284554470743105
1820 0.9284554470743105
1821 0.9284554470743105
1822 1.0915646958423757
1823 1.0915646958423757
1824 1.0915646958423757
1825 1.0915646958423757
1826 1.0915646958423757
1827 1.8283463716740027
1828 1.8283463716740027
1829 1.8283463716740027
1830 1.8283463716740027
1831 1.8283463716740027
1832 0.5544905978597168
1833 0.5544905978597168
1834 0.5544905978597168
1835 0.5544905978597168
1836 0.5544905978597168
1837 1.0638065692063696
1838 1.0638065692063696
1839 1.0638065692063696
1840 1.0638065692063696
1841 1.0638065692063696
1842 2.2255059421851513
1843 2.2255059421851513
1844 2.2255059421851513
1845 2.2255059421851513
1846 2.2255059421851513
1847 1.3570936400567306
1848 1.3570936400567306
1849 1.3570936400567306
1850 1.3570936400567306
1851 1.3570936400567306
1852 1.1082098010893233
1853 1.1082098010893233
1854 1.1082098010893233
1855 1.1082098010893233
1856 1.1082098010893233
1857 0.7074840612229985
1858 0.7074840612229985
1859 0.7074840612229985
1860 0.7074840612229985
1861 0.7074840612229985
1862 1.021226049021997
1863 1.021226049021997
1864 1.021226049021997
1865 1.021226049021997
1866 1.021226049021997
1867 1.1106722981575068
1868 1.1106722981575068
1869 1.1106722981575068
1870 1.1106722981575068
1871 1.1106722981575068
1872 1.1721715331771108
1873 1.1721715331771108
1874 2.5376608718862435
1875 2.5376608718862435
1876 2.5376608718862435
1877 2.5376608718862435
1878 2.5376608718862435
1879 2.797783826418794
1880 2.797783826418794
1881 2.797783826418794
1882 2.797783826418794
1883 2.797783826418794
1884 1.9927947213630577
1885 1.9927947213630577
1886 1.9927947213630577
1887 1.9927947213630577
1888 1.9927947213630577
1889 1.6347661216704843
1890 1.6347661216704843
1891 1.6347661216704843
1892 1.6347661216704843
1893 1.6347661216704843
1894 1.6406414129584506
1895 1.6406414129584506
1896 1.6406414129584506
1897 1.6406414129584506
1898 1.6406414129584506
1899 2.6751701427997814
1900 2.6751701427997814
1901 2.6751701427997814
1902 2.6751701427997814
1903 2.6751701427997814
1904 3.1651916944726546
1905 3.1651916944726546
1906 3.1651916944726546
1907 3.1651916944726546
1908 3.1651916944726546
1909 2.7587238345148544
1910 2.7587238345148544
1911 2.7587238345148544
1912 2.7587238345148544
1913 2.7587238345148544
1914 0.7659528362556673
1915 0.7659528362556673
1916 0.7659528362556673
1917 0.7659528362556673
1918 0.7659528362556673
1919 1.8222687784001672
1920 1.8222687784001672
1921 1.8222687784001672
1922 1.8222687784001672
1923 1.8222687784001672
1924 2.5543660400455592
1925 2.5543660400455592
1926 2.5543660400455592
1927 2.5543660400455592
1928 2.5543660400455592
1929 1.2898294007499471
1930 1.2898294007499471
1931 1.2898294007499471
1932 1.2898294007499471
1933 1.2898294007499471
1934 1.86168276485864
1935 1.86168276485864
1936 1.86168276485864
1937 1.86168276485864
1938 1.86168276485864
1939 0.5735855257220852
1940 0.5735855257220852
1941 0.5735855257220852
1942 0.5735855257220852
1943 0.5735855257220852
1944 2.662612695085051
1945 2.662612695085051
1946 2.662612695085051
1947 2.662612695085051
1948 2.662612695085051
1949 2.2026333082631773
1950 2.2026333082631773
1951 2.2026333082631773
1952 2.2026333082631773
1953 2.2026333082631773
1954 1.3380198414739193
1955 1.3380198414739193
1956 1.3380198414739193
1957 1.3380198414739193
1958 1.3380198414739193
1959 1.515692805485684
1960 1.515692805485684
1961 1.515692805485684
1962 0.2691554003185224
1963 0.2691554003185224
1964 0.2691554003185224
1965 0.2691554003185224
1966 0.2691554003185224
1967 0.2295309743966279
1968 0.2295309743966279
1969 0.2295309743966279
1970 0.2295309743966279
1971 0.2295309743966279
1972 0.28510691256671
1973 0.28510691256671
1974 0.28510691256671
1975 0.28510691256671
1976 0.28510691256671
1977 0.19636183581072825
1978 0.19636183581072825
1979 0.19636183581072825
1980 0.19636183581072825
1981 0.19636183581072825
1982 0.22516305092010414
1983 0.22516305092010414
1984 0.22516305092010414
1985 0.22516305092010414
1986 0.22516305092010414
1987 0.1
1988 0.1
1989 0.1
1990 0.1
1991 0.1
1992 0.17450362586973384
1993 0.17450362586973384
1994 0.17450362586973384
1995 0.17450362586973384
1996 0.17450362586973384
1997 0.23081340759441504
1998 0.23081340759441504
1999 0.23081340759441504
