0 0.18867410891427006
1 0.18867410891427006
2 0.18867410891427006
3 0.18867410891427006
4 0.18867410891427006
5 0.14675937584749407
6 3.08702777115231
7 3.08702777115231
8 3.08702777115231
9 3.08702777115231
10 3.08702777115231
11 2.5927468710772907
12 2.5927468710772907
13 2.5927468710772907
14 2.5927468710772907
15 2.5927468710772907
16 1.7783426495507864
17 1.7783426495507864
18 1.7783426495507864
19 1.7783426495507864
20 1.7783426495507864
21 2.6470101467419793
22 2.6470101467419793
23 2.6470101467419793
24 2.6470101467419793
25 2.6470101467419793
26 4.029602953484599
27 4.029602953484599
28 4.029602953484599
29 4.029602953484599
30 4.029602953484599
31 4.015466346146033
32 4.015466346146033
33 4.015466346146033
34 4.015466346146033
35 4.015466346146033
36 5.61704833177123
37 5.61704833177123
38 5.61704833177123
39 5.61704833177123
40 5.61704833177123
41 0.1
42 0.1
43 0.1
44 0.1
45 0.1
46 2.3709810594866987
47 2.3709810594866987
48 2.3709810594866987
49 2.3709810594866987
50 2.3709810594866987
51 3.7897089346165553
52 3.7897089346165553
53 3.7897089346165553
54 3.7897089346165553
55 3.7897089346165553
56 3.014313639273107
57 3.014313639273107
58 3.014313639273107
59 3.014313639273107
60 3.014313639273107
61 6.232702209178109
62 6.232702209178109
63 6.232702209178109
64 6.232702209178109
65 6.232702209178109
66 4.006474278937775
67 4.006474278937775
68 4.006474278937775
69 4.006474278937775
70 4.006474278937775
71 1.7981998984785923
72 1.7981998984785923
73 1.7981998984785923
74 1.7981998984785923
75 1.7981998984785923
76 5.010923262382033
77 5.010923262382033
78 5.010923262382033
79 5.010923262382033
80 5.010923262382033
81 3.7856048633589356
82 3.7856048633589356
83 3.7856048633589356
84 3.7856048633589356
85 3.7856048633589356
86 3.115777643067837
87 3.115777643067837
88 3.115777643067837
89 3.115777643067837
90 3.115777643067837
91 2.603580098312963
92 2.603580098312963
93 2.603580098312963
94 2.603580098312963
95 2.603580098312963
96 3.8535666558348836
97 3.8535666558348836
98 3.8535666558348836
99 3.8535666558348836
100 3.8535666558348836
101 2.207715359679994
102 2.207715359679994
103 2.207715359679994
104 2.207715359679994
105 2.207715359679994
106 2.059609135178315
107 2.059609135178315
108 2.059609135178315
109 2.059609135178315
110 2.059609135178315
111 2.0968285141975844
112 2.0968285141975844
113 2.0968285141975844
114 2.0968285141975844
115 2.0968285141975844
116 4.714597617178728
117 4.714597617178728
118 4.714597617178728
119 4.714597617178728
120 4.714597617178728
121 0.7997322238125038
122 0.7997322238125038
123 0.7997322238125038
124 0.7997322238125038
125 0.7997322238125038
126 0.7397037435524507
127 0.7397037435524507
128 0.7397037435524507
129 0.7397037435524507
130 0.7397037435524507
131 0.8908617286678543
132 0.8908617286678543
133 0.8908617286678543
134 0.8908617286678543
135 0.8908617286678543
136 0.884175652340269
137 0.884175652340269
138 0.884175652340269
139 0.884175652340269
140 0.884175652340269
141 0.2525003833355054
142 0.2525003833355054
143 0.2525003833355054
144 0.2525003833355054
145 4.006572439392622
146 4.006572439392622
147 4.006572439392622
148 4.006572439392622
149 4.006572439392622
150 5.493353449597737
151 5.493353449597737
152 5.493353449597737
153 5.493353449597737
154 5.493353449597737
155 5.039257444818723
156 5.039257444818723
157 5.039257444818723
158 5.039257444818723
159 5.039257444818723
160 5.612690746029635
161 5.612690746029635
162 5.612690746029635
163 0.6260037649785453
164 0.6260037649785453
165 0.6260037649785453
166 0.6260037649785453
167 3.6478585951615172
168 3.6478585951615172
169 3.6478585951615172
170 3.6478585951615172
171 3.6478585951615172
172 4.986037835203422
173 4.986037835203422
174 4.986037835203422
175 4.986037835203422
176 4.986037835203422
177 2.7540182483327875
178 2.7540182483327875
179 2.7540182483327875
180 2.7540182483327875
181 2.7540182483327875
182 2.681256704404351
183 2.681256704404351
184 2.681256704404351
185 2.681256704404351
186 2.681256704404351
187 2.969702560049921
188 2.969702560049921
189 2.969702560049921
190 2.969702560049921
191 2.969702560049921
192 1.8085914744308385
193 1.8085914744308385
194 1.8085914744308385
195 1.8085914744308385
196 1.8085914744308385
197 3.807802218660842
198 3.807802218660842
199 3.807802218660842
200 3.807802218660842
201 3.807802218660842
202 5.040669022848034
203 5.040669022848034
204 5.040669022848034
205 5.040669022848034
206 5.040669022848034
207 1.1141669363442017
208 1.4941590024752753
209 1.4941590024752753
210 1.4941590024752753
211 1.4941590024752753
212 1.4941590024752753
213 2.690960994154822
214 2.690960994154822
215 2.690960994154822
216 2.690960994154822
217 2.690960994154822
218 1.5064476522264478
219 1.5064476522264478
220 1.1193380869347163
221 1.1193380869347163
222 1.1193380869347163
223 1.1193380869347163
224 1.1193380869347163
225 0.9127281376215124
226 1.147977830500316
227 1.147977830500316
228 1.147977830500316
229 1.147977830500316
230 1.147977830500316
231 1.1342112690142099
232 1.1342112690142099
233 1.1342112690142099
234 1.1342112690142099
235 1.1342112690142099
236 0.4073523165761963
237 0.4073523165761963
238 0.4073523165761963
239 2.2204715644770614
240 2.2204715644770614
241 2.2204715644770614
242 2.2204715644770614
243 2.2204715644770614
244 0.8052807065619974
245 0.8052807065619974
246 0.8052807065619974
247 0.8052807065619974
248 0.8052807065619974
249 0.8176650971047272
250 0.8176650971047272
251 0.8176650971047272
252 0.8176650971047272
253 0.8176650971047272
254 1.3126066696121486
255 1.3126066696121486
256 1.3126066696121486
257 1.3126066696121486
258 1.3126066696121486
259 1.8408303571985303
260 1.8408303571985303
261 1.8408303571985303
262 1.8408303571985303
263 1.8408303571985303
264 0.8430101939380923
265 0.8430101939380923
266 0.8430101939380923
267 0.8430101939380923
268 0.8430101939380923
269 1.553069989120704
270 1.553069989120704
271 1.553069989120704
272 1.0413772359970457
273 1.0413772359970457
274 1.0413772359970457
275 1.0413772359970457
276 1.0413772359970457
277 0.627749826309584
278 0.627749826309584
279 0.627749826309584
280 0.627749826309584
281 0.627749826309584
282 0.30557693930834795
283 0.30557693930834795
284 0.30557693930834795
285 0.30557693930834795
286 0.30557693930834795
287 0.9232106404097661
288 0.9232106404097661
289 0.9232106404097661
290 0.9232106404097661
291 0.9232106404097661
292 1.2100062832107858
293 1.2100062832107858
294 1.2100062832107858
295 1.2100062832107858
296 1.2100062832107858
297 0.3013616668466649
298 3.0966850282021348
299 3.0966850282021348
300 3.0966850282021348
301 3.0966850282021348
302 3.0966850282021348
303 2.986049865242205
304 2.986049865242205
305 2.986049865242205
306 2.986049865242205
307 3.53901956852692
308 3.53901956852692
309 3.53901956852692
310 3.53901956852692
311 3.53901956852692
312 2.2105267377174
313 2.2105267377174
314 1.880748344647005
315 1.880748344647005
316 1.880748344647005
317 1.880748344647005
318 1.880748344647005
319 1.2054301515106194
320 1.2054301515106194
321 1.2054301515106194
322 1.2054301515106194
323 1.2054301515106194
324 0.9622592142545893
325 0.9622592142545893
326 0.9622592142545893
327 0.9622592142545893
328 0.9622592142545893
329 0.695980567388574
330 0.695980567388574
331 0.695980567388574
332 0.695980567388574
333 0.695980567388574
334 1.6625117938758285
335 1.6625117938758285
336 1.6625117938758285
337 1.6625117938758285
338 1.6625117938758285
339 1.3832389997993082
340 1.3832389997993082
341 1.3832389997993082
342 1.3832389997993082
343 2.728754363369438
344 2.728754363369438
345 2.728754363369438
346 2.728754363369438
347 2.728754363369438
348 2.4565762923577266
349 2.4565762923577266
350 2.4565762923577266
351 2.4565762923577266
352 2.4565762923577266
353 5.514031403652406
354 5.514031403652406
355 1.0207633278136974
356 1.0207633278136974
357 1.0207633278136974
358 0.9476692391756821
359 0.9476692391756821
360 0.9476692391756821
361 0.9476692391756821
362 0.9476692391756821
363 0.8632915608018297
364 0.8632915608018297
365 0.8632915608018297
366 0.8632915608018297
367 0.8632915608018297
368 2.325455598412262
369 2.325455598412262
370 2.325455598412262
371 2.325455598412262
372 2.325455598412262
373 1.2919956735185145
374 0.11571887983289487
375 0.11571887983289487
376 0.11571887983289487
377 0.11571887983289487
378 0.11571887983289487
379 0.10947119704203662
380 0.10947119704203662
381 0.10947119704203662
382 0.10947119704203662
383 0.10947119704203662
384 0.29908376989024915
385 0.29908376989024915
386 0.29908376989024915
387 0.29908376989024915
388 0.29908376989024915
389 0.25069018649775787
390 5.240243180622152
391 5.240243180622152
392 5.240243180622152
393 5.240243180622152
394 5.240243180622152
395 0.1
396 0.1
397 0.1
398 0.1
399 0.1
400 3.739817125117458
401 3.739817125117458
402 3.739817125117458
403 3.739817125117458
404 3.739817125117458
405 4.5376983279071545
406 4.5376983279071545
407 4.5376983279071545
408 4.5376983279071545
409 4.5376983279071545
410 0.9953092860650525
411 0.7338149347970575
412 0.7338149347970575
413 0.7338149347970575
414 0.7338149347970575
415 0.7338149347970575
416 0.14482011119911153
417 0.14482011119911153
418 0.14482011119911153
419 0.14482011119911153
420 0.14482011119911153
421 0.5915949656837247
422 0.5915949656837247
423 0.5915949656837247
424 0.5915949656837247
425 0.5915949656837247
426 0.9967794597314976
427 0.9967794597314976
428 0.9967794597314976
429 0.9967794597314976
430 0.9967794597314976
431 1.1066508912622655
432 1.1066508912622655
433 1.1066508912622655
434 1.1066508912622655
435 1.1066508912622655
436 0.8323469436834655
437 0.8323469436834655
438 0.8323469436834655
439 0.8323469436834655
440 1.2659987603727567
441 1.2659987603727567
442 1.2659987603727567
443 1.2659987603727567
444 1.2659987603727567
445 3.378998683854819
446 3.378998683854819
447 3.378998683854819
448 3.378998683854819
449 3.378998683854819
450 4.2502755161712535
451 4.2502755161712535
452 4.2502755161712535
453 4.2502755161712535
454 2.2209323482802796
455 2.2209323482802796
456 2.2209323482802796
457 2.2209323482802796
458 2.1911272921867
459 2.1911272921867
460 2.1911272921867
461 2.1911272921867
462 2.1911272921867
463 3.520623882980956
464 3.520623882980956
465 3.520623882980956
466 3.520623882980956
467 3.520623882980956
468 3.31685267643899
469 3.31685267643899
470 3.31685267643899
471 3.31685267643899
472 3.31685267643899
473 5.142853098891259
474 5.142853098891259
475 5.142853098891259
476 5.142853098891259
477 5.142853098891259
478 1.3588462611787535
479 1.3588462611787535
480 1.3588462611787535
481 1.3588462611787535
482 1.3588462611787535
483 2.8262947506743856
484 2.8262947506743856
485 2.8262947506743856
486 2.8262947506743856
487 2.8262947506743856
488 2.6757112871429944
489 2.6757112871429944
490 2.6757112871429944
491 2.6757112871429944
492 2.6757112871429944
493 2.0138188734140776
494 2.0138188734140776
495 2.0138188734140776
496 2.0138188734140776
497 2.0138188734140776
498 3.035972413881255
499 3.035972413881255
500 3.035972413881255
501 3.035972413881255
502 3.035972413881255
503 4.782994857899265
504 4.782994857899265
505 4.782994857899265
506 4.782994857899265
507 4.782994857899265
508 5.024280805787533
509 5.024280805787533
510 5.024280805787533
511 5.024280805787533
512 5.024280805787533
513 6.734011017367667
514 6.734011017367667
515 6.734011017367667
516 6.734011017367667
517 6.734011017367667
518 2.1975465052067276
519 2.1975465052067276
520 2.1975465052067276
521 2.1975465052067276
522 2.1975465052067276
523 1.895022165345031
524 1.3831527299005293
525 1.3831527299005293
526 1.3831527299005293
527 1.3831527299005293
528 1.3831527299005293
529 3.2687213866542875
530 3.2687213866542875
531 3.2687213866542875
532 3.2687213866542875
533 3.2687213866542875
534 1.5664290258732168
535 1.5664290258732168
536 1.5664290258732168
537 1.5664290258732168
538 1.5664290258732168
539 1.4928303730970027
540 1.4928303730970027
541 1.4928303730970027
542 1.4928303730970027
543 1.4928303730970027
544 2.011697808854274
545 2.011697808854274
546 2.011697808854274
547 2.011697808854274
548 2.011697808854274
549 2.1454571533583655
550 2.1454571533583655
551 2.1454571533583655
552 2.1454571533583655
553 2.1454571533583655
554 3.027551939884246
555 3.027551939884246
556 3.027551939884246
557 3.027551939884246
558 4.618031638280573
559 4.618031638280573
560 4.618031638280573
561 4.618031638280573
562 1.942364232146404
563 1.942364232146404
564 1.942364232146404
565 1.942364232146404
566 1.942364232146404
567 1.9653035183988197
568 1.9653035183988197
569 1.9653035183988197
570 1.9653035183988197
571 1.9653035183988197
572 1.1338425298810304
573 1.1338425298810304
574 1.1338425298810304
575 1.1338425298810304
576 1.1338425298810304
577 1.5193235797901794
578 1.5193235797901794
579 1.5193235797901794
580 1.5193235797901794
581 1.5193235797901794
582 1.9083833092380176
583 5.62193350023021
584 5.62193350023021
585 5.62193350023021
586 5.62193350023021
587 5.62193350023021
588 5.087425167855689
589 5.087425167855689
590 5.087425167855689
591 5.087425167855689
592 5.087425167855689
593 5.212109650850174
594 5.212109650850174
595 5.212109650850174
596 5.212109650850174
597 3.359245949319902
598 3.359245949319902
599 3.359245949319902
600 3.359245949319902
601 3.359245949319902
602 4.848792954416847
603 4.848792954416847
604 4.848792954416847
605 4.848792954416847
606 4.848792954416847
607 1.9321298068079955
608 1.9321298068079955
609 1.9321298068079955
610 1.9321298068079955
611 1.9321298068079955
612 4.147092123948733
613 4.147092123948733
614 4.147092123948733
615 4.147092123948733
616 4.147092123948733
617 1.3683776328008666
618 0.8931824881123559
619 0.8931824881123559
620 0.8931824881123559
621 0.8931824881123559
622 0.8931824881123559
623 1.2735809355106285
624 1.2735809355106285
625 1.2735809355106285
626 1.2735809355106285
627 1.0029098188788028
628 1.0029098188788028
629 2.9827576693630773
630 2.9827576693630773
631 2.9827576693630773
632 2.9827576693630773
633 2.9827576693630773
634 5.10209956446352
635 5.10209956446352
636 5.10209956446352
637 5.10209956446352
638 5.10209956446352
639 2.5675647166733024
640 2.5675647166733024
641 2.5675647166733024
642 2.5675647166733024
643 2.5675647166733024
644 1.98919457517096
645 1.98919457517096
646 1.98919457517096
647 4.1076156989726815
648 4.1076156989726815
649 4.1076156989726815
650 4.1076156989726815
651 4.1076156989726815
652 2.349203107166278
653 2.349203107166278
654 2.349203107166278
655 2.349203107166278
656 2.349203107166278
657 1.8112431205985744
658 1.8112431205985744
659 1.8112431205985744
660 1.8112431205985744
661 1.8112431205985744
662 4.808852694344724
663 4.808852694344724
664 4.808852694344724
665 4.808852694344724
666 4.808852694344724
667 0.9350193193596961
668 0.9350193193596961
669 0.9350193193596961
670 0.9350193193596961
671 0.9350193193596961
672 4.689307327057919
673 4.689307327057919
674 4.689307327057919
675 4.689307327057919
676 4.689307327057919
677 2.815881828160742
678 2.815881828160742
679 2.815881828160742
680 2.815881828160742
681 2.815881828160742
682 2.562437482130874
683 2.562437482130874
684 2.562437482130874
685 2.562437482130874
686 2.562437482130874
687 3.9900395577626764
688 3.9900395577626764
689 3.9900395577626764
690 3.9900395577626764
691 3.9900395577626764
692 5.1332965223215155
693 5.1332965223215155
694 5.1332965223215155
695 5.1332965223215155
696 5.1332965223215155
697 1.7070472835178845
698 1.7070472835178845
699 1.7070472835178845
700 1.7070472835178845
701 1.7070472835178845
702 0.1
703 0.1
704 0.1
705 0.1
706 0.1
707 2.8609207485539194
708 2.8609207485539194
709 2.8609207485539194
710 2.8609207485539194
711 2.8609207485539194
712 4.404626720824051
713 4.404626720824051
714 4.404626720824051
715 1.2062967669812816
716 1.2062967669812816
717 1.2062967669812816
718 1.2062967669812816
719 1.2062967669812816
720 2.140255735677969
721 2.140255735677969
722 2.140255735677969
723 2.140255735677969
724 2.140255735677969
725 0.4787811880848023
726 0.4787811880848023
727 0.4787811880848023
728 0.4787811880848023
729 0.4787811880848023
730 2.1097684943309094
731 2.1097684943309094
732 2.1097684943309094
733 2.1097684943309094
734 2.1097684943309094
735 2.720053826421848
736 2.720053826421848
737 2.720053826421848
738 2.720053826421848
739 2.720053826421848
740 1.1456093335446913
741 1.1456093335446913
742 1.1456093335446913
743 1.1456093335446913
744 1.1456093335446913
745 0.883020279952072
746 0.8236332387699123
747 0.8236332387699123
748 3.674252220354567
749 3.674252220354567
750 3.674252220354567
751 3.674252220354567
752 3.674252220354567
753 2.487474270476869
754 2.487474270476869
755 2.487474270476869
756 2.487474270476869
757 2.487474270476869
758 3.0860320738667633
759 3.0860320738667633
760 3.0860320738667633
761 3.0860320738667633
762 3.0860320738667633
763 2.1774886576604873
764 5.626094222502079
765 5.626094222502079
766 5.626094222502079
767 5.626094222502079
768 5.626094222502079
769 4.0858408129012656
770 4.0858408129012656
771 4.0858408129012656
772 4.0858408129012656
773 4.0858408129012656
774 3.504011312612554
775 3.504011312612554
776 3.504011312612554
777 3.504011312612554
778 2.301224649602063
779 2.301224649602063
780 2.301224649602063
781 2.301224649602063
782 2.301224649602063
783 3.7863880321537726
784 3.7863880321537726
785 3.7863880321537726
786 3.7863880321537726
787 3.7863880321537726
788 3.133595620772799
789 3.133595620772799
790 3.133595620772799
791 3.133595620772799
792 3.133595620772799
793 3.0248334228469336
794 3.0248334228469336
795 3.0248334228469336
796 3.0248334228469336
797 3.0248334228469336
798 3.23509955205128
799 3.23509955205128
800 3.23509955205128
801 3.23509955205128
802 3.23509955205128
803 3.0566982235120714
804 3.0566982235120714
805 3.0566982235120714
806 3.0566982235120714
807 3.0566982235120714
808 0.1
809 0.1
810 0.1
811 0.1
812 0.1
813 0.7007036205178914
814 0.7007036205178914
815 0.7007036205178914
816 0.7007036205178914
817 0.7007036205178914
818 5.02413928491856
819 5.02413928491856
820 5.02413928491856
821 1.0698052111456164
822 1.0698052111456164
823 1.0698052111456164
824 1.0698052111456164
825 1.0698052111456164
826 0.31761470025493765
827 0.31761470025493765
828 0.31761470025493765
829 0.31761470025493765
830 0.31761470025493765
831 1.1168478447859385
832 1.1168478447859385
833 1.1168478447859385
834 6.1158613831356305
835 6.1158613831356305
836 6.1158613831356305
837 6.1158613831356305
838 6.1158613831356305
839 4.218144019444112
840 4.218144019444112
841 4.218144019444112
842 4.218144019444112
843 4.218144019444112
844 0.6653340644337864
845 0.6653340644337864
846 0.6653340644337864
847 0.6653340644337864
848 0.6653340644337864
849 3.3946942682023176
850 3.3946942682023176
851 3.3946942682023176
852 3.3946942682023176
853 3.3946942682023176
854 1.752357069701737
855 1.752357069701737
856 1.752357069701737
857 1.752357069701737
858 0.26351961164744664
859 0.26351961164744664
860 0.26351961164744664
861 0.26351961164744664
862 0.26351961164744664
863 2.0294044157335382
864 2.0294044157335382
865 2.0294044157335382
866 2.0294044157335382
867 2.0294044157335382
868 0.38329201119492406
869 0.38329201119492406
870 0.38329201119492406
871 0.38329201119492406
872 0.38329201119492406
873 1.5096539361990797
874 1.5096539361990797
875 1.5096539361990797
876 1.5096539361990797
877 1.5096539361990797
878 1.6615509060556306
879 1.6615509060556306
880 1.9871985356527624
881 1.9871985356527624
882 1.9871985356527624
883 1.9871985356527624
884 1.9871985356527624
885 4.369909047354991
886 4.369909047354991
887 4.369909047354991
888 4.369909047354991
889 4.369909047354991
890 4.179462879678859
891 7.371585861272587
892 7.371585861272587
893 7.371585861272587
894 7.371585861272587
895 7.371585861272587
896 1.9143041429655656
897 1.9143041429655656
898 1.9143041429655656
899 1.9143041429655656
900 1.9143041429655656
901 5.62022866367068
902 5.62022866367068
903 5.62022866367068
904 5.62022866367068
905 5.62022866367068
906 0.1
907 0.1
908 0.3187640044215658
909 0.3187640044215658
910 0.3187640044215658
911 0.3187640044215658
912 0.3187640044215658
913 1.475361805718352
914 1.475361805718352
915 1.475361805718352
916 1.475361805718352
917 1.475361805718352
918 1.5644060432988511
919 1.5644060432988511
920 1.5644060432988511
921 1.5644060432988511
922 1.5644060432988511
923 0.7921256670938053
924 0.7921256670938053
925 0.7921256670938053
926 0.7921256670938053
927 0.7921256670938053
928 1.0966954801871776
929 1.0966954801871776
930 1.0966954801871776
931 3.1590274527690636
932 3.1590274527690636
933 3.1590274527690636
934 3.1590274527690636
935 3.1590274527690636
936 4.232253084350414
937 4.232253084350414
938 4.232253084350414
939 4.232253084350414
940 4.232253084350414
941 3.721358760038333
942 3.721358760038333
943 3.721358760038333
944 3.721358760038333
945 3.721358760038333
946 0.8672161024136646
947 0.8672161024136646
948 0.8672161024136646
949 0.8672161024136646
950 0.8672161024136646
951 2.8076886374899486
952 2.8076886374899486
953 2.8076886374899486
954 2.8076886374899486
955 2.8076886374899486
956 3.0867569390907024
957 3.0867569390907024
958 3.0867569390907024
959 3.0867569390907024
960 3.0867569390907024
961 2.792384625765708
962 2.792384625765708
963 2.792384625765708
964 2.792384625765708
965 2.792384625765708
966 3.267375712282601
967 3.267375712282601
968 3.267375712282601
969 3.267375712282601
970 3.267375712282601
971 0.1
972 0.1
973 0.9871498004427277
974 0.9871498004427277
975 0.9871498004427277
976 0.9871498004427277
977 0.9871498004427277
978 3.327440650277095
979 3.327440650277095
980 3.327440650277095
981 3.327440650277095
982 3.327440650277095
983 2.0462803508673013
984 2.0462803508673013
985 2.0462803508673013
986 2.0462803508673013
987 2.0462803508673013
988 1.9379529863347726
989 1.9379529863347726
990 1.6900247985830856
991 1.6900247985830856
992 1.6900247985830856
993 1.6900247985830856
994 1.6900247985830856
995 0.10337272195612135
996 4.9188286774452274
997 4.9188286774452274
998 4.9188286774452274
999 4.9188286774452274
1000 4.9188286774452274
1001 2.330021932047031
1002 2.330021932047031
1003 2.330021932047031
1004 2.330021932047031
1005 2.330021932047031
1006 1.1458705580654724
1007 1.1458705580654724
1008 1.1458705580654724
1009 1.1458705580654724
1010 1.0476241493258194
1011 1.0476241493258194
1012 1.0476241493258194
1013 1.0476241493258194
1014 1.0476241493258194
1015 1.0406775364017475
1016 1.0406775364017475
1017 1.0406775364017475
1018 1.0406775364017475
1019 1.0406775364017475
1020 0.7616764622899819
1021 0.7616764622899819
1022 0.7616764622899819
1023 0.7616764622899819
1024 0.7616764622899819
1025 0.29561018432583075
1026 0.29561018432583075
1027 0.29561018432583075
1028 0.29561018432583075
1029 0.29561018432583075
1030 1.6795687392306684
1031 1.6795687392306684
1032 1.6795687392306684
1033 1.6795687392306684
1034 1.6795687392306684
1035 2.2092372949443204
1036 2.2092372949443204
1037 2.2092372949443204
1038 2.2092372949443204
1039 2.2092372949443204
1040 1.554419649010099
1041 1.554419649010099
1042 1.554419649010099
1043 1.554419649010099
1044 1.554419649010099
1045 0.8114347584474126
1046 0.8114347584474126
1047 0.8114347584474126
1048 0.8114347584474126
1049 0.8114347584474126
1050 1.6396228857929862
1051 1.6396228857929862
1052 1.6396228857929862
1053 1.6396228857929862
1054 1.6396228857929862
1055 0.17147967343514448
1056 0.17147967343514448
1057 0.17147967343514448
1058 0.17147967343514448
1059 0.17147967343514448
1060 1.3726922691358778
1061 1.3726922691358778
1062 1.3726922691358778
1063 1.3726922691358778
1064 1.3726922691358778
1065 0.24109475346823706
1066 0.24109475346823706
1067 0.24109475346823706
1068 0.24109475346823706
1069 0.24109475346823706
1070 1.7162378021181557
1071 1.7162378021181557
1072 1.7162378021181557
1073 1.7162378021181557
1074 1.7162378021181557
1075 2.2841726115041805
1076 2.2841726115041805
1077 2.2841726115041805
1078 2.2841726115041805
1079 2.2841726115041805
1080 0.9562508346054092
1081 0.9562508346054092
1082 0.9562508346054092
1083 0.9562508346054092
1084 0.9562508346054092
1085 0.1
1086 0.1
1087 0.1
1088 0.1
1089 0.1
1090 1.2955482884047842
1091 1.2955482884047842
1092 1.2955482884047842
1093 1.2955482884047842
1094 1.2955482884047842
1095 0.6797953121419924
1096 0.6797953121419924
1097 0.6797953121419924
1098 0.6797953121419924
1099 0.6797953121419924
1100 1.7887636247706595
1101 1.7887636247706595
1102 1.7887636247706595
1103 1.7887636247706595
1104 1.7887636247706595
1105 1.1160810943283315
1106 1.1160810943283315
1107 1.1160810943283315
1108 1.1160810943283315
1109 1.1160810943283315
1110 1.5930641252291857
1111 1.5930641252291857
1112 0.9644062189237772
1113 0.9644062189237772
1114 0.9644062189237772
1115 0.9644062189237772
1116 0.9644062189237772
1117 1.9013942934322716
1118 1.9013942934322716
1119 1.9013942934322716
1120 1.9013942934322716
1121 1.9013942934322716
1122 2.360578461933855
1123 2.360578461933855
1124 2.360578461933855
1125 2.360578461933855
1126 2.360578461933855
1127 1.61412321623914
1128 1.61412321623914
1129 1.61412321623914
1130 1.61412321623914
1131 1.61412321623914
1132 2.623339659849499
1133 2.623339659849499
1134 2.623339659849499
1135 2.623339659849499
1136 2.623339659849499
1137 0.3554705432959846
1138 0.3554705432959846
1139 0.3554705432959846
1140 0.3554705432959846
1141 0.3554705432959846
1142 4.190802225313804
1143 4.190802225313804
1144 4.190802225313804
1145 4.190802225313804
1146 4.190802225313804
1147 3.5259817064669905
1148 3.5259817064669905
1149 3.5259817064669905
1150 3.5259817064669905
1151 3.5259817064669905
1152 3.698510772493649
1153 3.698510772493649
1154 3.698510772493649
1155 3.698510772493649
1156 3.698510772493649
1157 3.0625181182624437
1158 3.0625181182624437
1159 3.0625181182624437
1160 3.0625181182624437
1161 3.0625181182624437
1162 3.1069552053497986
1163 3.1069552053497986
1164 1.270547510634801
1165 1.270547510634801
1166 1.270547510634801
1167 4.496438128367217
1168 4.496438128367217
1169 4.496438128367217
1170 4.496438128367217
1171 4.496438128367217
1172 5.606836499962914
1173 1.1182321695101407
1174 1.1182321695101407
1175 1.1182321695101407
1176 1.1182321695101407
1177 1.1182321695101407
1178 2.7070304789965056
1179 2.7070304789965056
1180 1.5574178724945908
1181 1.5574178724945908
1182 1.5574178724945908
1183 1.5574178724945908
1184 3.5311879929756973
1185 2.9209734832089405
1186 2.9209734832089405
1187 3.51561173865063
1188 3.51561173865063
1189 3.51561173865063
1190 3.51561173865063
1191 3.51561173865063
1192 2.476352780673109
1193 2.476352780673109
1194 2.476352780673109
1195 2.476352780673109
1196 2.476352780673109
1197 2.7610340193007286
1198 2.7610340193007286
1199 2.7610340193007286
1200 2.7610340193007286
1201 2.7610340193007286
1202 1.156837610680874
1203 1.156837610680874
1204 1.156837610680874
1205 1.156837610680874
1206 1.156837610680874
1207 3.870103750547986
1208 3.870103750547986
1209 3.870103750547986
1210 3.870103750547986
1211 3.870103750547986
1212 4.838365809077238
1213 4.838365809077238
1214 4.838365809077238
1215 4.838365809077238
1216 4.838365809077238
1217 4.208881040712953
1218 4.208881040712953
1219 4.208881040712953
1220 4.208881040712953
1221 4.208881040712953
1222 1.8518365321938295
1223 1.8518365321938295
1224 1.8518365321938295
1225 1.8518365321938295
1226 1.8518365321938295
1227 6.035088727527804
1228 6.035088727527804
1229 6.035088727527804
1230 6.035088727527804
1231 6.035088727527804
1232 1.6351401197217934
1233 1.6351401197217934
1234 1.6351401197217934
1235 1.6351401197217934
1236 1.6351401197217934
1237 6.815385826561772
1238 6.815385826561772
1239 6.815385826561772
1240 6.815385826561772
1241 6.815385826561772
1242 2.863365743590592
1243 2.863365743590592
1244 2.863365743590592
1245 2.863365743590592
1246 2.863365743590592
1247 2.1248626773899466
1248 2.1248626773899466
1249 2.1248626773899466
1250 2.1248626773899466
1251 2.1248626773899466
1252 2.9639895507291842
1253 2.9639895507291842
1254 2.9639895507291842
1255 2.9639895507291842
1256 2.9639895507291842
1257 3.3471894300152525
1258 3.3471894300152525
1259 3.3471894300152525
1260 3.3471894300152525
1261 3.3471894300152525
1262 1.711881075085812
1263 1.711881075085812
1264 1.711881075085812
1265 1.711881075085812
1266 1.711881075085812
1267 4.057842249897567
1268 4.057842249897567
1269 4.057842249897567
1270 4.057842249897567
1271 4.057842249897567
1272 2.6522934467850017
1273 3.2919643869499176
1274 3.2919643869499176
1275 3.2919643869499176
1276 3.2919643869499176
1277 3.2919643869499176
1278 5.246101861479527
1279 5.246101861479527
1280 5.246101861479527
1281 5.246101861479527
1282 5.246101861479527
1283 4.81231079550623
1284 4.81231079550623
1285 4.81231079550623
1286 4.81231079550623
1287 4.81231079550623
1288 3.7937545075867356
1289 3.7937545075867356
1290 3.7937545075867356
1291 3.7937545075867356
1292 3.7937545075867356
1293 4.5230536105189225
1294 4.5230536105189225
1295 4.5230536105189225
1296 4.5230536105189225
1297 4.5230536105189225
1298 7.013113653928034
1299 7.013113653928034
1300 7.013113653928034
1301 7.013113653928034
1302 7.013113653928034
1303 4.324607380885894
1304 4.324607380885894
1305 4.324607380885894
1306 4.324607380885894
1307 4.324607380885894
1308 2.8094274684985288
1309 2.8094274684985288
1310 2.8094274684985288
1311 2.8094274684985288
1312 2.8094274684985288
1313 2.6715520643498607
1314 2.6715520643498607
1315 2.6715520643498607
1316 2.6715520643498607
1317 2.6715520643498607
1318 2.168914431200768
1319 2.168914431200768
1320 2.168914431200768
1321 2.168914431200768
1322 2.168914431200768
1323 3.278763156242005
1324 3.278763156242005
1325 3.278763156242005
1326 3.278763156242005
1327 3.278763156242005
1328 0.7519335489259138
1329 0.7519335489259138
1330 0.7519335489259138
1331 0.7519335489259138
1332 0.7519335489259138
1333 4.678703658003963
1334 4.678703658003963
1335 4.678703658003963
1336 1.5327310871286755
1337 1.5327310871286755
1338 1.5327310871286755
1339 1.5327310871286755
1340 1.5327310871286755
1341 2.3890890440029118
1342 2.3890890440029118
1343 2.3890890440029118
1344 2.3890890440029118
1345 2.3890890440029118
1346 1.6131135546456772
1347 1.6131135546456772
1348 1.6131135546456772
1349 1.6131135546456772
1350 1.6131135546456772
1351 4.048923777499832
1352 4.048923777499832
1353 4.048923777499832
1354 4.048923777499832
1355 4.048923777499832
1356 3.9268334456208756
1357 3.9268334456208756
1358 3.9268334456208756
1359 3.9268334456208756
1360 3.9268334456208756
1361 1.2244893267681753
1362 1.2244893267681753
1363 1.2244893267681753
1364 1.2244893267681753
1365 1.2244893267681753
1366 4.405699904259513
1367 4.405699904259513
1368 4.405699904259513
1369 4.405699904259513
1370 4.405699904259513
1371 1.5759829201251254
1372 1.5759829201251254
1373 1.5759829201251254
1374 1.5759829201251254
1375 1.5759829201251254
1376 0.5862730677174897
1377 0.5862730677174897
1378 0.5862730677174897
1379 0.5862730677174897
1380 0.5862730677174897
1381 3.2906827613401877
1382 3.2906827613401877
1383 3.2906827613401877
1384 3.2906827613401877
1385 3.2906827613401877
1386 2.7984280759001523
1387 2.7984280759001523
1388 2.7984280759001523
1389 2.7984280759001523
1390 2.7984280759001523
1391 2.8882238086864476
1392 2.8882238086864476
1393 2.8882238086864476
1394 2.8882238086864476
1395 2.8882238086864476
1396 1.895998036136011
1397 1.895998036136011
1398 1.895998036136011
1399 1.895998036136011
1400 1.895998036136011
1401 6.368744142057583
1402 6.368744142057583
1403 4.738539542155827
1404 4.738539542155827
1405 4.738539542155827
1406 4.738539542155827
1407 4.738539542155827
1408 1.46044171305364
1409 1.46044171305364
1410 1.46044171305364
1411 1.46044171305364
1412 1.46044171305364
1413 5.113667191330575
1414 5.113667191330575
1415 5.113667191330575
1416 5.113667191330575
1417 5.113667191330575
1418 1.6779689092623202
1419 1.6779689092623202
1420 1.6779689092623202
1421 1.6779689092623202
1422 1.6779689092623202
1423 1.992383059778149
1424 1.992383059778149
1425 1.992383059778149
1426 1.992383059778149
1427 1.992383059778149
1428 4.527020469315157
1429 4.527020469315157
1430 4.527020469315157
1431 4.527020469315157
1432 4.527020469315157
1433 2.945562966501254
1434 2.945562966501254
1435 2.945562966501254
1436 2.945562966501254
1437 2.945562966501254
1438 2.1284047122637006
1439 2.1284047122637006
1440 2.1284047122637006
1441 2.1284047122637006
1442 2.1284047122637006
1443 0.1
1444 0.1
1445 0.1
1446 0.1
1447 0.1
1448 2.127505299058239
1449 2.127505299058239
1450 2.127505299058239
1451 2.127505299058239
1452 2.127505299058239
1453 2.8278452839533874
1454 2.8278452839533874
1455 2.8278452839533874
1456 2.8278452839533874
1457 2.8278452839533874
1458 4.548533321918594
1459 4.548533321918594
1460 4.548533321918594
1461 4.548533321918594
1462 4.548533321918594
1463 2.387221400938676
1464 2.387221400938676
1465 2.387221400938676
1466 2.387221400938676
1467 2.387221400938676
1468 3.0379986406925803
1469 3.0379986406925803
1470 3.0379986406925803
1471 3.0379986406925803
1472 3.0379986406925803
1473 6.061968377469751
1474 6.061968377469751
1475 6.061968377469751
1476 6.061968377469751
1477 6.061968377469751
1478 1.7534099041394267
1479 1.7534099041394267
1480 1.7534099041394267
1481 1.7534099041394267
1482 1.7534099041394267
1483 3.628395575653231
1484 3.628395575653231
1485 3.628395575653231
1486 3.628395575653231
1487 3.628395575653231
1488 1.8292100732657244
1489 1.8292100732657244
1490 1.8292100732657244
1491 1.8292100732657244
1492 1.8292100732657244
1493 4.987676284497119
1494 4.987676284497119
1495 4.987676284497119
1496 4.987676284497119
1497 4.987676284497119
1498 1.2113907275824631
1499 1.2113907275824631
1500 1.2113907275824631
1501 1.2113907275824631
1502 1.2113907275824631
1503 0.8214704561976633
1504 0.8214704561976633
1505 0.8214704561976633
1506 0.8214704561976633
1507 0.8214704561976633
1508 3.3407220612948265
1509 3.3407220612948265
1510 3.3407220612948265
1511 3.3407220612948265
1512 3.3407220612948265
1513 4.700989418233945
1514 4.700989418233945
1515 4.700989418233945
1516 4.700989418233945
1517 4.700989418233945
1518 2.943447441266747
1519 2.943447441266747
1520 2.7276737847042183
1521 2.7276737847042183
1522 2.7276737847042183
1523 2.7276737847042183
1524 2.7276737847042183
1525 2.73925814731813
1526 2.73925814731813
1527 2.73925814731813
1528 3.02315639449935
1529 3.02315639449935
1530 3.02315639449935
1531 3.02315639449935
1532 3.02315639449935
1533 4.240052475831981
1534 4.240052475831981
1535 4.240052475831981
1536 4.240052475831981
1537 4.240052475831981
1538 2.76700964279572
1539 2.76700964279572
1540 2.76700964279572
1541 2.76700964279572
1542 2.76700964279572
1543 4.302754302224058
1544 4.302754302224058
1545 4.302754302224058
1546 4.302754302224058
1547 4.302754302224058
1548 5.085007214841157
1549 5.085007214841157
1550 5.085007214841157
1551 5.085007214841157
1552 5.085007214841157
1553 2.696530174024786
1554 2.696530174024786
1555 2.696530174024786
1556 2.696530174024786
1557 2.696530174024786
1558 2.580683481716525
1559 2.580683481716525
1560 2.580683481716525
1561 2.580683481716525
1562 2.580683481716525
1563 4.492239899958319
1564 4.492239899958319
1565 4.492239899958319
1566 4.492239899958319
1567 3.617931806187231
1568 3.617931806187231
1569 3.617931806187231
1570 3.617931806187231
1571 3.617931806187231
1572 7.908252750834909
1573 7.908252750834909
1574 7.908252750834909
1575 7.908252750834909
1576 7.908252750834909
1577 2.324759828785181
1578 0.44486316956560956
1579 0.44486316956560956
1580 0.44486316956560956
1581 0.44486316956560956
1582 0.44486316956560956
1583 1.3518859379798456
1584 1.3518859379798456
1585 1.3518859379798456
1586 1.3518859379798456
1587 1.3518859379798456
1588 4.071506176535673
1589 4.071506176535673
1590 4.071506176535673
1591 4.071506176535673
1592 4.071506176535673
1593 3.714574919252953
1594 3.714574919252953
1595 3.714574919252953
1596 3.714574919252953
1597 3.714574919252953
1598 3.148442122622953
1599 3.148442122622953
1600 3.148442122622953
1601 3.148442122622953
1602 3.148442122622953
1603 5.733935608188495
1604 5.733935608188495
1605 5.733935608188495
1606 5.733935608188495
1607 5.733935608188495
1608 3.4748131124349677
1609 3.4748131124349677
1610 3.4748131124349677
1611 3.4748131124349677
1612 3.4748131124349677
1613 0.747558059478553
1614 0.747558059478553
1615 0.747558059478553
1616 0.747558059478553
1617 0.747558059478553
1618 0.8179433603049614
1619 0.8179433603049614
1620 0.8179433603049614
1621 0.8179433603049614
1622 0.8179433603049614
1623 3.9368982769683
1624 0.9812170117121408
1625 0.9812170117121408
1626 0.9812170117121408
1627 0.9812170117121408
1628 0.9812170117121408
1629 1.5606426305679557
1630 1.5606426305679557
1631 1.5606426305679557
1632 1.5606426305679557
1633 1.5606426305679557
1634 1.2627097988384612
1635 1.2627097988384612
1636 1.2627097988384612
1637 1.2627097988384612
1638 1.2627097988384612
1639 1.0909603062973776
1640 4.261337761333838
1641 4.261337761333838
1642 4.261337761333838
1643 4.261337761333838
1644 4.261337761333838
1645 2.568386187671246
1646 2.568386187671246
1647 2.568386187671246
1648 2.568386187671246
1649 2.568386187671246
1650 1.1876583414836754
1651 1.1876583414836754
1652 1.1876583414836754
1653 1.1117858295140757
1654 1.1117858295140757
1655 1.1117858295140757
1656 1.1117858295140757
1657 1.1191575626918497
1658 1.1191575626918497
1659 1.1191575626918497
1660 1.1191575626918497
1661 1.1191575626918497
1662 0.1
1663 0.1
1664 0.1
1665 0.1
1666 0.1
1667 0.4281028591426347
1668 0.4281028591426347
1669 0.4281028591426347
1670 0.4281028591426347
1671 0.4281028591426347
1672 2.3694782171071997
1673 2.3694782171071997
1674 2.3694782171071997
1675 2.3694782171071997
1676 2.3694782171071997
1677 0.1941206301921098
1678 0.1941206301921098
1679 0.1941206301921098
1680 0.1941206301921098
1681 0.1941206301921098
1682 1.8131187367990447
1683 1.8131187367990447
1684 1.8131187367990447
1685 1.8131187367990447
1686 1.8131187367990447
1687 4.809510451702408
1688 4.809510451702408
1689 4.809510451702408
1690 4.809510451702408
1691 4.809510451702408
1692 4.124817304150128
1693 4.124817304150128
1694 4.124817304150128
1695 4.124817304150128
1696 4.124817304150128
1697 4.880469214111834
1698 4.880469214111834
1699 4.880469214111834
1700 4.880469214111834
1701 4.880469214111834
1702 3.299307149553815
1703 3.299307149553815
1704 3.299307149553815
1705 3.299307149553815
1706 3.299307149553815
1707 4.501124416704335
1708 4.501124416704335
1709 4.501124416704335
1710 4.501124416704335
1711 4.501124416704335
1712 0.2238209124140229
1713 0.2238209124140229
1714 0.2238209124140229
1715 0.2238209124140229
1716 0.2238209124140229
1717 2.02769759144423
1718 2.02769759144423
1719 2.02769759144423
1720 2.02769759144423
1721 2.02769759144423
1722 3.9354078036951683
1723 3.9354078036951683
1724 3.9354078036951683
1725 2.5455538394851773
1726 2.5455538394851773
1727 2.5455538394851773
1728 1.0139010122053274
1729 1.0139010122053274
1730 1.0139010122053274
1731 1.0139010122053274
1732 1.0139010122053274
1733 0.9595718176502263
1734 0.9595718176502263
1735 0.9595718176502263
1736 0.9595718176502263
1737 0.4973472173709821
1738 0.4973472173709821
1739 0.4973472173709821
1740 0.4973472173709821
1741 0.4973472173709821
1742 3.2359720965568837
1743 3.2359720965568837
1744 3.2359720965568837
1745 3.2359720965568837
1746 3.2359720965568837
1747 3.656036641205724
1748 3.656036641205724
1749 3.656036641205724
1750 3.656036641205724
1751 3.656036641205724
1752 4.1001759347866376
1753 4.1001759347866376
1754 0.5670958677879101
1755 0.5670958677879101
1756 0.5670958677879101
1757 0.5670958677879101
1758 0.5670958677879101
1759 0.282064886302452
1760 0.282064886302452
1761 0.282064886302452
1762 0.282064886302452
1763 0.282064886302452
1764 0.6524145524085975
1765 0.6524145524085975
1766 0.6524145524085975
1767 0.6524145524085975
1768 0.6524145524085975
1769 1.141555383798226
1770 1.141555383798226
1771 1.141555383798226
1772 1.141555383798226
1773 1.141555383798226
1774 0.4991986339144796
1775 0.4991986339144796
1776 0.4991986339144796
1777 2.186962432562405
1778 2.614944901839098
1779 2.614944901839098
1780 2.614944901839098
1781 2.614944901839098
1782 2.614944901839098
1783 0.3504331331178858
1784 0.3504331331178858
1785 0.3504331331178858
1786 0.3504331331178858
1787 0.3504331331178858
1788 3.57331771802264
1789 3.57331771802264
1790 3.57331771802264
1791 3.57331771802264
1792 3.57331771802264
1793 3.633747506628723
1794 3.633747506628723
1795 3.633747506628723
1796 3.633747506628723
1797 3.633747506628723
1798 4.024862999149302
1799 4.024862999149302
1800 4.024862999149302
1801 4.024862999149302
1802 4.024862999149302
1803 2.737279506628562
1804 2.737279506628562
1805 2.737279506628562
1806 2.737279506628562
1807 2.737279506628562
1808 6.406521738982384
1809 6.406521738982384
1810 6.406521738982384
1811 6.406521738982384
1812 6.406521738982384
1813 2.473217099616961
1814 2.473217099616961
1815 2.473217099616961
1816 2.473217099616961
1817 2.473217099616961
1818 1.2043257387034987
1819 1.2043257387034987
1820 2.305857887524767
1821 2.305857887524767
1822 2.305857887524767
1823 2.305857887524767
1824 2.305857887524767
1825 5.772861208706133
1826 5.772861208706133
1827 5.772861208706133
1828 5.772861208706133
1829 5.772861208706133
1830 4.117821889661091
1831 4.117821889661091
1832 4.117821889661091
1833 4.117821889661091
1834 4.117821889661091
1835 4.524639830720135
1836 4.524639830720135
1837 4.524639830720135
1838 4.524639830720135
1839 4.524639830720135
1840 1.7452237414120066
1841 1.7452237414120066
1842 1.7452237414120066
1843 1.7452237414120066
1844 1.7452237414120066
1845 0.3440203016052249
1846 0.3440203016052249
1847 0.3440203016052249
1848 0.3440203016052249
1849 0.3440203016052249
1850 1.4804714257264986
1851 1.4804714257264986
1852 1.4804714257264986
1853 1.4804714257264986
1854 1.4804714257264986
1855 1.4245006193246001
1856 1.4245006193246001
1857 1.4245006193246001
1858 1.4245006193246001
1859 1.4245006193246001
1860 1.7710339940191668
1861 1.7710339940191668
1862 1.7710339940191668
1863 1.7710339940191668
1864 1.7710339940191668
1865 0.8465271138873424
1866 0.8465271138873424
1867 0.8465271138873424
1868 0.8465271138873424
1869 0.8465271138873424
1870 2.0690598436024707
1871 2.0690598436024707
1872 2.0690598436024707
1873 2.0690598436024707
1874 2.0690598436024707
1875 1.1691289446075293
1876 1.1691289446075293
1877 1.1691289446075293
1878 1.1691289446075293
1879 1.1691289446075293
1880 2.003086675179873
1881 2.003086675179873
1882 2.003086675179873
1883 2.003086675179873
1884 2.003086675179873
1885 0.1
1886 0.1
1887 0.1
1888 0.6046739570762012
1889 0.6046739570762012
1890 0.6046739570762012
1891 0.6046739570762012
1892 0.6046739570762012
1893 1.525182179475372
1894 1.525182179475372
1895 1.525182179475372
1896 1.525182179475372
1897 1.525182179475372
1898 0.9788333456536034
1899 1.7175495227266042
1900 1.7175495227266042
1901 1.7175495227266042
1902 1.7175495227266042
1903 1.7175495227266042
1904 1.6367942965216116
1905 1.6367942965216116
1906 1.6367942965216116
1907 1.6367942965216116
1908 1.6367942965216116
1909 0.8395637661524009
1910 0.8395637661524009
1911 0.8395637661524009
1912 0.8395637661524009
1913 0.8395637661524009
1914 2.320753077650523
1915 2.320753077650523
1916 2.320753077650523
1917 2.320753077650523
1918 2.320753077650523
1919 0.11958498568726883
1920 0.11958498568726883
1921 0.11958498568726883
1922 0.11958498568726883
1923 0.11958498568726883
1924 1.883773494963571
1925 1.883773494963571
1926 1.883773494963571
1927 1.883773494963571
1928 1.883773494963571
1929 2.6142082596996294
1930 2.6142082596996294
1931 2.6142082596996294
1932 2.6142082596996294
1933 2.6142082596996294
1934 1.4949694589827223
1935 1.4949694589827223
1936 1.4949694589827223
1937 1.4949694589827223
1938 1.4949694589827223
1939 1.911677794117661
1940 1.911677794117661
1941 1.911677794117661
1942 1.911677794117661
1943 1.911677794117661
1944 1.3139126878499592
1945 1.3139126878499592
1946 1.3139126878499592
1947 1.3139126878499592
1948 1.3139126878499592
1949 2.7252824256945747
1950 2.7252824256945747
1951 2.7252824256945747
1952 2.7252824256945747
1953 2.7252824256945747
1954 2.0763954010973933
1955 2.0763954010973933
1956 2.0763954010973933
1957 2.0763954010973933
1958 2.0763954010973933
1959 2.0976304170852087
1960 2.0976304170852087
1961 2.0976304170852087
1962 2.0976304170852087
1963 2.0976304170852087
1964 1.928807113316324
1965 1.928807113316324
1966 1.928807113316324
1967 1.928807113316324
1968 1.928807113316324
1969 2.3741141577555562
1970 2.3741141577555562
1971 2.3741141577555562
1972 2.3741141577555562
1973 2.3741141577555562
1974 1.9493520359494774
1975 1.9493520359494774
1976 1.9493520359494774
1977 1.9493520359494774
1978 1.9493520359494774
1979 1.658677544746655
1980 1.658677544746655
1981 1.658677544746655
1982 1.658677544746655
1983 1.658677544746655
1984 1.869254322122687
1985 1.869254322122687
1986 1.869254322122687
1987 1.869254322122687
1988 1.869254322122687
1989 1.5449372922574585
1990 1.5449372922574585
1991 1.5449372922574585
1992 2.424134314758629
1993 2.424134314758629
1994 2.424134314758629
1995 2.424134314758629
1996 2.424134314758629
1997 0.1
1998 0.1
1999 0.1
