0 4.907768656620324
1 4.907768656620324
2 4.907768656620324
3 4.907768656620324
4 3.4699053742425963
5 3.4699053742425963
6 3.4699053742425963
7 3.4699053742425963
8 3.3986367174677747
9 3.3986367174677747
10 3.3986367174677747
11 3.3986367174677747
12 4.870529200744957
13 4.870529200744957
14 4.870529200744957
15 4.870529200744957
16 4.728602913108894
17 4.728602913108894
18 4.728602913108894
19 4.728602913108894
20 4.221777030747573
21 4.221777030747573
22 4.221777030747573
23 4.221777030747573
24 3.7636367503660204
25 3.7636367503660204
26 3.7636367503660204
27 3.7636367503660204
28 5.858920398916823
29 5.858920398916823
30 5.858920398916823
31 5.858920398916823
32 3.954299320292686
33 3.954299320292686
34 3.954299320292686
35 3.954299320292686
36 4.254281910810897
37 4.254281910810897
38 4.254281910810897
39 4.254281910810897
40 5.425864126838262
41 5.425864126838262
42 5.425864126838262
43 5.425864126838262
44 3.718948315794052
45 3.718948315794052
46 3.718948315794052
47 3.718948315794052
48 4.921459391510473
49 4.921459391510473
50 4.921459391510473
51 4.921459391510473
52 5.12503638944131
53 5.12503638944131
54 5.12503638944131
55 5.12503638944131
56 4.564714442998232
57 4.564714442998232
58 4.564714442998232
59 4.564714442998232
60 3.572549771817167
61 3.572549771817167
62 3.572549771817167
63 3.572549771817167
64 4.167290989737142
65 4.167290989737142
66 4.167290989737142
67 4.167290989737142
68 3.7917591450161194
69 3.7917591450161194
70 3.7917591450161194
71 3.7917591450161194
72 5.189020764252241
73 5.189020764252241
74 5.189020764252241
75 5.189020764252241
76 4.45847132686545
77 4.45847132686545
78 4.45847132686545
79 4.45847132686545
80 4.529599735420715
81 4.529599735420715
82 4.529599735420715
83 4.529599735420715
84 3.687704890417321
85 3.687704890417321
86 3.687704890417321
87 3.687704890417321
88 3.7339738196346564
89 3.7339738196346564
90 3.7339738196346564
91 3.7339738196346564
92 5.558376415880767
93 5.558376415880767
94 5.558376415880767
95 5.558376415880767
96 4.238277555800877
97 4.238277555800877
98 4.238277555800877
99 4.238277555800877
100 5.328184825846431
101 5.328184825846431
102 5.328184825846431
103 5.328184825846431
104 4.150875183128277
105 4.150875183128277
106 4.150875183128277
107 4.150875183128277
108 5.650143895455994
109 5.650143895455994
110 5.650143895455994
111 5.650143895455994
112 3.8832184245933736
113 3.8832184245933736
114 3.8832184245933736
115 3.8832184245933736
116 4.449115803375202
117 4.449115803375202
118 4.449115803375202
119 4.449115803375202
120 4.772745013771305
121 4.772745013771305
122 4.772745013771305
123 4.772745013771305
124 4.159614688617316
125 4.159614688617316
126 4.159614688617316
127 4.159614688617316
128 4.615786701885619
129 4.615786701885619
130 4.615786701885619
131 4.615786701885619
132 5.528185566676354
133 5.528185566676354
134 5.528185566676354
135 5.528185566676354
136 5.18772266907959
137 5.18772266907959
138 5.18772266907959
139 5.18772266907959
140 3.965779427585745
141 3.965779427585745
142 3.965779427585745
143 3.965779427585745
144 3.6270356529291137
145 3.6270356529291137
146 3.6270356529291137
147 3.6270356529291137
148 4.073957994193735
149 4.073957994193735
150 4.073957994193735
151 4.073957994193735
152 4.567784808614498
153 4.567784808614498
154 4.567784808614498
155 4.567784808614498
156 4.478841412832164
157 4.478841412832164
158 4.478841412832164
159 4.478841412832164
160 4.176148326193527
161 4.176148326193527
162 4.176148326193527
163 4.176148326193527
164 3.8228538783961046
165 3.8228538783961046
166 3.8228538783961046
167 3.8228538783961046
168 5.133977660899832
169 5.133977660899832
170 5.133977660899832
171 5.133977660899832
172 4.74023946591679
173 4.74023946591679
174 4.74023946591679
175 4.74023946591679
176 4.519244061489255
177 4.519244061489255
178 4.519244061489255
179 4.519244061489255
180 4.431611598908083
181 4.431611598908083
182 4.431611598908083
183 4.431611598908083
184 4.404526205275532
185 4.404526205275532
186 4.404526205275532
187 4.404526205275532
188 5.384596637249875
189 5.384596637249875
190 5.384596637249875
191 5.384596637249875
192 4.814949865366846
193 4.814949865366846
194 4.814949865366846
195 4.814949865366846
196 3.704978467947835
197 3.704978467947835
198 3.704978467947835
199 3.704978467947835
200 3.6589489414981586
201 3.6589489414981586
202 3.6589489414981586
203 3.6589489414981586
204 4.270706201389747
205 4.270706201389747
206 4.270706201389747
207 4.270706201389747
208 4.168888992907182
209 4.168888992907182
210 4.168888992907182
211 4.168888992907182
212 4.344803429764024
213 4.344803429764024
214 4.344803429764024
215 4.344803429764024
216 4.564366360043873
217 4.564366360043873
218 4.564366360043873
219 4.564366360043873
220 4.08093653580383
221 4.08093653580383
222 4.08093653580383
223 4.08093653580383
224 4.269447473599317
225 4.269447473599317
226 4.269447473599317
227 4.269447473599317
228 5.387581229541189
229 5.387581229541189
230 5.387581229541189
231 5.387581229541189
232 5.230998275930698
233 5.230998275930698
234 5.230998275930698
235 5.230998275930698
236 4.867273257492233
237 4.867273257492233
238 4.867273257492233
239 4.867273257492233
240 4.891260034063537
241 1.7154107408823949
242 1.7154107408823949
243 1.7154107408823949
244 1.7154107408823949
245 1.4451559011217399
246 1.4451559011217399
247 1.4451559011217399
248 1.4451559011217399
249 1.7085740760114967
250 1.7085740760114967
251 1.7085740760114967
252 1.7085740760114967
253 1.844417743477948
254 1.844417743477948
255 1.844417743477948
256 1.844417743477948
257 0.99622668266438
258 0.99622668266438
259 0.99622668266438
260 0.99622668266438
261 1.5625219471492364
262 1.5625219471492364
263 1.5625219471492364
264 1.5625219471492364
265 1.2124558222881145
266 1.2124558222881145
267 1.2124558222881145
268 1.2124558222881145
269 1.0843875916440502
270 1.0843875916440502
271 1.0843875916440502
272 1.0843875916440502
273 1.424279690990246
274 1.424279690990246
275 1.424279690990246
276 1.424279690990246
277 1.539278848096954
278 1.539278848096954
279 1.539278848096954
280 1.539278848096954
281 1.521809230799176
282 1.521809230799176
283 1.521809230799176
284 1.521809230799176
285 2.0168392801247665
286 2.0168392801247665
287 2.0168392801247665
288 2.0168392801247665
289 1.354868034768879
290 1.354868034768879
291 1.354868034768879
292 1.354868034768879
293 1.5397706619306764
294 1.5397706619306764
295 1.5397706619306764
296 1.5397706619306764
297 1.408249426825713
298 1.408249426825713
299 1.408249426825713
300 1.408249426825713
301 1.7047180590159952
302 1.7047180590159952
303 1.7047180590159952
304 1.7047180590159952
305 1.7575488514621809
306 1.7575488514621809
307 1.7575488514621809
308 1.7575488514621809
309 1.483852177872225
310 1.483852177872225
311 1.483852177872225
312 1.483852177872225
313 1.2472767151107123
314 1.2472767151107123
315 1.2472767151107123
316 1.2472767151107123
317 1.3800223326904308
318 1.3800223326904308
319 1.3800223326904308
320 1.3800223326904308
321 1.6410928904462159
322 1.6410928904462159
323 1.6410928904462159
324 1.6410928904462159
325 2.014702697434505
326 2.014702697434505
327 2.014702697434505
328 2.014702697434505
329 1.7562627980744194
330 1.7562627980744194
331 1.7562627980744194
332 1.7562627980744194
333 1.5123498804257771
334 1.5123498804257771
335 1.5123498804257771
336 1.5123498804257771
337 1.514154197783834
338 1.514154197783834
339 1.514154197783834
340 1.514154197783834
341 1.8289165077440335
342 1.8289165077440335
343 1.8289165077440335
344 1.8289165077440335
345 1.4297708913904343
346 1.4297708913904343
347 1.4297708913904343
348 1.4297708913904343
349 1.77844060405071
350 1.77844060405071
351 1.77844060405071
352 1.77844060405071
353 1.8919583317145376
354 1.8919583317145376
355 1.8919583317145376
356 1.8919583317145376
357 1.9283910993554103
358 1.9283910993554103
359 1.9283910993554103
360 1.9283910993554103
361 1.5488653053279202
362 1.5488653053279202
363 1.5488653053279202
364 1.5488653053279202
365 1.4285967109492985
366 1.4285967109492985
367 1.4285967109492985
368 1.4285967109492985
369 1.791282496022578
370 1.791282496022578
371 1.791282496022578
372 1.791282496022578
373 1.6286169335533938
374 1.6286169335533938
375 1.6286169335533938
376 1.6286169335533938
377 1.345659572258002
378 1.345659572258002
379 1.345659572258002
380 1.345659572258002
381 1.2735037200432031
382 1.2735037200432031
383 1.2735037200432031
384 1.2735037200432031
385 1.4078460818112752
386 1.4078460818112752
387 1.4078460818112752
388 1.4078460818112752
389 1.3219741781332253
390 1.3219741781332253
391 1.3219741781332253
392 1.3219741781332253
393 1.94181079326129
394 1.94181079326129
395 1.94181079326129
396 1.94181079326129
397 1.6306433098258952
398 1.6306433098258952
399 1.6306433098258952
400 1.6306433098258952
401 1.4878436377081092
402 1.4878436377081092
403 1.4878436377081092
404 1.4878436377081092
405 1.3493101322015186
406 1.3493101322015186
407 1.3493101322015186
408 1.3493101322015186
409 1.4885518472341277
410 1.4885518472341277
411 1.4885518472341277
412 1.4885518472341277
413 1.6984079396731178
414 1.6984079396731178
415 1.6984079396731178
416 1.6984079396731178
417 1.7665469364538546
418 1.7665469364538546
419 1.7665469364538546
420 1.7665469364538546
421 1.5893221861798186
422 1.5893221861798186
423 1.5893221861798186
424 1.5893221861798186
425 1.434444190070713
426 1.434444190070713
427 1.434444190070713
428 1.434444190070713
429 1.6190011241585525
430 1.6190011241585525
431 1.6190011241585525
432 1.6190011241585525
433 1.9652334431603746
434 1.9652334431603746
435 1.9652334431603746
436 1.9652334431603746
437 1.4807784981211327
438 1.4807784981211327
439 1.4807784981211327
440 1.4807784981211327
441 1.9095373953838943
442 1.9095373953838943
443 1.9095373953838943
444 1.9095373953838943
445 2.0857715954239735
446 2.0857715954239735
447 2.0857715954239735
448 2.0857715954239735
449 2.013417381328557
450 2.013417381328557
451 2.013417381328557
452 2.013417381328557
453 2.543203628042801
454 2.543203628042801
455 2.543203628042801
456 2.543203628042801
457 1.9617441953165802
458 1.9617441953165802
459 1.9617441953165802
460 1.9617441953165802
461 2.2855156911613457
462 2.2855156911613457
463 2.2855156911613457
464 2.2855156911613457
465 1.5204936421153308
466 1.5204936421153308
467 1.5204936421153308
468 1.5204936421153308
469 1.3453700171939416
470 1.3453700171939416
471 1.3453700171939416
472 1.3453700171939416
473 2.6639742287598893
474 2.6639742287598893
475 2.6639742287598893
476 2.6639742287598893
477 1.9168204282128225
478 1.9168204282128225
479 1.9168204282128225
480 1.9168204282128225
481 1.6955472094396462
482 1.6955472094396462
483 1.6955472094396462
484 1.6955472094396462
485 2.154446271344407
486 2.154446271344407
487 2.154446271344407
488 2.154446271344407
489 2.045238536244923
490 2.045238536244923
491 2.045238536244923
492 2.045238536244923
493 1.5547249252174824
494 1.5547249252174824
495 2.225703042196059
496 2.225703042196059
497 2.225703042196059
498 2.225703042196059
499 2.2269286238731616
500 2.2269286238731616
501 2.2269286238731616
502 2.2269286238731616
503 1.6251017605832268
504 1.6251017605832268
505 1.6251017605832268
506 1.6251017605832268
507 2.4471339333364934
508 2.4471339333364934
509 2.4471339333364934
510 2.4471339333364934
511 2.182376209961994
512 2.182376209961994
513 2.182376209961994
514 2.182376209961994
515 2.2890566885720323
516 2.2890566885720323
517 2.2890566885720323
518 2.2890566885720323
519 2.338465755111791
520 2.338465755111791
521 2.338465755111791
522 2.338465755111791
523 2.361406556440913
524 2.361406556440913
525 2.361406556440913
526 2.361406556440913
527 3.183757255640617
528 3.183757255640617
529 3.183757255640617
530 3.183757255640617
531 2.212087210686188
532 2.212087210686188
533 2.212087210686188
534 2.212087210686188
535 2.3513962260283052
536 2.3513962260283052
537 2.3513962260283052
538 2.3513962260283052
539 3.0446759814204314
540 3.0446759814204314
541 3.0446759814204314
542 3.0446759814204314
543 2.976113674742612
544 2.976113674742612
545 2.976113674742612
546 2.976113674742612
547 2.2049642891289185
548 2.2049642891289185
549 2.2049642891289185
550 2.2049642891289185
551 2.5141866428519357
552 2.5141866428519357
553 2.5141866428519357
554 2.5141866428519357
555 2.8998720098403252
556 2.8998720098403252
557 2.8998720098403252
558 2.8998720098403252
559 2.378802797331666
560 2.378802797331666
561 2.378802797331666
562 2.378802797331666
563 2.375241988945657
564 2.375241988945657
565 2.375241988945657
566 2.375241988945657
567 2.5576220689839158
568 2.5576220689839158
569 2.5576220689839158
570 2.5576220689839158
571 2.5524831246186546
572 2.5524831246186546
573 2.5524831246186546
574 2.5524831246186546
575 2.7254025883155775
576 2.7254025883155775
577 2.7254025883155775
578 2.7254025883155775
579 2.9378325705616835
580 2.9378325705616835
581 2.9378325705616835
582 2.9378325705616835
583 2.1203510546327493
584 2.1203510546327493
585 2.1203510546327493
586 2.1203510546327493
587 2.497041760796255
588 2.497041760796255
589 4.447590282576978
590 4.447590282576978
591 4.447590282576978
592 4.447590282576978
593 3.9304912633772107
594 3.9304912633772107
595 3.9304912633772107
596 3.9304912633772107
597 4.654549431306513
598 4.654549431306513
599 4.654549431306513
600 4.654549431306513
601 3.3020100288238576
602 3.3020100288238576
603 3.3020100288238576
604 3.3020100288238576
605 5.517830535015652
606 5.517830535015652
607 5.517830535015652
608 5.517830535015652
609 4.686864230876693
610 4.686864230876693
611 4.686864230876693
612 4.686864230876693
613 5.072927920091994
614 5.072927920091994
615 5.072927920091994
616 5.072927920091994
617 3.696431637692362
618 3.696431637692362
619 3.696431637692362
620 3.696431637692362
621 3.5935382407353784
622 3.5935382407353784
623 3.5935382407353784
624 3.5935382407353784
625 4.0011409523741674
626 4.0011409523741674
627 4.0011409523741674
628 4.0011409523741674
629 4.5318749288998195
630 4.5318749288998195
631 4.5318749288998195
632 4.5318749288998195
633 2.588760308469868
634 2.588760308469868
635 2.588760308469868
636 2.588760308469868
637 5.445398254320886
638 5.445398254320886
639 5.445398254320886
640 5.445398254320886
641 4.740769853155691
642 4.740769853155691
643 4.740769853155691
644 4.740769853155691
645 4.122705498768079
646 4.122705498768079
647 4.122705498768079
648 4.122705498768079
649 5.327582223394599
650 5.327582223394599
651 5.327582223394599
652 5.327582223394599
653 3.886756637969034
654 3.886756637969034
655 3.886756637969034
656 3.886756637969034
657 5.254516658720424
658 5.254516658720424
659 5.254516658720424
660 5.254516658720424
661 3.6786742587943624
662 3.6786742587943624
663 3.6786742587943624
664 3.6786742587943624
665 4.3211572253010395
666 4.3211572253010395
667 4.3211572253010395
668 4.3211572253010395
669 4.649036632324881
670 4.649036632324881
671 4.649036632324881
672 4.649036632324881
673 3.114586991728132
674 3.114586991728132
675 3.114586991728132
676 3.114586991728132
677 5.132727387346992
678 5.132727387346992
679 5.132727387346992
680 5.132727387346992
681 3.2884603971607804
682 3.2884603971607804
683 3.2884603971607804
684 3.2884603971607804
685 4.22909784803928
686 4.22909784803928
687 4.22909784803928
688 4.22909784803928
689 4.241055625949542
690 4.241055625949542
691 4.241055625949542
692 4.241055625949542
693 3.6731154109882165
694 3.6731154109882165
695 3.6731154109882165
696 3.6731154109882165
697 4.541212655186955
698 4.541212655186955
699 4.541212655186955
700 4.541212655186955
701 4.216316106432363
702 4.216316106432363
703 4.216316106432363
704 4.216316106432363
705 5.1212067112499025
706 5.1212067112499025
707 5.1212067112499025
708 5.1212067112499025
709 4.705951940036892
710 4.705951940036892
711 4.705951940036892
712 4.705951940036892
713 3.796969910915847
714 3.796969910915847
715 3.796969910915847
716 3.796969910915847
717 4.473632966887047
718 4.473632966887047
719 4.473632966887047
720 4.473632966887047
721 3.597034932688363
722 3.597034932688363
723 3.597034932688363
724 3.597034932688363
725 5.142033966923651
726 5.142033966923651
727 5.142033966923651
728 5.142033966923651
729 2.9347587022283044
730 2.9347587022283044
731 2.9347587022283044
732 2.9347587022283044
733 4.836728524267754
734 4.836728524267754
735 4.836728524267754
736 4.836728524267754
737 5.217158851308814
738 5.217158851308814
739 5.217158851308814
740 5.217158851308814
741 4.394432173737632
742 4.394432173737632
743 4.394432173737632
744 4.394432173737632
745 2.9228525907861744
746 2.9228525907861744
747 2.9228525907861744
748 2.9228525907861744
749 4.063490641446456
750 4.063490641446456
751 4.063490641446456
752 4.063490641446456
753 5.230164115004204
754 5.230164115004204
755 5.230164115004204
756 5.230164115004204
757 4.7690904549389295
758 4.7690904549389295
759 4.7690904549389295
760 4.7690904549389295
761 4.1514533356468
762 4.1514533356468
763 4.1514533356468
764 4.1514533356468
765 4.659379186034504
766 4.659379186034504
767 4.659379186034504
768 4.659379186034504
769 3.8163849915259536
770 3.8163849915259536
771 3.8163849915259536
772 3.8163849915259536
773 4.082040466424211
774 4.082040466424211
775 4.082040466424211
776 4.082040466424211
777 3.289992138641886
778 3.289992138641886
779 3.289992138641886
780 3.289992138641886
781 3.8122048442338032
782 3.8122048442338032
783 3.8122048442338032
784 3.8122048442338032
785 5.2357957731179186
786 5.2357957731179186
787 5.2357957731179186
788 5.2357957731179186
789 3.774523067477315
790 3.774523067477315
791 3.774523067477315
792 3.774523067477315
793 4.010935311233346
794 4.010935311233346
795 4.010935311233346
796 4.010935311233346
797 4.512093938484886
798 4.512093938484886
799 4.512093938484886
800 4.512093938484886
801 3.8360763061097396
802 3.8360763061097396
803 3.8360763061097396
804 3.8360763061097396
805 4.415992751766063
806 4.415992751766063
807 4.415992751766063
808 4.415992751766063
809 4.037861446188965
810 4.037861446188965
811 4.037861446188965
812 2.000488219274396
813 2.000488219274396
814 2.000488219274396
815 2.000488219274396
816 3.0351879667202266
817 3.550228618071999
818 3.550228618071999
819 3.550228618071999
820 3.550228618071999
821 3.6768283493285656
822 3.6768283493285656
823 3.6768283493285656
824 3.6768283493285656
825 3.537492361300283
826 3.537492361300283
827 3.537492361300283
828 3.537492361300283
829 4.855918083448548
830 4.855918083448548
831 4.855918083448548
832 4.855918083448548
833 4.853906113697776
834 4.853906113697776
835 4.853906113697776
836 4.853906113697776
837 3.4664778832432153
838 3.4664778832432153
839 3.4664778832432153
840 3.4664778832432153
841 3.621405659389018
842 3.621405659389018
843 3.621405659389018
844 3.621405659389018
845 4.148318351395751
846 4.148318351395751
847 4.148318351395751
848 4.148318351395751
849 3.830871340579576
850 3.830871340579576
851 3.830871340579576
852 3.830871340579576
853 4.020549086951028
854 4.020549086951028
855 4.020549086951028
856 4.020549086951028
857 4.558518557168561
858 4.558518557168561
859 4.558518557168561
860 4.558518557168561
861 3.898420244098888
862 3.898420244098888
863 3.898420244098888
864 3.898420244098888
865 4.787748851461742
866 4.787748851461742
867 4.787748851461742
868 4.787748851461742
869 4.996601606973101
870 4.996601606973101
871 4.996601606973101
872 4.996601606973101
873 5.164451696937485
874 5.164451696937485
875 5.164451696937485
876 5.164451696937485
877 2.866205425424504
878 2.866205425424504
879 2.866205425424504
880 2.866205425424504
881 4.613211375113413
882 4.613211375113413
883 4.613211375113413
884 4.613211375113413
885 3.318861128593901
886 3.318861128593901
887 3.318861128593901
888 3.318861128593901
889 3.7710522851923542
890 3.7710522851923542
891 3.7710522851923542
892 3.7710522851923542
893 4.7151165502177355
894 4.7151165502177355
895 4.7151165502177355
896 4.7151165502177355
897 3.774132222488493
898 3.774132222488493
899 3.774132222488493
900 3.774132222488493
901 4.419458638826627
902 4.419458638826627
903 4.419458638826627
904 4.419458638826627
905 3.700801450350884
906 3.700801450350884
907 3.700801450350884
908 3.700801450350884
909 5.953500778686459
910 5.953500778686459
911 5.953500778686459
912 5.953500778686459
913 3.154712571743221
914 3.154712571743221
915 3.154712571743221
916 3.154712571743221
917 4.514434347588329
918 4.514434347588329
919 4.514434347588329
920 4.514434347588329
921 4.577413336443596
922 4.577413336443596
923 4.577413336443596
924 4.577413336443596
925 4.8472768167210925
926 4.8472768167210925
927 4.8472768167210925
928 4.8472768167210925
929 4.612649948638457
930 4.612649948638457
931 4.612649948638457
932 4.612649948638457
933 5.030207711827342
934 5.030207711827342
935 5.030207711827342
936 5.030207711827342
937 4.187394258048677
938 1.664169036951865
939 1.664169036951865
940 1.664169036951865
941 1.664169036951865
942 1.6574114290526465
943 1.6574114290526465
944 3.4094336444134874
945 3.4094336444134874
946 3.4094336444134874
947 3.4094336444134874
948 3.5423659837200043
949 3.5423659837200043
950 3.5423659837200043
951 3.5423659837200043
952 5.004246625394704
953 5.004246625394704
954 5.004246625394704
955 5.004246625394704
956 4.999231402334636
957 4.999231402334636
958 4.999231402334636
959 4.999231402334636
960 4.145316497739803
961 4.145316497739803
962 4.145316497739803
963 4.145316497739803
964 4.095912010207523
965 4.095912010207523
966 4.095912010207523
967 4.095912010207523
968 4.1602704013762715
969 4.1602704013762715
970 4.1602704013762715
971 4.1602704013762715
972 3.7479138113196386
973 3.7479138113196386
974 3.7479138113196386
975 3.7479138113196386
976 4.41602849701329
977 4.41602849701329
978 4.41602849701329
979 4.41602849701329
980 3.5370006069441784
981 3.5370006069441784
982 3.5370006069441784
983 3.5370006069441784
984 4.3198434478383145
985 4.3198434478383145
986 4.3198434478383145
987 4.3198434478383145
988 4.777305308470266
989 4.777305308470266
990 4.777305308470266
991 4.777305308470266
992 3.2412322146676864
993 3.2412322146676864
994 3.2412322146676864
995 3.2412322146676864
996 4.326523102107549
997 4.326523102107549
998 4.326523102107549
999 4.326523102107549
1000 4.847644908301306
1001 4.847644908301306
1002 4.847644908301306
1003 4.847644908301306
1004 3.8852462182867615
1005 3.8852462182867615
1006 3.8852462182867615
1007 3.8852462182867615
1008 3.4842380662251147
1009 3.4842380662251147
1010 3.4842380662251147
1011 3.4842380662251147
1012 3.3578441563466166
1013 3.3578441563466166
1014 3.3578441563466166
1015 3.3578441563466166
1016 3.6211298702692716
1017 3.6211298702692716
1018 3.6211298702692716
1019 3.6211298702692716
1020 4.12257265885739
1021 4.12257265885739
1022 4.12257265885739
1023 4.12257265885739
1024 3.4716156518614842
1025 3.4716156518614842
1026 3.4716156518614842
1027 3.4716156518614842
1028 3.322708488105155
1029 3.322708488105155
1030 3.322708488105155
1031 3.322708488105155
1032 3.652768961429349
1033 3.652768961429349
1034 3.652768961429349
1035 3.652768961429349
1036 4.51272278737355
1037 4.51272278737355
1038 4.51272278737355
1039 4.51272278737355
1040 4.430643813384848
1041 4.430643813384848
1042 4.430643813384848
1043 4.430643813384848
1044 3.4534345122614525
1045 3.4534345122614525
1046 3.4534345122614525
1047 3.4534345122614525
1048 3.417575275587133
1049 3.417575275587133
1050 3.417575275587133
1051 3.417575275587133
1052 3.1594651409159566
1053 3.1594651409159566
1054 3.1594651409159566
1055 3.1594651409159566
1056 4.29105720174807
1057 4.29105720174807
1058 4.29105720174807
1059 4.29105720174807
1060 3.3171286670622147
1061 3.3171286670622147
1062 3.3171286670622147
1063 3.3171286670622147
1064 3.3317681206583667
1065 3.3317681206583667
1066 3.3317681206583667
1067 3.3317681206583667
1068 4.277567086133959
1069 4.277567086133959
1070 4.277567086133959
1071 4.277567086133959
1072 3.654229606106856
1073 3.654229606106856
1074 3.654229606106856
1075 3.654229606106856
1076 4.072391854824623
1077 4.072391854824623
1078 4.072391854824623
1079 4.072391854824623
1080 4.503489046374751
1081 4.503489046374751
1082 4.503489046374751
1083 4.503489046374751
1084 4.357453731492093
1085 4.357453731492093
1086 4.357453731492093
1087 4.357453731492093
1088 2.693509341500378
1089 2.693509341500378
1090 2.693509341500378
1091 2.693509341500378
1092 4.336589963686538
1093 4.336589963686538
1094 4.336589963686538
1095 4.336589963686538
1096 3.33276248512175
1097 3.33276248512175
1098 3.33276248512175
1099 3.33276248512175
1100 4.398889583658936
1101 4.398889583658936
1102 4.398889583658936
1103 4.398889583658936
1104 2.6297417347246004
1105 2.6297417347246004
1106 2.6297417347246004
1107 2.6297417347246004
1108 3.1157861643130933
1109 3.1157861643130933
1110 3.1157861643130933
1111 3.1157861643130933
1112 4.307435390938388
1113 4.307435390938388
1114 4.307435390938388
1115 4.307435390938388
1116 4.319941773678684
1117 4.319941773678684
1118 0.8357266710502966
1119 0.8357266710502966
1120 0.8357266710502966
1121 0.8357266710502966
1122 0.5337549807351532
1123 0.5337549807351532
1124 0.5337549807351532
1125 0.5337549807351532
1126 0.5941529031997997
1127 0.5941529031997997
1128 0.5941529031997997
1129 0.5941529031997997
1130 0.6858352844030381
1131 0.6858352844030381
1132 0.6858352844030381
1133 0.6858352844030381
1134 0.5541084847534687
1135 0.5541084847534687
1136 0.5541084847534687
1137 0.5541084847534687
1138 0.7737248642971318
1139 0.7737248642971318
1140 0.7737248642971318
1141 0.7737248642971318
1142 0.7805666840211515
1143 0.7805666840211515
1144 0.7805666840211515
1145 0.7805666840211515
1146 0.6794183598458661
1147 0.6794183598458661
1148 0.6794183598458661
1149 0.6794183598458661
1150 0.6788820062208928
1151 0.6788820062208928
1152 0.6788820062208928
1153 0.6788820062208928
1154 0.659436287738727
1155 0.659436287738727
1156 0.659436287738727
1157 0.659436287738727
1158 0.6681131445972531
1159 0.6681131445972531
1160 0.6681131445972531
1161 1.1864611557966378
1162 1.1864611557966378
1163 1.1864611557966378
1164 1.1864611557966378
1165 0.8294284458669589
1166 0.8294284458669589
1167 0.8294284458669589
1168 0.8294284458669589
1169 1.11209888055826
1170 0.7308470992289583
1171 0.7308470992289583
1172 0.7308470992289583
1173 0.7308470992289583
1174 0.6198762860849357
1175 0.6198762860849357
1176 0.6198762860849357
1177 0.6198762860849357
1178 0.844370592000086
1179 0.844370592000086
1180 0.844370592000086
1181 0.844370592000086
1182 0.7807414290422894
1183 0.7807414290422894
1184 0.7807414290422894
1185 0.7807414290422894
1186 0.5925549518091157
1187 0.5925549518091157
1188 0.5925549518091157
1189 0.5925549518091157
1190 0.6542902166008857
1191 0.6542902166008857
1192 0.6542902166008857
1193 0.6542902166008857
1194 0.4509413796645444
1195 0.4509413796645444
1196 0.4509413796645444
1197 0.4509413796645444
1198 0.4669394533578982
1199 0.4669394533578982
1200 0.4669394533578982
1201 0.4669394533578982
1202 0.5643309567419105
1203 0.5643309567419105
1204 0.5643309567419105
1205 0.5643309567419105
1206 0.7402981187349186
1207 0.7402981187349186
1208 0.7402981187349186
1209 0.7402981187349186
1210 0.8768528848635032
1211 0.8768528848635032
1212 0.8768528848635032
1213 0.8768528848635032
1214 0.4831418005698044
1215 0.4831418005698044
1216 0.4831418005698044
1217 0.4831418005698044
1218 0.7538459767053086
1219 0.7538459767053086
1220 0.7538459767053086
1221 0.7538459767053086
1222 0.7092248836733115
1223 0.7092248836733115
1224 0.7092248836733115
1225 0.7092248836733115
1226 0.8862218843534746
1227 0.8862218843534746
1228 0.8862218843534746
1229 0.8862218843534746
1230 0.7035218156750961
1231 0.7035218156750961
1232 0.7035218156750961
1233 0.7035218156750961
1234 0.7948748461056759
1235 0.7948748461056759
1236 0.7948748461056759
1237 0.7948748461056759
1238 1.8664885375506206
1239 1.8664885375506206
1240 1.8664885375506206
1241 1.8664885375506206
1242 2.085561854499829
1243 2.085561854499829
1244 2.085561854499829
1245 2.085561854499829
1246 2.1567740191941662
1247 2.1567740191941662
1248 2.1567740191941662
1249 2.1567740191941662
1250 2.0446899096842146
1251 2.0446899096842146
1252 2.0446899096842146
1253 2.0446899096842146
1254 2.5336174475565394
1255 2.5336174475565394
1256 2.5336174475565394
1257 2.5336174475565394
1258 2.4911805232934903
1259 2.4911805232934903
1260 2.4911805232934903
1261 2.4911805232934903
1262 1.4737992448352597
1263 1.4737992448352597
1264 1.4737992448352597
1265 1.4737992448352597
1266 1.866279264299552
1267 1.866279264299552
1268 1.866279264299552
1269 1.866279264299552
1270 2.464195213749441
1271 2.464195213749441
1272 2.464195213749441
1273 2.464195213749441
1274 1.665184053711776
1275 1.665184053711776
1276 1.665184053711776
1277 1.665184053711776
1278 2.3704438951328672
1279 2.3704438951328672
1280 2.3704438951328672
1281 2.3704438951328672
1282 2.156429151502731
1283 2.156429151502731
1284 2.156429151502731
1285 2.156429151502731
1286 2.650531675825845
1287 2.650531675825845
1288 2.650531675825845
1289 2.650531675825845
1290 1.8538442919655178
1291 1.8538442919655178
1292 1.8538442919655178
1293 1.8538442919655178
1294 1.0204604220599203
1295 1.0204604220599203
1296 1.0204604220599203
1297 1.0204604220599203
1298 1.6914556099580615
1299 1.6914556099580615
1300 1.6914556099580615
1301 1.6914556099580615
1302 2.2292829838302644
1303 2.2292829838302644
1304 2.2292829838302644
1305 2.2292829838302644
1306 2.373595450547262
1307 2.373595450547262
1308 2.373595450547262
1309 2.373595450547262
1310 2.6188877646713724
1311 2.6188877646713724
1312 2.6188877646713724
1313 2.6188877646713724
1314 1.7173313090661402
1315 1.7173313090661402
1316 1.7173313090661402
1317 1.7173313090661402
1318 2.06542820554314
1319 2.06542820554314
1320 2.06542820554314
1321 2.06542820554314
1322 1.7807229570773775
1323 1.7807229570773775
1324 1.7807229570773775
1325 1.7807229570773775
1326 2.0368414188898964
1327 2.0368414188898964
1328 2.0368414188898964
1329 2.0368414188898964
1330 1.4955309030750177
1331 1.4955309030750177
1332 1.4955309030750177
1333 1.4955309030750177
1334 2.5369514687594346
1335 2.5369514687594346
1336 2.5369514687594346
1337 2.5369514687594346
1338 2.239088313367689
1339 2.239088313367689
1340 2.239088313367689
1341 2.239088313367689
1342 2.0295114616235175
1343 2.0295114616235175
1344 2.0295114616235175
1345 2.0295114616235175
1346 1.9482593999914526
1347 1.9482593999914526
1348 1.9482593999914526
1349 1.9482593999914526
1350 1.9614553046257381
1351 1.9614553046257381
1352 1.9614553046257381
1353 1.9614553046257381
1354 1.60603086875128
1355 1.60603086875128
1356 1.60603086875128
1357 1.60603086875128
1358 1.8565423410147281
1359 1.8565423410147281
1360 1.8565423410147281
1361 1.8565423410147281
1362 1.5184543126063337
1363 1.5184543126063337
1364 1.5184543126063337
1365 1.5184543126063337
1366 1.8935088059068257
1367 1.8935088059068257
1368 1.8935088059068257
1369 1.8935088059068257
1370 2.11728160547692
1371 2.11728160547692
1372 2.11728160547692
1373 2.11728160547692
1374 2.398996967719941
1375 2.398996967719941
1376 2.398996967719941
1377 2.398996967719941
1378 2.2858069407745587
1379 2.2858069407745587
1380 2.2858069407745587
1381 2.2858069407745587
1382 1.7348562546462447
1383 1.7348562546462447
1384 1.7348562546462447
1385 1.7348562546462447
1386 1.5587407507946551
1387 1.5587407507946551
1388 1.5587407507946551
1389 1.5587407507946551
1390 1.5768592394763878
1391 1.5768592394763878
1392 1.5768592394763878
1393 1.5768592394763878
1394 1.4322706299025958
1395 1.4322706299025958
1396 1.4322706299025958
1397 1.4322706299025958
1398 1.3377155412773207
1399 1.3377155412773207
1400 1.3377155412773207
1401 1.3377155412773207
1402 2.0366942984162986
1403 2.0366942984162986
1404 2.0366942984162986
1405 2.0366942984162986
1406 1.7612831347781595
1407 1.7612831347781595
1408 1.7612831347781595
1409 1.7612831347781595
1410 1.9481760108478627
1411 1.9481760108478627
1412 1.9481760108478627
1413 1.9481760108478627
1414 1.2285758294317652
1415 1.2285758294317652
1416 1.2285758294317652
1417 1.2285758294317652
1418 1.3396393626960346
1419 1.3396393626960346
1420 1.3396393626960346
1421 1.3396393626960346
1422 1.4501460995808457
1423 1.4501460995808457
1424 1.4501460995808457
1425 1.4501460995808457
1426 1.8897080649948208
1427 1.8897080649948208
1428 1.8897080649948208
1429 1.8897080649948208
1430 1.201592622026714
1431 1.201592622026714
1432 1.201592622026714
1433 1.201592622026714
1434 1.5772872351522789
1435 1.5772872351522789
1436 1.5772872351522789
1437 1.5772872351522789
1438 1.5190615775649081
1439 1.5190615775649081
1440 1.5190615775649081
1441 1.5190615775649081
1442 1.571216133053501
1443 1.571216133053501
1444 1.571216133053501
1445 1.571216133053501
1446 1.7882198597588528
1447 1.7882198597588528
1448 1.7882198597588528
1449 1.7882198597588528
1450 1.6559971250256695
1451 1.6559971250256695
1452 1.6559971250256695
1453 1.6559971250256695
1454 0.9909035492386057
1455 0.9909035492386057
1456 0.9909035492386057
1457 0.9909035492386057
1458 1.2731468129149712
1459 1.2731468129149712
1460 1.2731468129149712
1461 1.2731468129149712
1462 1.5283871333818662
1463 1.5283871333818662
1464 1.5283871333818662
1465 1.5283871333818662
1466 1.266221914668225
1467 1.266221914668225
1468 1.266221914668225
1469 1.266221914668225
1470 2.850933723845009
1471 2.850933723845009
1472 2.850933723845009
1473 2.850933723845009
1474 3.1530493207447163
1475 3.1530493207447163
1476 3.1530493207447163
1477 3.1530493207447163
1478 4.76452443873294
1479 4.76452443873294
1480 4.76452443873294
1481 4.76452443873294
1482 2.7044722188328976
1483 2.7044722188328976
1484 2.7044722188328976
1485 2.7044722188328976
1486 4.411084552260536
1487 4.411084552260536
1488 4.411084552260536
1489 4.411084552260536
1490 2.521061515418532
1491 2.521061515418532
1492 2.521061515418532
1493 2.521061515418532
1494 4.061684843883263
1495 4.061684843883263
1496 4.061684843883263
1497 4.061684843883263
1498 4.298732137063272
1499 4.298732137063272
1500 4.298732137063272
1501 0.5830874526382264
1502 0.5830874526382264
1503 0.5830874526382264
1504 0.5830874526382264
1505 0.7091210297480264
1506 0.7091210297480264
1507 0.7091210297480264
1508 0.7091210297480264
1509 0.7769133046957389
1510 0.7769133046957389
1511 0.7769133046957389
1512 0.7769133046957389
1513 0.525796775401382
1514 0.525796775401382
1515 0.525796775401382
1516 0.525796775401382
1517 0.6441512824669104
1518 0.6441512824669104
1519 0.6441512824669104
1520 0.6441512824669104
1521 0.6228596376846506
1522 0.6228596376846506
1523 0.6228596376846506
1524 0.6228596376846506
1525 0.5387535856973784
1526 0.5387535856973784
1527 0.5387535856973784
1528 0.5387535856973784
1529 0.8232303608523766
1530 0.8232303608523766
1531 0.8232303608523766
1532 0.8232303608523766
1533 0.3979178093230147
1534 0.3979178093230147
1535 0.3979178093230147
1536 0.3979178093230147
1537 0.7549961340606643
1538 0.7549961340606643
1539 0.7549961340606643
1540 0.7549961340606643
1541 0.6735645533368498
1542 0.6735645533368498
1543 0.6735645533368498
1544 0.6735645533368498
1545 0.6252377221844354
1546 0.6252377221844354
1547 0.6252377221844354
1548 0.6252377221844354
1549 0.5632822975457779
1550 0.5632822975457779
1551 0.5632822975457779
1552 0.5632822975457779
1553 0.7258914660263001
1554 0.7258914660263001
1555 0.7258914660263001
1556 0.7258914660263001
1557 0.5119400724015223
1558 0.5119400724015223
1559 0.5119400724015223
1560 0.5119400724015223
1561 0.8375751602565532
1562 0.8375751602565532
1563 0.8375751602565532
1564 0.8375751602565532
1565 0.7193020792353788
1566 0.7193020792353788
1567 0.7193020792353788
1568 0.7193020792353788
1569 0.565903744539443
1570 0.565903744539443
1571 0.565903744539443
1572 0.565903744539443
1573 0.8338225972832028
1574 0.8338225972832028
1575 0.8338225972832028
1576 0.8338225972832028
1577 0.49301436893494044
1578 0.49301436893494044
1579 0.49301436893494044
1580 0.49301436893494044
1581 0.655815301316111
1582 0.655815301316111
1583 0.655815301316111
1584 0.655815301316111
1585 0.6486515349753642
1586 0.6486515349753642
1587 0.6486515349753642
1588 0.6486515349753642
1589 0.8142660888996988
1590 0.8142660888996988
1591 0.8142660888996988
1592 0.8142660888996988
1593 0.745028043150118
1594 0.745028043150118
1595 0.745028043150118
1596 0.745028043150118
1597 0.7687333839415178
1598 0.7687333839415178
1599 0.7687333839415178
1600 0.7687333839415178
1601 0.6274693489068606
1602 0.6274693489068606
1603 0.6274693489068606
1604 0.6274693489068606
1605 0.6035905696214942
1606 0.6035905696214942
1607 0.6035905696214942
1608 0.6035905696214942
1609 0.6677359126273941
1610 0.6677359126273941
1611 0.6677359126273941
1612 0.6677359126273941
1613 0.47839700344135583
1614 0.47839700344135583
1615 0.47839700344135583
1616 0.47839700344135583
1617 0.6907413922781805
1618 0.6907413922781805
1619 0.6907413922781805
1620 0.6907413922781805
1621 0.7200041384200822
1622 0.7200041384200822
1623 0.7200041384200822
1624 0.7200041384200822
1625 0.7014347205723932
1626 0.7014347205723932
1627 0.7014347205723932
1628 0.7014347205723932
1629 0.6004324411044968
1630 0.6004324411044968
1631 0.6004324411044968
1632 0.6004324411044968
1633 0.5943165030487885
1634 0.5943165030487885
1635 0.5943165030487885
1636 0.5943165030487885
1637 0.5833535699086899
1638 0.5833535699086899
1639 0.5833535699086899
1640 0.5833535699086899
1641 0.7461118790860459
1642 0.7461118790860459
1643 0.7461118790860459
1644 0.7461118790860459
1645 0.6406573322769121
1646 0.6406573322769121
1647 0.6406573322769121
1648 0.6406573322769121
1649 0.6846914576085769
1650 0.6846914576085769
1651 0.6846914576085769
1652 0.6846914576085769
1653 0.7555599820110327
1654 0.7555599820110327
1655 0.7555599820110327
1656 0.7555599820110327
1657 0.6148013787369403
1658 0.6148013787369403
1659 0.6148013787369403
1660 0.6148013787369403
1661 0.8091466882042049
1662 0.8091466882042049
1663 0.8091466882042049
1664 0.8091466882042049
1665 0.5953443018651797
1666 0.5953443018651797
1667 0.5953443018651797
1668 0.5953443018651797
1669 0.6551818551006052
1670 0.6551818551006052
1671 0.6551818551006052
1672 0.6551818551006052
1673 0.7134706530477926
1674 0.7134706530477926
1675 0.7134706530477926
1676 0.7134706530477926
1677 0.47414375982794343
1678 0.47414375982794343
1679 0.47414375982794343
1680 0.47414375982794343
1681 0.6661625307657733
1682 0.6661625307657733
1683 1.4407662338357672
1684 1.4407662338357672
1685 1.4407662338357672
1686 1.4407662338357672
1687 1.7733604460001222
1688 1.7733604460001222
1689 1.7733604460001222
1690 1.7733604460001222
1691 1.160395145171415
1692 1.160395145171415
1693 1.160395145171415
1694 1.160395145171415
1695 2.171089654042678
1696 2.171089654042678
1697 2.171089654042678
1698 2.171089654042678
1699 1.61340241699259
1700 1.61340241699259
1701 1.61340241699259
1702 1.61340241699259
1703 1.6001584914138762
1704 1.6001584914138762
1705 1.6001584914138762
1706 1.6001584914138762
1707 1.5974581165007442
1708 1.5974581165007442
1709 1.5974581165007442
1710 1.5974581165007442
1711 1.757768269329834
1712 1.757768269329834
1713 1.757768269329834
1714 1.757768269329834
1715 1.3124820438366196
1716 1.3124820438366196
1717 1.3124820438366196
1718 1.3124820438366196
1719 1.4094343957938231
1720 1.4094343957938231
1721 1.4094343957938231
1722 1.4094343957938231
1723 1.2647055451163958
1724 1.2647055451163958
1725 1.2647055451163958
1726 1.2647055451163958
1727 1.8019596963770041
1728 1.8019596963770041
1729 1.8019596963770041
1730 1.8019596963770041
1731 1.2106692784135298
1732 1.2106692784135298
1733 1.2106692784135298
1734 1.2106692784135298
1735 1.8687595148442595
1736 1.8687595148442595
1737 1.8687595148442595
1738 1.8687595148442595
1739 1.564041311466203
1740 1.564041311466203
1741 1.564041311466203
1742 1.564041311466203
1743 2.116628284696031
1744 2.116628284696031
1745 2.116628284696031
1746 2.116628284696031
1747 1.4145474885881941
1748 1.4145474885881941
1749 1.4145474885881941
1750 1.4145474885881941
1751 1.4880896333313123
1752 1.4880896333313123
1753 1.4880896333313123
1754 1.4880896333313123
1755 1.4787177298412397
1756 1.4787177298412397
1757 1.4787177298412397
1758 1.4787177298412397
1759 1.4204646149478326
1760 1.4204646149478326
1761 1.4204646149478326
1762 1.4204646149478326
1763 1.4430662118827955
1764 2.7950455689919997
1765 2.7950455689919997
1766 2.7950455689919997
1767 2.7950455689919997
1768 3.1610673058741794
1769 3.1610673058741794
1770 3.1610673058741794
1771 3.1610673058741794
1772 3.447864863389022
1773 3.447864863389022
1774 3.447864863389022
1775 3.447864863389022
1776 3.5409623424313077
1777 3.5409623424313077
1778 3.5409623424313077
1779 1.4400194663274124
1780 1.4400194663274124
1781 1.4400194663274124
1782 1.4400194663274124
1783 0.956712012724697
1784 0.956712012724697
1785 0.956712012724697
1786 0.956712012724697
1787 2.089663916408984
1788 2.089663916408984
1789 2.089663916408984
1790 2.089663916408984
1791 1.637262913728255
1792 1.637262913728255
1793 1.637262913728255
1794 1.637262913728255
1795 1.745168383398565
1796 1.745168383398565
1797 1.745168383398565
1798 1.745168383398565
1799 0.706280469564304
1800 0.706280469564304
1801 0.706280469564304
1802 0.706280469564304
1803 0.5501834142304689
1804 0.5501834142304689
1805 0.5501834142304689
1806 0.5501834142304689
1807 0.7372214238184784
1808 0.7372214238184784
1809 0.7372214238184784
1810 0.7372214238184784
1811 0.7342030406202971
1812 0.7342030406202971
1813 0.7342030406202971
1814 0.7342030406202971
1815 0.6033757039661698
1816 0.6033757039661698
1817 0.6033757039661698
1818 0.6033757039661698
1819 0.6161768726019445
1820 0.6161768726019445
1821 0.6161768726019445
1822 0.6161768726019445
1823 0.5045942824132683
1824 0.5045942824132683
1825 0.5045942824132683
1826 0.5045942824132683
1827 0.734761301286372
1828 0.734761301286372
1829 0.734761301286372
1830 0.734761301286372
1831 0.7747268152974444
1832 0.7747268152974444
1833 0.7747268152974444
1834 0.7747268152974444
1835 0.7210813552779881
1836 0.7210813552779881
1837 0.7210813552779881
1838 0.7210813552779881
1839 0.6480633487041438
1840 0.6480633487041438
1841 0.6480633487041438
1842 0.6480633487041438
1843 0.6807094056509214
1844 0.6807094056509214
1845 0.6807094056509214
1846 0.6807094056509214
1847 0.5949135885911765
1848 0.5949135885911765
1849 0.5949135885911765
1850 0.5949135885911765
1851 0.6691828457122102
1852 0.6691828457122102
1853 0.6691828457122102
1854 0.6691828457122102
1855 0.5711279460390511
1856 0.5711279460390511
1857 0.5711279460390511
1858 0.5711279460390511
1859 0.9326498876731675
1860 0.9326498876731675
1861 0.9326498876731675
1862 0.9326498876731675
1863 0.8580482292271567
1864 0.8580482292271567
1865 0.8580482292271567
1866 0.8580482292271567
1867 0.6119569352950776
1868 0.6119569352950776
1869 0.6119569352950776
1870 0.6119569352950776
1871 0.7179638008606116
1872 0.7179638008606116
1873 0.7179638008606116
1874 0.7179638008606116
1875 0.7317379354248764
1876 0.7317379354248764
1877 0.7317379354248764
1878 0.7317379354248764
1879 0.527742713710151
1880 0.527742713710151
1881 0.527742713710151
1882 0.527742713710151
1883 0.624042793706518
1884 0.624042793706518
1885 0.624042793706518
1886 0.624042793706518
1887 0.7188012081729538
1888 0.7188012081729538
1889 0.7188012081729538
1890 0.7188012081729538
1891 0.6600850758718918
1892 0.6600850758718918
1893 0.6600850758718918
1894 0.6600850758718918
1895 0.6242632012300332
1896 0.6242632012300332
1897 0.6242632012300332
1898 0.6242632012300332
1899 0.7559053196304547
1900 0.7559053196304547
1901 0.7559053196304547
1902 0.7559053196304547
1903 0.7136369545614807
1904 0.7136369545614807
1905 0.7136369545614807
1906 0.7136369545614807
1907 0.6690902931691948
1908 0.6690902931691948
1909 0.6690902931691948
1910 0.6690902931691948
1911 0.5834270927052448
1912 0.5834270927052448
1913 0.5834270927052448
1914 0.5834270927052448
1915 0.6123796073062495
1916 0.6123796073062495
1917 0.6123796073062495
1918 0.6123796073062495
1919 0.7439561727648261
1920 0.7439561727648261
1921 0.7439561727648261
1922 0.7439561727648261
1923 0.5488810324244786
1924 0.5488810324244786
1925 0.5488810324244786
1926 0.5488810324244786
1927 0.7784583719062483
1928 0.7784583719062483
1929 0.7784583719062483
1930 0.7784583719062483
1931 0.6187923867555882
1932 0.6187923867555882
1933 0.6187923867555882
1934 0.6187923867555882
1935 0.7512596169373318
1936 0.7512596169373318
1937 0.7512596169373318
1938 0.7512596169373318
1939 0.7009048507976214
1940 0.7009048507976214
1941 0.7009048507976214
1942 0.7009048507976214
1943 0.6698154273752952
1944 0.6698154273752952
1945 0.6698154273752952
1946 0.6698154273752952
1947 0.47620227875647125
1948 0.47620227875647125
1949 0.47620227875647125
1950 0.47620227875647125
1951 0.5648750702177894
1952 0.5648750702177894
1953 0.5648750702177894
1954 0.5648750702177894
1955 0.6911522259418802
1956 0.6911522259418802
1957 0.6911522259418802
1958 0.6911522259418802
1959 0.5288312016925099
1960 0.5288312016925099
1961 0.5288312016925099
1962 0.5288312016925099
1963 0.6639259022417257
1964 0.6639259022417257
1965 0.6639259022417257
1966 0.6639259022417257
1967 0.7798928970585655
1968 0.7798928970585655
1969 0.7798928970585655
1970 0.7798928970585655
1971 0.577801292520059
1972 0.577801292520059
1973 0.577801292520059
1974 0.577801292520059
1975 0.5707910681771328
1976 0.5707910681771328
1977 0.5707910681771328
1978 0.5707910681771328
1979 0.7002667019178946
1980 0.7002667019178946
1981 0.7002667019178946
1982 0.7002667019178946
1983 0.6974096214496713
1984 0.6974096214496713
1985 0.6974096214496713
1986 0.6974096214496713
1987 0.7591525022151298
1988 0.7591525022151298
1989 0.7591525022151298
1990 0.7591525022151298
1991 0.7166989669096167
1992 0.7166989669096167
1993 0.7166989669096167
1994 0.7166989669096167
1995 0.6218871273000994
1996 0.6218871273000994
1997 0.6218871273000994
1998 0.6218871273000994
1999 0.7201267843753125
