0 2.032207233999502
1 2.032207233999502
2 2.032207233999502
3 2.129034922474836
4 2.129034922474836
5 2.129034922474836
6 2.0133684671718894
7 2.0133684671718894
8 2.0133684671718894
9 2.3297401478153863
10 2.3297401478153863
11 2.3297401478153863
12 2.223361558139499
13 2.223361558139499
14 2.223361558139499
15 1.9815257963164206
16 1.9815257963164206
17 1.9815257963164206
18 1.787814512214989
19 1.787814512214989
20 1.787814512214989
21 2.008198219981497
22 2.008198219981497
23 2.008198219981497
24 1.682673825664926
25 1.682673825664926
26 1.682673825664926
27 2.096030533538565
28 2.960572687579831
29 2.960572687579831
30 2.960572687579831
31 3.043109684523274
32 3.043109684523274
33 3.043109684523274
34 2.9130895443289906
35 2.9130895443289906
36 2.9130895443289906
37 3.1965044365496333
38 3.1965044365496333
39 3.1965044365496333
40 2.7360836111460345
41 2.7360836111460345
42 2.7360836111460345
43 3.5097695416025623
44 3.5097695416025623
45 3.5097695416025623
46 2.2602578904877624
47 2.2602578904877624
48 2.2602578904877624
49 2.048464544607618
50 2.048464544607618
51 2.048464544607618
52 1.929350410383036
53 1.929350410383036
54 1.929350410383036
55 2.2418449879941886
56 2.2418449879941886
57 2.2418449879941886
58 2.3044272168043176
59 2.3044272168043176
60 2.3044272168043176
61 2.1837078707541573
62 2.1837078707541573
63 2.1837078707541573
64 2.1451853457968464
65 2.1451853457968464
66 2.1451853457968464
67 2.0409020655814007
68 2.0409020655814007
69 2.0409020655814007
70 1.7902277776327522
71 1.7902277776327522
72 1.7902277776327522
73 2.318738177039382
74 2.318738177039382
75 2.318738177039382
76 2.1268211071591203
77 2.1268211071591203
78 2.4206616513150943
79 2.4206616513150943
80 2.4206616513150943
81 2.592354010048552
82 2.592354010048552
83 2.592354010048552
84 2.2682316800483053
85 2.2682316800483053
86 2.2682316800483053
87 2.6235938104401164
88 2.6235938104401164
89 2.6235938104401164
90 2.193562943011477
91 2.193562943011477
92 2.193562943011477
93 1.347048459286783
94 1.347048459286783
95 3.219333661610771
96 3.219333661610771
97 3.219333661610771
98 3.549760562285426
99 3.549760562285426
100 3.549760562285426
101 3.5296175867181336
102 3.5296175867181336
103 3.5296175867181336
104 3.3918025064278705
105 3.3918025064278705
106 3.3918025064278705
107 3.599696111355888
108 3.599696111355888
109 3.599696111355888
110 3.553572116257486
111 3.553572116257486
112 3.553572116257486
113 3.5677828024891127
114 1.4770639371169196
115 1.4770639371169196
116 1.4770639371169196
117 1.819255609272587
118 1.819255609272587
119 1.819255609272587
120 1.5520312656735145
121 1.5520312656735145
122 1.5520312656735145
123 1.6354221729507061
124 1.6354221729507061
125 1.6354221729507061
126 1.5503368558707502
127 1.5503368558707502
128 1.5503368558707502
129 1.6558264799489582
130 1.6558264799489582
131 1.6558264799489582
132 1.6025261151925925
133 1.6025261151925925
134 1.6025261151925925
135 1.487310161630832
136 1.487310161630832
137 1.487310161630832
138 1.5422170612135784
139 1.5422170612135784
140 1.5422170612135784
141 3.0632678040047625
142 2.5257182194114343
143 2.5257182194114343
144 2.5257182194114343
145 2.7879852282224915
146 2.7879852282224915
147 2.7879852282224915
148 2.566396902097463
149 2.566396902097463
150 2.566396902097463
151 2.1912241448392242
152 2.1912241448392242
153 2.1912241448392242
154 2.4934098291769087
155 2.4934098291769087
156 2.4934098291769087
157 2.553190610637482
158 2.553190610637482
159 2.553190610637482
160 2.537413213995185
161 2.537413213995185
162 2.537413213995185
163 2.411100127798229
164 2.411100127798229
165 2.411100127798229
166 1.7666949988736302
167 1.7666949988736302
168 3.366188534465284
169 3.366188534465284
170 3.366188534465284
171 2.977052581633051
172 2.977052581633051
173 2.977052581633051
174 3.063245839197198
175 3.063245839197198
176 3.063245839197198
177 3.2149188746444226
178 3.2149188746444226
179 3.2149188746444226
180 3.697143257410624
181 3.697143257410624
182 3.697143257410624
183 3.7275217986609452
184 3.7275217986609452
185 3.7275217986609452
186 3.3824245707988334
187 3.3824245707988334
188 3.3824245707988334
189 3.515730244969193
190 3.515730244969193
191 3.515730244969193
192 3.461393355163958
193 3.461393355163958
194 3.461393355163958
195 3.085488570987451
196 1.6829603338030512
197 1.6829603338030512
198 1.6829603338030512
199 1.8914504813032813
200 3.537696729701308
201 3.537696729701308
202 3.537696729701308
203 3.436901417954598
204 3.436901417954598
205 3.436901417954598
206 3.668504936562213
207 3.668504936562213
208 3.668504936562213
209 3.981658558901808
210 3.981658558901808
211 3.981658558901808
212 3.177700228851999
213 3.177700228851999
214 3.177700228851999
215 3.1697663652799073
216 3.1697663652799073
217 3.1697663652799073
218 3.2849851507454124
219 3.2849851507454124
220 3.2849851507454124
221 3.3159768513833523
222 3.3159768513833523
223 3.3159768513833523
224 3.3404735623614403
225 3.3404735623614403
226 3.3404735623614403
227 3.108898188860873
228 3.108898188860873
229 3.108898188860873
230 3.5020020392327273
231 3.5020020392327273
232 3.5020020392327273
233 1.230365108514349
234 1.230365108514349
235 1.230365108514349
236 1.0982268121714687
237 1.0982268121714687
238 1.0982268121714687
239 1.0526024017841462
240 1.0526024017841462
241 1.0526024017841462
242 1.1284993011128421
243 1.1284993011128421
244 1.1284993011128421
245 1.1204671468689937
246 1.1204671468689937
247 1.1204671468689937
248 4.089797256292262
249 4.089797256292262
250 4.089797256292262
251 3.3540829630142053
252 3.3540829630142053
253 3.3540829630142053
254 3.5980145797834435
255 2.348116548204498
256 2.348116548204498
257 2.348116548204498
258 2.492788489339641
259 2.492788489339641
260 2.492788489339641
261 2.541481996872063
262 2.541481996872063
263 2.541481996872063
264 2.3644431147939007
265 2.3644431147939007
266 2.3644431147939007
267 2.67580586459211
268 2.67580586459211
269 2.67580586459211
270 2.2766154371899425
271 2.2766154371899425
272 2.2766154371899425
273 4.099527687212068
274 4.099527687212068
275 4.099527687212068
276 3.4352827348181494
277 3.4352827348181494
278 3.4352827348181494
279 3.6146737453751143
280 3.6146737453751143
281 3.6146737453751143
282 3.843139352710001
283 3.164098399836834
284 3.164098399836834
285 3.164098399836834
286 3.604134581681568
287 0.6553664492405844
288 0.6553664492405844
289 0.6553664492405844
290 0.6103698840850931
291 0.6103698840850931
292 0.6103698840850931
293 0.6011922304055022
294 0.6011922304055022
295 0.6011922304055022
296 0.6337788748367257
297 0.6337788748367257
298 3.0827197508426742
299 3.0827197508426742
300 3.0827197508426742
301 3.4645731187682127
302 3.4645731187682127
303 3.4645731187682127
304 3.0774154599516037
305 3.0774154599516037
306 3.0774154599516037
307 3.1974154744145546
308 3.1974154744145546
309 3.1974154744145546
310 1.9090214798451157
311 1.9090214798451157
312 1.9090214798451157
313 2.180171952820224
314 2.180171952820224
315 2.180171952820224
316 2.0437870535849654
317 2.0437870535849654
318 2.0437870535849654
319 2.28309528017339
320 2.28309528017339
321 2.28309528017339
322 2.198178279230258
323 2.198178279230258
324 2.198178279230258
325 2.1267717568148274
326 2.1267717568148274
327 2.1267717568148274
328 1.8236902517882778
329 1.8236902517882778
330 2.994705119033177
331 2.994705119033177
332 2.994705119033177
333 2.804558165785693
334 2.804558165785693
335 2.804558165785693
336 2.6763821051063195
337 2.6763821051063195
338 2.6763821051063195
339 3.42309300952325
340 3.42309300952325
341 3.42309300952325
342 3.147359927301579
343 3.147359927301579
344 3.147359927301579
345 2.8351552817996106
346 2.8351552817996106
347 2.8351552817996106
348 3.526641584541478
349 3.526641584541478
350 1.0135029110086382
351 1.0135029110086382
352 1.0135029110086382
353 1.9747064684851394
354 1.9747064684851394
355 1.9747064684851394
356 1.583495496097961
357 1.583495496097961
358 2.3752827272365624
359 2.3752827272365624
360 2.3752827272365624
361 2.3044054631403794
362 2.3044054631403794
363 2.3044054631403794
364 2.5871103624164986
365 2.5871103624164986
366 2.5871103624164986
367 2.4601624446019046
368 2.4601624446019046
369 2.4601624446019046
370 2.500463876642172
371 2.29219661985596
372 2.29219661985596
373 2.29219661985596
374 2.0490233812239342
375 2.0490233812239342
376 2.0490233812239342
377 2.0533256688903645
378 2.0533256688903645
379 2.0533256688903645
380 2.2545623370949825
381 2.2545623370949825
382 2.2545623370949825
383 2.2430022715678146
384 2.2430022715678146
385 2.2430022715678146
386 1.874482355198627
387 1.874482355198627
388 1.874482355198627
389 2.1540300052918573
390 2.1540300052918573
391 2.1540300052918573
392 1.9149423693227245
393 1.9149423693227245
394 1.9149423693227245
395 2.4002877559346127
396 2.4002877559346127
397 2.4002877559346127
398 1.8066934528647176
399 1.8066934528647176
400 0.673017022848153
401 0.673017022848153
402 0.673017022848153
403 0.5506628844644075
404 0.5506628844644075
405 0.5506628844644075
406 0.7017416977837521
407 0.7017416977837521
408 0.7017416977837521
409 0.6524572121533347
410 4.207219014458786
411 4.207219014458786
412 4.207219014458786
413 3.8936104037194093
414 3.8936104037194093
415 3.8936104037194093
416 3.452693658412192
417 3.452693658412192
418 3.452693658412192
419 4.035850342653483
420 1.2185981299719406
421 1.2185981299719406
422 1.2185981299719406
423 1.0772143636764784
424 1.0772143636764784
425 1.0772143636764784
426 2.374420688747581
427 2.374420688747581
428 2.374420688747581
429 2.6774199067738165
430 2.6774199067738165
431 2.6774199067738165
432 2.8694293729202
433 2.8694293729202
434 2.8694293729202
435 2.8492368751194164
436 2.8492368751194164
437 2.8492368751194164
438 2.9204458452999065
439 2.9204458452999065
440 2.9204458452999065
441 2.440914275675908
442 2.440914275675908
443 2.440914275675908
444 3.3606182050147666
445 3.3606182050147666
446 3.3606182050147666
447 3.0603158688098464
448 3.0603158688098464
449 3.0603158688098464
450 3.1244892308767884
451 3.1244892308767884
452 3.1244892308767884
453 3.039239198924973
454 3.039239198924973
455 3.039239198924973
456 2.9268380632315734
457 2.9268380632315734
458 2.9268380632315734
459 3.051631362043018
460 3.051631362043018
461 3.051631362043018
462 2.8757675376602014
463 2.8757675376602014
464 2.8757675376602014
465 2.5629018322395023
466 2.5629018322395023
467 2.5629018322395023
468 3.047896848567675
469 3.047896848567675
470 3.047896848567675
471 3.0153933262048875
472 3.0153933262048875
473 3.0153933262048875
474 2.444991873906261
475 2.444991873906261
476 2.444991873906261
477 2.8306878922206526
478 2.8306878922206526
479 2.8306878922206526
480 2.986914549863502
481 2.986914549863502
482 2.986914549863502
483 3.054755284511008
484 3.054755284511008
485 3.054755284511008
486 3.193921752446365
487 3.193921752446365
488 3.193921752446365
489 3.4160259382290397
490 3.4160259382290397
491 3.4160259382290397
492 2.571050173085822
493 2.571050173085822
494 3.6619549175677086
495 3.6619549175677086
496 3.6619549175677086
497 3.4499492971025822
498 3.4499492971025822
499 3.4499492971025822
500 3.571151698298823
501 3.571151698298823
502 3.571151698298823
503 3.101907416299048
504 3.101907416299048
505 3.101907416299048
506 3.392835175923832
507 3.392835175923832
508 3.392835175923832
509 3.7546742034710667
510 3.7546742034710667
511 3.7546742034710667
512 3.9228170951538597
513 3.9228170951538597
514 3.9228170951538597
515 3.299023054767524
516 3.299023054767524
517 3.299023054767524
518 3.363225555721651
519 3.363225555721651
520 3.363225555721651
521 3.255992519054421
522 3.255992519054421
523 3.255992519054421
524 3.3022088049563187
525 3.3022088049563187
526 1.2281259068172896
527 1.2281259068172896
528 1.2281259068172896
529 1.5902822952666893
530 1.5902822952666893
531 1.5902822952666893
532 1.6392209044976547
533 1.6392209044976547
534 1.6392209044976547
535 1.4851025366535433
536 1.4851025366535433
537 1.4851025366535433
538 1.6009051338703044
539 1.6009051338703044
540 1.6009051338703044
541 1.69839203563399
542 1.69839203563399
543 1.69839203563399
544 1.553324990371335
545 1.553324990371335
546 1.553324990371335
547 1.6278952065365566
548 1.6278952065365566
549 1.6278952065365566
550 1.5574711082961992
551 1.5574711082961992
552 1.5574711082961992
553 1.5293177481997098
554 1.5293177481997098
555 1.5293177481997098
556 1.484325064858679
557 1.484325064858679
558 1.484325064858679
559 0.6359431969343036
560 0.6359431969343036
561 0.6359431969343036
562 0.5999738774193899
563 0.5999738774193899
564 0.5999738774193899
565 0.7307630803039756
566 0.7307630803039756
567 0.7307630803039756
568 0.6031364399156317
569 0.6031364399156317
570 0.6031364399156317
571 0.6988663344294128
572 0.6988663344294128
573 0.6988663344294128
574 0.6472337398278482
575 0.6472337398278482
576 0.6472337398278482
577 0.6981992550403711
578 0.6981992550403711
579 0.6981992550403711
580 0.6319166076445379
581 0.6319166076445379
582 0.6319166076445379
583 0.6515009398929194
584 2.6883224934074654
585 2.6883224934074654
586 2.6883224934074654
587 2.7486774564479157
588 2.7486774564479157
589 2.7486774564479157
590 2.6208842387163784
591 2.6208842387163784
592 2.6208842387163784
593 3.0281813234052852
594 3.0281813234052852
595 3.0281813234052852
596 2.8870973521295458
597 2.8870973521295458
598 2.8870973521295458
599 2.8083888508209998
600 2.8083888508209998
601 2.8083888508209998
602 2.837263867800543
603 2.837263867800543
604 2.837263867800543
605 3.2143888897842228
606 3.2143888897842228
607 3.2143888897842228
608 2.8514364362332874
609 2.8514364362332874
610 2.8514364362332874
611 2.937548787771704
612 2.937548787771704
613 2.937548787771704
614 2.7461454289625835
615 2.7461454289625835
616 1.106826934958879
617 1.106826934958879
618 1.106826934958879
619 1.1910484203987692
620 1.1910484203987692
621 1.1910484203987692
622 1.1764875380615223
623 1.1764875380615223
624 1.1764875380615223
625 1.2373184740220102
626 1.2373184740220102
627 0.7101673167046567
628 0.7101673167046567
629 0.7101673167046567
630 0.5893555403958725
631 0.5893555403958725
632 0.5893555403958725
633 0.7272344893493232
634 0.7272344893493232
635 0.7272344893493232
636 0.5821391750744066
637 0.5821391750744066
638 0.5821391750744066
639 0.6469931569775729
640 0.6469931569775729
641 0.6469931569775729
642 0.697353183216912
643 0.697353183216912
644 0.697353183216912
645 0.7089530748629077
646 0.7089530748629077
647 0.7089530748629077
648 0.6902652272285384
649 0.6902652272285384
650 3.615577073982875
651 3.615577073982875
652 3.615577073982875
653 3.464097415213409
654 3.464097415213409
655 3.464097415213409
656 3.3987546996801767
657 3.3987546996801767
658 3.3987546996801767
659 3.7753221904075325
660 3.7753221904075325
661 3.7753221904075325
662 3.7968927954016825
663 3.7968927954016825
664 3.7968927954016825
665 3.3809811348502485
666 3.3809811348502485
667 3.3809811348502485
668 3.165782562141949
669 3.165782562141949
670 3.165782562141949
671 1.6875748159393151
672 1.6875748159393151
673 1.6875748159393151
674 1.5252367591187226
675 1.5252367591187226
676 1.5252367591187226
677 1.8983084038574707
678 1.8983084038574707
679 1.8983084038574707
680 1.6853776088145047
681 4.396944966108056
682 4.396944966108056
683 2.012708406145125
684 2.012708406145125
685 2.012708406145125
686 1.8995930764102789
687 1.8995930764102789
688 3.2908198652685576
689 3.2908198652685576
690 3.2908198652685576
691 2.8154347220024905
692 2.8154347220024905
693 2.8154347220024905
694 3.1892293315202886
695 3.1892293315202886
696 3.1892293315202886
697 3.246010015071554
698 3.246010015071554
699 3.246010015071554
700 3.3483964405977718
701 3.3483964405977718
702 3.3483964405977718
703 3.3282976955219254
704 3.3282976955219254
705 3.3282976955219254
706 3.16355429484131
707 3.16355429484131
708 3.16355429484131
709 3.5136552801530665
710 3.5136552801530665
711 3.5136552801530665
712 3.350030799255004
713 3.350030799255004
714 3.350030799255004
715 2.6611748511956277
716 2.6611748511956277
717 2.6611748511956277
718 3.2979694107543738
719 3.2979694107543738
720 3.2979694107543738
721 3.0044553026412566
722 3.0044553026412566
723 3.0044553026412566
724 3.242301917744613
725 3.242301917744613
726 3.242301917744613
727 3.4427445824415903
728 3.4427445824415903
729 3.4427445824415903
730 3.617310820000548
731 3.617310820000548
732 3.617310820000548
733 3.708300911520821
734 3.708300911520821
735 3.708300911520821
736 3.5195673440800634
737 3.5195673440800634
738 3.5195673440800634
739 3.3038827219129887
740 3.3038827219129887
741 3.3038827219129887
742 3.5606732917747057
743 3.5606732917747057
744 3.5606732917747057
745 2.863618929662891
746 2.863618929662891
747 2.863618929662891
748 3.571229542017495
749 3.571229542017495
750 3.571229542017495
751 3.1089238607530594
752 3.1089238607530594
753 3.1089238607530594
754 3.861452766265863
755 3.861452766265863
756 3.33941435078836
757 3.33941435078836
758 3.33941435078836
759 3.1460375270491188
760 3.1460375270491188
761 3.1460375270491188
762 3.1462284641881526
763 3.1462284641881526
764 3.1462284641881526
765 2.991153913740812
766 2.991153913740812
767 2.991153913740812
768 3.024236497033341
769 2.9828606873556875
770 2.9828606873556875
771 2.9828606873556875
772 2.89186760205693
773 2.89186760205693
774 2.89186760205693
775 2.9871124999189185
776 2.9871124999189185
777 2.9871124999189185
778 3.526195963608972
779 3.526195963608972
780 3.526195963608972
781 2.468948576179717
782 2.468948576179717
783 2.468948576179717
784 2.756468166066919
785 2.756468166066919
786 2.756468166066919
787 2.7837764745671136
788 2.7837764745671136
789 2.7837764745671136
790 3.068423438712083
791 3.068423438712083
792 3.068423438712083
793 2.8796522203838277
794 2.8796522203838277
795 2.8796522203838277
796 2.822064293460916
797 2.822064293460916
798 2.822064293460916
799 2.7456141357869597
800 2.7456141357869597
801 2.7456141357869597
802 2.5390789899679005
803 2.5390789899679005
804 2.5390789899679005
805 3.073575872449048
806 3.073575872449048
807 3.073575872449048
808 3.0090803010495653
809 3.0090803010495653
810 3.0090803010495653
811 3.0819968274686915
812 3.0819968274686915
813 1.1367044992477109
814 1.1367044992477109
815 1.1367044992477109
816 1.2110525718623801
817 1.2110525718623801
818 1.2110525718623801
819 1.1285798958679398
820 1.1285798958679398
821 1.1285798958679398
822 1.1158039649226494
823 1.1158039649226494
824 1.1158039649226494
825 1.0105097021485663
826 1.0105097021485663
827 1.0105097021485663
828 1.1085834972809394
829 1.1085834972809394
830 1.1085834972809394
831 0.746956524640376
832 0.746956524640376
833 0.746956524640376
834 3.4423512895786343
835 3.4423512895786343
836 3.4423512895786343
837 4.449525034730096
838 4.449525034730096
839 4.449525034730096
840 3.955951505433994
841 3.955951505433994
842 3.955951505433994
843 3.470850064052031
844 3.470850064052031
845 3.470850064052031
846 3.97674829068216
847 3.97674829068216
848 3.97674829068216
849 4.004188752917357
850 4.004188752917357
851 1.7650160933347723
852 1.7650160933347723
853 1.7650160933347723
854 1.5450493580160818
855 1.5450493580160818
856 1.5450493580160818
857 1.7977035005858442
858 1.7977035005858442
859 1.7977035005858442
860 1.3930505854321418
861 1.3930505854321418
862 1.3930505854321418
863 1.3887485846387198
864 1.3887485846387198
865 1.3887485846387198
866 1.5763151412726226
867 1.5763151412726226
868 1.5763151412726226
869 1.6191823092765816
870 1.6191823092765816
871 1.6191823092765816
872 1.6134227370247487
873 1.6134227370247487
874 1.6134227370247487
875 1.530998741155719
876 1.530998741155719
877 1.530998741155719
878 1.4323292024762584
879 1.4323292024762584
880 1.4323292024762584
881 1.6978666342176805
882 1.6978666342176805
883 1.6978666342176805
884 1.3886924014830264
885 0.6198901197772511
886 0.6198901197772511
887 0.6198901197772511
888 0.627509005343553
889 0.627509005343553
890 0.627509005343553
891 0.6557295468362325
892 0.6557295468362325
893 0.6557295468362325
894 0.5990455006381851
895 0.5990455006381851
896 0.5990455006381851
897 0.6521217201826007
898 0.6521217201826007
899 0.6521217201826007
900 2.829338746684977
901 2.829338746684977
902 2.829338746684977
903 3.3429062650120738
904 3.3429062650120738
905 3.3429062650120738
906 3.1491119478519987
907 3.1491119478519987
908 3.1491119478519987
909 2.901120361444829
910 2.901120361444829
911 2.901120361444829
912 2.8357366754948
913 2.8357366754948
914 2.8357366754948
915 2.973287086258556
916 2.973287086258556
917 2.973287086258556
918 2.7969344382527597
919 2.7969344382527597
920 2.7969344382527597
921 2.815146879320011
922 2.815146879320011
923 2.815146879320011
924 2.7265123436246856
925 2.7265123436246856
926 2.7265123436246856
927 2.9043427590738373
928 2.9043427590738373
929 2.9043427590738373
930 3.1239896031326007
931 3.1239896031326007
932 0.9160758774164555
933 0.9160758774164555
934 0.9160758774164555
935 1.0652928512618123
936 1.0652928512618123
937 0.6361673342043319
938 0.6361673342043319
939 0.6361673342043319
940 0.6144553557812262
941 0.6144553557812262
942 0.6144553557812262
943 0.6087909575926606
944 2.9702080938897044
945 2.9702080938897044
946 2.9702080938897044
947 2.4456136119267855
948 2.4456136119267855
949 2.4456136119267855
950 2.116811889292052
951 2.116811889292052
952 2.116811889292052
953 2.2805391897691787
954 2.2805391897691787
955 2.2805391897691787
956 2.3908953698436584
957 2.3908953698436584
958 2.3908953698436584
959 2.547113205234254
960 2.547113205234254
961 2.547113205234254
962 2.5129656710931516
963 2.5129656710931516
964 2.5129656710931516
965 2.3325637264443975
966 2.3325637264443975
967 2.3325637264443975
968 2.2322109720435295
969 2.2322109720435295
970 1.0175864310878404
971 1.0175864310878404
972 0.20467863981366252
973 0.20467863981366252
974 0.20467863981366252
975 0.19942115782674918
976 0.19942115782674918
977 0.19942115782674918
978 1.8778409269889649
979 1.8778409269889649
980 1.8778409269889649
981 2.2063128359755093
982 2.2063128359755093
983 2.2063128359755093
984 1.888875539975926
985 1.888875539975926
986 1.888875539975926
987 2.0668157518366725
988 2.0668157518366725
989 2.0668157518366725
990 1.7695486940883074
991 1.7695486940883074
992 1.7695486940883074
993 1.9356942958270091
994 1.9356942958270091
995 1.9356942958270091
996 2.264994327089628
997 2.264994327089628
998 3.896157689527205
999 3.896157689527205
1000 3.896157689527205
1001 2.935694363639729
1002 2.935694363639729
1003 1.9296931571707265
1004 1.9296931571707265
1005 1.9296931571707265
1006 1.8474920112591606
1007 1.8474920112591606
1008 1.8474920112591606
1009 2.157140153475842
1010 2.157140153475842
1011 2.157140153475842
1012 1.9702697093793082
1013 1.9702697093793082
1014 1.9702697093793082
1015 1.8585370765984564
1016 1.8585370765984564
1017 1.8585370765984564
1018 2.1014428238459413
1019 2.1014428238459413
1020 2.1014428238459413
1021 1.9209973136741232
1022 1.9209973136741232
1023 1.9209973136741232
1024 1.79478171905152
1025 1.79478171905152
1026 1.79478171905152
1027 2.3517883169787583
1028 2.3517883169787583
1029 2.3517883169787583
1030 2.147366721186042
1031 2.147366721186042
1032 2.147366721186042
1033 2.050919104011722
1034 2.050919104011722
1035 2.050919104011722
1036 1.7789313868231609
1037 1.7789313868231609
1038 1.7789313868231609
1039 1.8255800774000954
1040 1.8255800774000954
1041 1.8255800774000954
1042 1.5915495029413624
1043 1.5915495029413624
1044 1.5915495029413624
1045 2.1164796791943976
1046 0.6135637723366013
1047 0.6135637723366013
1048 0.6135637723366013
1049 0.22628815828805696
1050 0.22628815828805696
1051 0.22628815828805696
1052 0.19978713439857826
1053 0.19978713439857826
1054 0.19978713439857826
1055 0.20510352933009368
1056 0.20510352933009368
1057 0.20510352933009368
1058 0.2108639484530811
1059 1.5146084185011688
1060 2.00937807474691
1061 2.00937807474691
1062 2.00937807474691
1063 2.026498615180357
1064 2.026498615180357
1065 2.026498615180357
1066 1.6941612029368744
1067 2.42059975934481
1068 2.42059975934481
1069 2.42059975934481
1070 2.4223939925997744
1071 2.4223939925997744
1072 2.4223939925997744
1073 2.601981516625671
1074 2.601981516625671
1075 2.601981516625671
1076 2.5692601977258867
1077 2.5692601977258867
1078 2.5692601977258867
1079 2.3628148313322956
1080 2.3628148313322956
1081 2.3628148313322956
1082 2.434291906451425
1083 2.434291906451425
1084 2.434291906451425
1085 2.5270420247962653
1086 2.5270420247962653
1087 0.6290708931323126
1088 0.6290708931323126
1089 0.6290708931323126
1090 0.6656800833127805
1091 0.6656800833127805
1092 1.4187102919542358
1093 1.4187102919542358
1094 1.4187102919542358
1095 1.5387046882584037
1096 1.5387046882584037
1097 1.5387046882584037
1098 1.5483427437614927
1099 1.5483427437614927
1100 1.5483427437614927
1101 1.6034159717335106
1102 1.6034159717335106
1103 1.6034159717335106
1104 1.7978273989214957
1105 1.7978273989214957
1106 1.7978273989214957
1107 1.5431234892773587
1108 1.5431234892773587
1109 1.5431234892773587
1110 1.6022049109075933
1111 1.6022049109075933
1112 1.6022049109075933
1113 1.4476959846614632
1114 1.4476959846614632
1115 1.4476959846614632
1116 1.6155675181202411
1117 1.6155675181202411
1118 1.6155675181202411
1119 1.643490211391769
1120 1.643490211391769
1121 1.643490211391769
1122 1.9305831730912566
1123 1.29743626644875
1124 1.29743626644875
1125 2.994358411778037
1126 2.994358411778037
1127 2.994358411778037
1128 3.036951859075429
1129 3.036951859075429
1130 3.036951859075429
1131 2.836126739226802
1132 0.7728968860709499
1133 0.7728968860709499
1134 0.7728968860709499
1135 4.30014882988088
1136 4.30014882988088
1137 4.30014882988088
1138 3.4183233063311484
1139 3.4183233063311484
1140 3.4183233063311484
1141 3.9524489862748426
1142 3.9524489862748426
1143 3.9524489862748426
1144 3.5614839411007835
1145 3.5614839411007835
1146 3.5614839411007835
1147 4.085408727245486
1148 4.085408727245486
1149 4.085408727245486
1150 3.7195341650386675
1151 3.7195341650386675
1152 3.7195341650386675
1153 3.8197889881602647
1154 3.8197889881602647
1155 1.2484724561282337
1156 1.2484724561282337
1157 1.2484724561282337
1158 1.0840986949604277
1159 3.2246133336265914
1160 3.2246133336265914
1161 4.577394445809979
1162 4.577394445809979
1163 4.577394445809979
1164 4.382712932783293
1165 4.382712932783293
1166 4.382712932783293
1167 4.469574299199885
1168 4.469574299199885
1169 4.469574299199885
1170 4.2117040293729975
1171 4.2117040293729975
1172 4.2117040293729975
1173 4.317148537187012
1174 4.317148537187012
1175 4.317148537187012
1176 4.0918718468518875
1177 4.0918718468518875
1178 4.0918718468518875
1179 4.50364399028336
1180 4.50364399028336
1181 4.50364399028336
1182 4.220657394103455
1183 4.220657394103455
1184 4.220657394103455
1185 4.0953511865203716
1186 4.0953511865203716
1187 4.0953511865203716
1188 4.1782896587991765
1189 2.894373428780275
1190 2.894373428780275
1191 2.894373428780275
1192 3.877620651316852
1193 3.877620651316852
1194 3.877620651316852
1195 3.5275578993595915
1196 3.5275578993595915
1197 3.5275578993595915
1198 4.207751906297793
1199 4.207751906297793
1200 4.207751906297793
1201 3.9087425708381893
1202 3.9087425708381893
1203 3.9087425708381893
1204 2.9868631526826643
1205 2.9868631526826643
1206 2.9868631526826643
1207 3.871836593772104
1208 3.871836593772104
1209 3.871836593772104
1210 3.628357260112752
1211 3.628357260112752
1212 3.628357260112752
1213 3.4907766992071534
1214 3.4907766992071534
1215 3.4907766992071534
1216 4.120636725368751
1217 4.120636725368751
1218 4.120636725368751
1219 4.087033027363521
1220 4.087033027363521
1221 4.087033027363521
1222 3.1703405323185514
1223 3.1703405323185514
1224 3.1703405323185514
1225 4.221694651707816
1226 4.221694651707816
1227 4.221694651707816
1228 3.9583482877763125
1229 3.9583482877763125
1230 3.9583482877763125
1231 3.491571384326093
1232 3.491571384326093
1233 3.491571384326093
1234 4.562655736081561
1235 0.6036874164349162
1236 0.6036874164349162
1237 0.6036874164349162
1238 0.6370301598223911
1239 0.6370301598223911
1240 0.6370301598223911
1241 0.5840111253030572
1242 0.5840111253030572
1243 0.5840111253030572
1244 0.5768494814137197
1245 0.5768494814137197
1246 0.5768494814137197
1247 0.6838043871313827
1248 0.6838043871313827
1249 0.6838043871313827
1250 0.624040138483471
1251 0.624040138483471
1252 2.5328041506042367
1253 2.5328041506042367
1254 2.5328041506042367
1255 2.1985199740062082
1256 2.1985199740062082
1257 2.1985199740062082
1258 2.4537837998996284
1259 2.4537837998996284
1260 2.4537837998996284
1261 2.2678628816668684
1262 2.2678628816668684
1263 2.2678628816668684
1264 2.5426721055767594
1265 2.5426721055767594
1266 2.5426721055767594
1267 2.8204596822870296
1268 2.8204596822870296
1269 2.8204596822870296
1270 2.6669234102591193
1271 2.6669234102591193
1272 2.6669234102591193
1273 2.109541278707792
1274 2.109541278707792
1275 2.109541278707792
1276 2.3133479036475273
1277 2.3133479036475273
1278 2.3133479036475273
1279 2.436619644571885
1280 2.436619644571885
1281 2.436619644571885
1282 2.703869000524231
1283 2.703869000524231
1284 2.703869000524231
1285 2.4667997007037585
1286 2.4667997007037585
1287 2.4667997007037585
1288 2.273357308872099
1289 2.273357308872099
1290 2.273357308872099
1291 2.08744984966929
1292 2.08744984966929
1293 2.08744984966929
1294 2.321899772961773
1295 2.321899772961773
1296 2.321899772961773
1297 2.719386418810277
1298 2.719386418810277
1299 2.719386418810277
1300 2.3802698212340454
1301 2.3802698212340454
1302 2.3802698212340454
1303 2.415330774365965
1304 2.415330774365965
1305 2.415330774365965
1306 2.5325792530235063
1307 2.5325792530235063
1308 2.5325792530235063
1309 2.6115081975914083
1310 2.6115081975914083
1311 2.6115081975914083
1312 4.206417639730173
1313 4.206417639730173
1314 4.206417639730173
1315 4.399456343641404
1316 4.399456343641404
1317 4.399456343641404
1318 4.509754980022779
1319 4.509754980022779
1320 4.509754980022779
1321 4.566415935744049
1322 4.566415935744049
1323 4.566415935744049
1324 4.270905660410747
1325 4.270905660410747
1326 4.270905660410747
1327 4.307156682685529
1328 4.307156682685529
1329 4.307156682685529
1330 4.400699190170195
1331 4.400699190170195
1332 4.400699190170195
1333 4.411900299346206
1334 4.411900299346206
1335 4.411900299346206
1336 4.5150372003728725
1337 4.5150372003728725
1338 4.5150372003728725
1339 4.0415285519390105
1340 4.0415285519390105
1341 4.0415285519390105
1342 4.03066158470548
1343 4.03066158470548
1344 4.03066158470548
1345 4.176808483096519
1346 4.176808483096519
1347 4.176808483096519
1348 4.923885741032725
1349 4.923885741032725
1350 4.923885741032725
1351 4.997326814880775
1352 4.997326814880775
1353 4.997326814880775
1354 4.66606937501361
1355 4.66606937501361
1356 1.908362569986107
1357 1.908362569986107
1358 1.908362569986107
1359 2.0284164793868573
1360 2.0284164793868573
1361 2.0284164793868573
1362 1.9581690381793158
1363 1.9581690381793158
1364 1.9581690381793158
1365 1.9099804100673716
1366 1.9099804100673716
1367 1.9099804100673716
1368 2.161004688708002
1369 2.161004688708002
1370 2.274270293142832
1371 2.274270293142832
1372 2.274270293142832
1373 1.9964010877192944
1374 1.9964010877192944
1375 1.9964010877192944
1376 2.3752803799065836
1377 2.3752803799065836
1378 2.3752803799065836
1379 2.351600430631838
1380 2.351600430631838
1381 2.351600430631838
1382 2.459075389293451
1383 2.459075389293451
1384 2.459075389293451
1385 2.585608195131126
1386 2.585608195131126
1387 2.585608195131126
1388 2.760168188719173
1389 2.760168188719173
1390 2.760168188719173
1391 2.511243586797352
1392 2.511243586797352
1393 2.511243586797352
1394 2.677086143980827
1395 2.677086143980827
1396 2.677086143980827
1397 4.249834374992115
1398 4.249834374992115
1399 4.249834374992115
1400 3.5355332999413225
1401 3.5355332999413225
1402 3.5355332999413225
1403 4.25477516830097
1404 3.447153507549553
1405 3.447153507549553
1406 3.447153507549553
1407 4.265525240918457
1408 4.265525240918457
1409 4.265525240918457
1410 4.290059602026203
1411 4.290059602026203
1412 4.290059602026203
1413 4.012633501403009
1414 4.012633501403009
1415 4.012633501403009
1416 4.750449872936298
1417 4.750449872936298
1418 4.750449872936298
1419 4.396035081635944
1420 4.396035081635944
1421 4.396035081635944
1422 4.151162292791934
1423 4.151162292791934
1424 4.151162292791934
1425 4.1583904029276635
1426 4.1583904029276635
1427 4.1583904029276635
1428 3.776689122743569
1429 3.776689122743569
1430 3.776689122743569
1431 3.8747300303135406
1432 3.8747300303135406
1433 3.8747300303135406
1434 4.494942744048112
1435 4.494942744048112
1436 4.494942744048112
1437 4.450613480591028
1438 4.450613480591028
1439 4.450613480591028
1440 3.133706075885348
1441 3.133706075885348
1442 3.133706075885348
1443 3.422482165676381
1444 3.422482165676381
1445 3.422482165676381
1446 3.5302136104821495
1447 3.5302136104821495
1448 3.5302136104821495
1449 3.3715364222382327
1450 3.3715364222382327
1451 3.3715364222382327
1452 3.8170237113013608
1453 3.8170237113013608
1454 3.8170237113013608
1455 3.897375124641154
1456 3.897375124641154
1457 3.897375124641154
1458 4.134154652266036
1459 4.134154652266036
1460 3.473392687008568
1461 3.473392687008568
1462 3.473392687008568
1463 3.3664466525854895
1464 3.3664466525854895
1465 3.3664466525854895
1466 3.1956139415974048
1467 3.1956139415974048
1468 3.1956139415974048
1469 3.6577538635963105
1470 3.6577538635963105
1471 3.6577538635963105
1472 3.48660219464193
1473 3.48660219464193
1474 3.48660219464193
1475 3.6804926677634553
1476 3.6804926677634553
1477 3.6804926677634553
1478 3.0583610032735598
1479 3.0583610032735598
1480 3.0583610032735598
1481 3.298160024973704
1482 3.298160024973704
1483 3.298160024973704
1484 3.216537862215939
1485 3.216537862215939
1486 3.216537862215939
1487 2.501743705014509
1488 2.501743705014509
1489 2.501743705014509
1490 2.0271695890242034
1491 2.0271695890242034
1492 2.0271695890242034
1493 2.5319619408518728
1494 2.5319619408518728
1495 2.5319619408518728
1496 2.607556794841537
1497 2.607556794841537
1498 2.118257367506611
1499 2.118257367506611
1500 2.118257367506611
1501 2.0211228310535145
1502 2.0211228310535145
1503 2.0211228310535145
1504 2.011634968282375
1505 2.011634968282375
1506 1.13093180419309
1507 1.13093180419309
1508 1.13093180419309
1509 0.9978607300316258
1510 0.9978607300316258
1511 0.9978607300316258
1512 1.1982404174091126
1513 1.1982404174091126
1514 1.1982404174091126
1515 1.2124864026576876
1516 1.2124864026576876
1517 1.2124864026576876
1518 1.1300142735783139
1519 1.1300142735783139
1520 0.5873354699650927
1521 0.5873354699650927
1522 0.5873354699650927
1523 0.660743449161167
1524 0.660743449161167
1525 0.660743449161167
1526 0.6488369504463537
1527 0.6488369504463537
1528 0.6488369504463537
1529 0.7021253342431203
1530 0.7021253342431203
1531 0.7021253342431203
1532 0.6097324404285442
1533 0.6097324404285442
1534 0.6097324404285442
1535 0.6150326547636589
1536 0.6150326547636589
1537 0.6150326547636589
1538 0.6341889273528376
1539 0.6341889273528376
1540 0.6341889273528376
1541 0.6072193290893572
1542 2.320376567903836
1543 2.320376567903836
1544 2.320376567903836
1545 2.49327842514304
1546 2.49327842514304
1547 2.49327842514304
1548 2.56578459365755
1549 2.56578459365755
1550 2.56578459365755
1551 2.621246304328785
1552 2.621246304328785
1553 2.621246304328785
1554 2.659172002340115
1555 2.659172002340115
1556 2.659172002340115
1557 2.5912909173415244
1558 2.5912909173415244
1559 2.5912909173415244
1560 2.3372872912285154
1561 2.3372872912285154
1562 2.3372872912285154
1563 2.7121601937842406
1564 2.7121601937842406
1565 2.7121601937842406
1566 2.189074464228074
1567 2.189074464228074
1568 2.189074464228074
1569 2.5013601872868922
1570 2.5013601872868922
1571 2.5013601872868922
1572 2.4255205989899586
1573 2.4255205989899586
1574 2.4255205989899586
1575 2.286074654119963
1576 2.286074654119963
1577 2.286074654119963
1578 2.5728179792216976
1579 2.5728179792216976
1580 2.5728179792216976
1581 2.5300302636501426
1582 2.5300302636501426
1583 2.5300302636501426
1584 2.201550984245667
1585 2.201550984245667
1586 2.201550984245667
1587 2.5488816808745933
1588 2.5488816808745933
1589 2.5488816808745933
1590 2.5975211355667294
1591 2.5975211355667294
1592 2.5975211355667294
1593 2.602945048789383
1594 2.602945048789383
1595 2.602945048789383
1596 2.6465922368560246
1597 2.6465922368560246
1598 1.0267332270270688
1599 1.0267332270270688
1600 1.0267332270270688
1601 1.078847538249341
1602 2.5073800824804744
1603 2.5073800824804744
1604 2.5073800824804744
1605 2.148484007293404
1606 2.148484007293404
1607 2.148484007293404
1608 2.3061474200456855
1609 2.3061474200456855
1610 2.3061474200456855
1611 2.342840015879851
1612 2.342840015879851
1613 2.342840015879851
1614 2.780134685498149
1615 2.780134685498149
1616 2.780134685498149
1617 2.288036671908189
1618 2.288036671908189
1619 2.288036671908189
1620 2.2447169429639913
1621 2.2447169429639913
1622 2.2447169429639913
1623 2.2768717670454715
1624 2.2768717670454715
1625 0.6396544742158444
1626 2.589022020970114
1627 2.589022020970114
1628 2.589022020970114
1629 2.4610139852338735
1630 2.4610139852338735
1631 2.4610139852338735
1632 2.8156617498370933
1633 2.8156617498370933
1634 1.0491015110852666
1635 1.0491015110852666
1636 1.0491015110852666
1637 1.285657206025857
1638 1.285657206025857
1639 1.285657206025857
1640 1.1780341255912656
1641 1.1780341255912656
1642 1.1780341255912656
1643 1.3300628930307943
1644 1.3300628930307943
1645 1.3300628930307943
1646 1.1407044563798574
1647 1.1407044563798574
1648 1.1407044563798574
1649 1.2526537447847252
1650 1.2526537447847252
1651 1.2526537447847252
1652 1.0408566970232274
1653 1.0408566970232274
1654 1.0408566970232274
1655 3.9922921937352838
1656 3.9922921937352838
1657 3.9922921937352838
1658 4.244192152510089
1659 4.244192152510089
1660 4.244192152510089
1661 4.303524000266418
1662 4.303524000266418
1663 4.303524000266418
1664 3.3403597905975424
1665 3.3403597905975424
1666 3.3403597905975424
1667 3.948178766350156
1668 3.948178766350156
1669 3.948178766350156
1670 3.62139792535618
1671 1.8667130843112214
1672 1.8667130843112214
1673 1.8667130843112214
1674 2.164859606109169
1675 2.164859606109169
1676 0.6492535994388859
1677 0.6492535994388859
1678 0.6492535994388859
1679 0.7318996127612012
1680 0.7318996127612012
1681 3.048025691791782
1682 3.048025691791782
1683 3.048025691791782
1684 3.4647447705590615
1685 3.4647447705590615
1686 3.4647447705590615
1687 2.8974820830836294
1688 2.8974820830836294
1689 2.8974820830836294
1690 2.7351860345879024
1691 2.7351860345879024
1692 2.7351860345879024
1693 2.8015848773983714
1694 2.8015848773983714
1695 2.8015848773983714
1696 3.2732481058503096
1697 3.2732481058503096
1698 1.0273755257634989
1699 1.0273755257634989
1700 1.0273755257634989
1701 1.1737950211341706
1702 1.1737950211341706
1703 3.368687024528982
1704 3.368687024528982
1705 3.368687024528982
1706 4.209969291915763
1707 4.209969291915763
1708 4.209969291915763
1709 3.241410184187717
1710 3.241410184187717
1711 3.241410184187717
1712 4.033278204979952
1713 4.033278204979952
1714 4.033278204979952
1715 3.822274747445927
1716 3.822274747445927
1717 3.822274747445927
1718 3.440910464758721
1719 3.440910464758721
1720 3.440910464758721
1721 3.1310068255789707
1722 3.1310068255789707
1723 3.1310068255789707
1724 3.1037204912957668
1725 3.1037204912957668
1726 3.1037204912957668
1727 3.1291959597307204
1728 3.1291959597307204
1729 3.1291959597307204
1730 3.2154572415191494
1731 2.70976168735274
1732 2.70976168735274
1733 2.70976168735274
1734 2.636892373778678
1735 2.636892373778678
1736 2.636892373778678
1737 2.9027926703414058
1738 2.9027926703414058
1739 2.9027926703414058
1740 3.231477082772561
1741 3.231477082772561
1742 3.231477082772561
1743 2.931846439511895
1744 2.931846439511895
1745 2.931846439511895
1746 2.9596994505437517
1747 2.9596994505437517
1748 2.9596994505437517
1749 2.7306396867395586
1750 2.7306396867395586
1751 2.7306396867395586
1752 3.3496394946762686
1753 3.3496394946762686
1754 3.3496394946762686
1755 3.0215463282831783
1756 3.0215463282831783
1757 3.0215463282831783
1758 2.8606046470259097
1759 2.8606046470259097
1760 2.8606046470259097
1761 2.9909214309913326
1762 2.9909214309913326
1763 2.9909214309913326
1764 2.787278539876053
1765 2.787278539876053
1766 2.787278539876053
1767 2.649810810797469
1768 2.649810810797469
1769 2.649810810797469
1770 2.8179414455912277
1771 2.8179414455912277
1772 2.8179414455912277
1773 2.393857258520582
1774 2.393857258520582
1775 2.393857258520582
1776 2.859129905362224
1777 2.859129905362224
1778 2.859129905362224
1779 2.4690573415799397
1780 2.4690573415799397
1781 2.7621938038608995
1782 2.7621938038608995
1783 2.7621938038608995
1784 2.2315995264724284
1785 2.2315995264724284
1786 2.2315995264724284
1787 2.8584438586216407
1788 2.8584438586216407
1789 2.8584438586216407
1790 2.7537812546783056
1791 2.7537812546783056
1792 2.7537812546783056
1793 2.620631780315984
1794 2.620631780315984
1795 2.620631780315984
1796 2.6361307088990626
1797 2.6361307088990626
1798 2.6361307088990626
1799 2.3576311138190693
1800 2.3576311138190693
1801 2.3576311138190693
1802 3.9221489795744477
1803 3.9221489795744477
1804 3.9221489795744477
1805 4.109888456094715
1806 4.109888456094715
1807 4.109888456094715
1808 4.397909878023718
1809 4.397909878023718
1810 4.397909878023718
1811 4.041488236358557
1812 4.041488236358557
1813 4.041488236358557
1814 3.991456900252463
1815 3.991456900252463
1816 3.991456900252463
1817 3.8795964763299815
1818 3.8795964763299815
1819 3.8795964763299815
1820 4.097958685876475
1821 4.097958685876475
1822 4.097958685876475
1823 3.468798231948428
1824 3.468798231948428
1825 3.468798231948428
1826 3.993346809539867
1827 3.993346809539867
1828 3.993346809539867
1829 3.588245522614224
1830 3.588245522614224
1831 3.588245522614224
1832 3.6029079464600686
1833 3.6029079464600686
1834 3.6029079464600686
1835 4.2846105845645726
1836 4.2846105845645726
1837 4.2846105845645726
1838 3.5349744094457813
1839 3.5349744094457813
1840 3.5349744094457813
1841 3.8933132908384365
1842 2.170849429320171
1843 2.170849429320171
1844 2.170849429320171
1845 2.5664903901030995
1846 2.5664903901030995
1847 2.5664903901030995
1848 2.539607627829149
1849 2.539607627829149
1850 2.539607627829149
1851 2.8643007929493045
1852 2.8643007929493045
1853 2.8643007929493045
1854 2.5557741629402004
1855 2.5557741629402004
1856 2.5557741629402004
1857 2.443161999661584
1858 2.443161999661584
1859 2.443161999661584
1860 2.26963332865633
1861 2.26963332865633
1862 2.26963332865633
1863 2.7454345355099017
1864 2.7454345355099017
1865 2.7454345355099017
1866 2.5871817531879873
1867 2.5871817531879873
1868 2.5871817531879873
1869 2.0080037325455877
1870 2.0080037325455877
1871 2.0080037325455877
1872 2.7145372985670955
1873 2.7145372985670955
1874 2.7145372985670955
1875 2.6287718346870985
1876 2.6287718346870985
1877 2.6287718346870985
1878 2.3680859119103292
1879 2.3680859119103292
1880 2.3680859119103292
1881 1.9919430875278543
1882 1.9919430875278543
1883 1.9919430875278543
1884 2.3730072495903
1885 2.3730072495903
1886 2.3730072495903
1887 2.5339874857728746
1888 2.5339874857728746
1889 2.5339874857728746
1890 2.5003158777149483
1891 2.5003158777149483
1892 2.5003158777149483
1893 2.6218148190536246
1894 2.6218148190536246
1895 2.6218148190536246
1896 2.5603936112925427
1897 2.5603936112925427
1898 2.5603936112925427
1899 2.5761297232489144
1900 2.5761297232489144
1901 2.5761297232489144
1902 2.4450532911797267
1903 2.4450532911797267
1904 2.4450532911797267
1905 2.445181704768611
1906 2.445181704768611
1907 2.445181704768611
1908 2.4299960112576886
1909 2.4299960112576886
1910 2.4299960112576886
1911 2.6798383077235273
1912 2.6798383077235273
1913 2.6798383077235273
1914 2.7696805788319514
1915 2.7696805788319514
1916 2.7696805788319514
1917 2.6974126421048785
1918 2.6974126421048785
1919 2.6974126421048785
1920 2.6992059448208536
1921 2.6992059448208536
1922 2.6992059448208536
1923 2.565103147555612
1924 2.565103147555612
1925 2.565103147555612
1926 2.49540632056683
1927 2.49540632056683
1928 2.49540632056683
1929 2.52747727965483
1930 2.52747727965483
1931 2.52747727965483
1932 2.038537367846918
1933 2.038537367846918
1934 2.038537367846918
1935 2.4081733176199025
1936 2.4081733176199025
1937 2.4081733176199025
1938 2.3879136801421805
1939 2.3879136801421805
1940 2.3879136801421805
1941 2.654441815345722
1942 2.654441815345722
1943 2.654441815345722
1944 2.730738336727674
1945 2.730738336727674
1946 2.730738336727674
1947 1.981234952624265
1948 1.981234952624265
1949 1.981234952624265
1950 2.7482756785859617
1951 2.7482756785859617
1952 2.7482756785859617
1953 2.206399316072671
1954 2.206399316072671
1955 2.206399316072671
1956 2.492767993283182
1957 2.492767993283182
1958 2.492767993283182
1959 2.55491496711698
1960 2.55491496711698
1961 2.55491496711698
1962 2.7236814127701154
1963 2.7236814127701154
1964 2.7236814127701154
1965 3.0470361438674898
1966 3.0470361438674898
1967 3.0470361438674898
1968 2.6171754133920873
1969 2.6171754133920873
1970 2.6171754133920873
1971 2.3096436573277934
1972 2.3096436573277934
1973 2.3096436573277934
1974 2.0948606683604583
1975 2.0948606683604583
1976 2.0948606683604583
1977 1.908886817241178
1978 1.908886817241178
1979 1.908886817241178
1980 2.4328974651662114
1981 2.4328974651662114
1982 2.923819554229257
1983 2.923819554229257
1984 2.923819554229257
1985 2.491927379661666
1986 2.491927379661666
1987 2.491927379661666
1988 2.7053557359239764
1989 2.7053557359239764
1990 2.7053557359239764
1991 2.494221753610086
1992 2.494221753610086
1993 4.373132580959411
1994 4.373132580959411
1995 4.373132580959411
1996 4.058169938174408
1997 4.058169938174408
1998 4.058169938174408
1999 4.4327873112282
