0 4.221784040232582
1 4.221784040232582
2 4.221784040232582
3 4.046642278153103
4 4.046642278153103
5 4.046642278153103
6 4.603352900959577
7 4.603352900959577
8 4.603352900959577
9 4.526056535836343
10 4.526056535836343
11 4.526056535836343
12 4.203202897022513
13 4.203202897022513
14 4.203202897022513
15 4.048930028166829
16 4.048930028166829
17 4.048930028166829
18 4.2027066769946035
19 4.2027066769946035
20 4.2027066769946035
21 3.991157006371008
22 3.991157006371008
23 3.991157006371008
24 4.183176091696709
25 4.183176091696709
26 4.183176091696709
27 4.389275399349776
28 4.389275399349776
29 4.389275399349776
30 3.8473301395438684
31 3.8473301395438684
32 3.8473301395438684
33 4.470074894983948
34 4.470074894983948
35 4.470074894983948
36 4.248562101903666
37 4.248562101903666
38 4.248562101903666
39 3.9183436298018957
40 3.9183436298018957
41 3.9183436298018957
42 4.452803744281575
43 4.452803744281575
44 4.452803744281575
45 4.182427371262432
46 4.182427371262432
47 4.182427371262432
48 3.7174372582150346
49 3.7174372582150346
50 3.7174372582150346
51 4.210948068934907
52 4.210948068934907
53 4.210948068934907
54 4.095792535318345
55 4.095792535318345
56 4.095792535318345
57 4.388550554060598
58 4.388550554060598
59 4.388550554060598
60 4.751221200109268
61 4.751221200109268
62 4.751221200109268
63 4.235816630984307
64 4.235816630984307
65 4.235816630984307
66 5.052855196148413
67 5.052855196148413
68 5.052855196148413
69 4.43256808202948
70 4.43256808202948
71 4.43256808202948
72 4.0875296660094405
73 4.0875296660094405
74 4.0875296660094405
75 4.4194587573447235
76 4.4194587573447235
77 4.4194587573447235
78 4.349657663913946
79 4.349657663913946
80 4.349657663913946
81 4.63754318363117
82 4.63754318363117
83 4.63754318363117
84 4.758794706945518
85 4.758794706945518
86 4.758794706945518
87 5.005696478239026
88 5.005696478239026
89 5.005696478239026
90 4.26850739422186
91 4.26850739422186
92 4.26850739422186
93 3.700765871777849
94 3.700765871777849
95 3.700765871777849
96 4.544437414154007
97 4.544437414154007
98 4.544437414154007
99 3.725000189678742
100 3.725000189678742
101 3.725000189678742
102 5.192543736257225
103 5.192543736257225
104 5.192543736257225
105 3.4810580220811884
106 3.4810580220811884
107 3.4810580220811884
108 3.748404758396058
109 3.748404758396058
110 3.748404758396058
111 4.258388241962405
112 4.258388241962405
113 4.258388241962405
114 5.299854005905581
115 5.299854005905581
116 5.299854005905581
117 4.200683137382239
118 4.200683137382239
119 4.200683137382239
120 4.371910304477145
121 4.371910304477145
122 4.371910304477145
123 4.973603124264466
124 4.973603124264466
125 4.973603124264466
126 3.8573593415310357
127 3.8573593415310357
128 3.8573593415310357
129 4.566581994263292
130 4.566581994263292
131 4.566581994263292
132 4.373700019915888
133 4.373700019915888
134 4.373700019915888
135 4.836784333304827
136 4.836784333304827
137 4.836784333304827
138 3.7237498353601435
139 3.7237498353601435
140 3.7237498353601435
141 4.816052599265364
142 4.816052599265364
143 4.816052599265364
144 4.046158234330429
145 4.046158234330429
146 4.046158234330429
147 4.615185098557055
148 4.615185098557055
149 4.615185098557055
150 3.3232797924232473
151 3.3232797924232473
152 3.3232797924232473
153 4.680020371551057
154 4.680020371551057
155 4.680020371551057
156 4.539387966762928
157 4.539387966762928
158 4.539387966762928
159 4.30853339521495
160 4.30853339521495
161 4.30853339521495
162 3.7734993855664714
163 3.7734993855664714
164 3.7734993855664714
165 3.625260568180524
166 3.625260568180524
167 3.625260568180524
168 4.155251595654826
169 4.155251595654826
170 4.155251595654826
171 5.241141026508821
172 5.241141026508821
173 5.241141026508821
174 4.441078760201668
175 4.441078760201668
176 4.441078760201668
177 4.64625419701507
178 4.64625419701507
179 4.64625419701507
180 4.635177346015717
181 4.635177346015717
182 4.635177346015717
183 4.776809840018751
184 4.776809840018751
185 4.776809840018751
186 4.4932302358301435
187 4.4932302358301435
188 4.4932302358301435
189 3.86522898533417
190 3.86522898533417
191 3.86522898533417
192 5.052607125273385
193 5.052607125273385
194 5.052607125273385
195 4.260250503502546
196 4.260250503502546
197 4.260250503502546
198 3.9542320776082955
199 3.9542320776082955
200 3.9542320776082955
201 4.536780116970691
202 4.536780116970691
203 4.536780116970691
204 4.653911296460071
205 4.653911296460071
206 4.653911296460071
207 3.2803635910316773
208 3.2803635910316773
209 3.2803635910316773
210 4.423955483798466
211 4.423955483798466
212 4.423955483798466
213 4.295488545056065
214 4.295488545056065
215 4.295488545056065
216 4.761546374288332
217 4.761546374288332
218 4.761546374288332
219 3.6856643766410806
220 3.6856643766410806
221 3.6856643766410806
222 4.503050487518407
223 4.503050487518407
224 4.503050487518407
225 3.526941502790169
226 3.526941502790169
227 3.49652977837392
228 3.49652977837392
229 3.49652977837392
230 2.0737423639978396
231 2.0737423639978396
232 2.0737423639978396
233 1.7950128739915143
234 1.7950128739915143
235 1.7950128739915143
236 1.8794316765680765
237 1.8794316765680765
238 1.8794316765680765
239 2.3071145876072383
240 2.3071145876072383
241 2.3071145876072383
242 2.041814701832936
243 2.041814701832936
244 2.041814701832936
245 1.8686352096799177
246 1.8686352096799177
247 1.8686352096799177
248 2.1580203997857423
249 2.1580203997857423
250 2.1580203997857423
251 2.3125032958774416
252 2.3125032958774416
253 2.3125032958774416
254 2.2343989940894624
255 2.2343989940894624
256 2.2343989940894624
257 2.0487303346980323
258 2.0487303346980323
259 2.0487303346980323
260 2.1140696439661317
261 2.1140696439661317
262 2.1140696439661317
263 1.7996983906411543
264 1.7996983906411543
265 1.7996983906411543
266 2.380178360343686
267 2.380178360343686
268 2.380178360343686
269 2.187602431598811
270 2.187602431598811
271 2.187602431598811
272 1.947170004093571
273 1.947170004093571
274 1.947170004093571
275 2.330420009149782
276 0.6015291629906896
277 0.6015291629906896
278 0.6015291629906896
279 0.5521428708423406
280 0.5521428708423406
281 0.5521428708423406
282 0.6409491477228181
283 0.6409491477228181
284 0.6409491477228181
285 0.6868012188745286
286 0.6868012188745286
287 0.6868012188745286
288 0.6775312236552037
289 0.6775312236552037
290 0.6775312236552037
291 0.615784832097651
292 0.615784832097651
293 0.615784832097651
294 0.640195113148649
295 0.640195113148649
296 0.640195113148649
297 0.6804317154081927
298 0.6804317154081927
299 0.6804317154081927
300 0.7184648515668153
301 0.7184648515668153
302 2.6931661588228035
303 2.6931661588228035
304 2.6931661588228035
305 2.3952272535994124
306 2.3952272535994124
307 2.3952272535994124
308 2.6175337019914573
309 2.6175337019914573
310 2.6175337019914573
311 3.1214176347692257
312 3.1214176347692257
313 3.1214176347692257
314 2.5809358921267056
315 2.5809358921267056
316 2.5809358921267056
317 3.2858848447007576
318 3.2858848447007576
319 3.2858848447007576
320 2.9079256868047354
321 2.9079256868047354
322 2.9079256868047354
323 2.4898730821832724
324 2.4898730821832724
325 2.4898730821832724
326 3.413234847075369
327 3.413234847075369
328 3.413234847075369
329 2.811490259995462
330 2.811490259995462
331 2.811490259995462
332 2.708607392553476
333 2.708607392553476
334 2.708607392553476
335 2.921472346510709
336 2.921472346510709
337 2.921472346510709
338 3.2706123046886746
339 3.2706123046886746
340 3.2706123046886746
341 2.914648614128777
342 2.914648614128777
343 2.914648614128777
344 2.80151024788708
345 2.80151024788708
346 2.80151024788708
347 3.0975959067435137
348 3.0975959067435137
349 3.0975959067435137
350 2.9480113966292496
351 2.9480113966292496
352 2.9480113966292496
353 2.9846932970896405
354 2.9846932970896405
355 2.9846932970896405
356 3.2320683971316213
357 3.2320683971316213
358 3.2320683971316213
359 3.2550558676626498
360 3.2550558676626498
361 3.2550558676626498
362 3.0969614474091074
363 3.0969614474091074
364 3.0969614474091074
365 2.8595068349912434
366 2.8595068349912434
367 2.8595068349912434
368 3.010310507082406
369 3.010310507082406
370 3.010310507082406
371 2.649076101451236
372 2.649076101451236
373 2.649076101451236
374 2.605161265659867
375 2.605161265659867
376 2.605161265659867
377 2.9259560895236847
378 2.9259560895236847
379 2.9259560895236847
380 2.9262001886654523
381 2.9262001886654523
382 2.9262001886654523
383 2.8574845150045998
384 2.8574845150045998
385 2.8574845150045998
386 2.839272603537482
387 2.839272603537482
388 2.839272603537482
389 2.7272934318972113
390 2.7272934318972113
391 2.7272934318972113
392 2.2624691433573414
393 2.2624691433573414
394 2.2624691433573414
395 2.9565826552555547
396 2.9565826552555547
397 2.9565826552555547
398 3.062549074521199
399 3.062549074521199
400 3.062549074521199
401 2.8994400170473766
402 2.8994400170473766
403 2.8994400170473766
404 2.7394882527497058
405 2.7394882527497058
406 2.7394882527497058
407 3.1961008261000594
408 3.1961008261000594
409 3.1961008261000594
410 2.8543305207959886
411 2.8543305207959886
412 2.8543305207959886
413 3.4198618843563544
414 3.4198618843563544
415 3.4198618843563544
416 3.2546233002315903
417 3.2546233002315903
418 3.2546233002315903
419 2.900758922197614
420 2.900758922197614
421 2.900758922197614
422 2.8526215224674902
423 2.8526215224674902
424 2.8526215224674902
425 3.4586633325684524
426 3.4586633325684524
427 3.43684027191376
428 3.43684027191376
429 3.43684027191376
430 3.1106375027170565
431 3.1106375027170565
432 3.1106375027170565
433 2.9831208522509716
434 2.9831208522509716
435 2.9831208522509716
436 4.052067186049802
437 4.052067186049802
438 4.052067186049802
439 3.5017047138307205
440 3.5017047138307205
441 3.5017047138307205
442 3.0848948544177395
443 3.0848948544177395
444 3.0848948544177395
445 4.468012808395703
446 4.468012808395703
447 4.468012808395703
448 3.398717392899628
449 3.398717392899628
450 3.398717392899628
451 3.5870864291444766
452 3.5870864291444766
453 3.5870864291444766
454 4.355489609383269
455 4.355489609383269
456 4.355489609383269
457 4.174782817086446
458 4.174782817086446
459 4.174782817086446
460 3.4911281697733503
461 3.4911281697733503
462 3.4911281697733503
463 4.006056102904752
464 4.006056102904752
465 4.006056102904752
466 4.126725448437576
467 4.126725448437576
468 4.126725448437576
469 3.50794083184862
470 3.50794083184862
471 3.50794083184862
472 4.452466698862494
473 4.452466698862494
474 4.452466698862494
475 3.7827446262185536
476 3.7827446262185536
477 3.7827446262185536
478 3.658269997511188
479 3.658269997511188
480 3.658269997511188
481 3.34035373080763
482 3.34035373080763
483 3.34035373080763
484 3.1806844252797415
485 3.1806844252797415
486 3.1806844252797415
487 3.6645698748234268
488 3.6645698748234268
489 3.6645698748234268
490 4.16907078764808
491 4.16907078764808
492 4.16907078764808
493 3.6359818156011245
494 3.6359818156011245
495 3.6359818156011245
496 4.766470603284339
497 4.766470603284339
498 4.766470603284339
499 3.737033583175369
500 3.737033583175369
501 3.737033583175369
502 3.8494548441141734
503 3.8494548441141734
504 3.8494548441141734
505 4.080055690240441
506 4.080055690240441
507 4.080055690240441
508 4.259150535056751
509 4.259150535056751
510 4.259150535056751
511 3.5461246580576673
512 3.5461246580576673
513 3.5461246580576673
514 3.9323910188415314
515 3.9323910188415314
516 3.9323910188415314
517 4.3753574970452425
518 4.3753574970452425
519 4.3753574970452425
520 3.873586886128822
521 3.873586886128822
522 3.873586886128822
523 3.6367579454833336
524 3.6367579454833336
525 3.6367579454833336
526 4.0545254883376805
527 4.0545254883376805
528 4.0545254883376805
529 4.635550158011048
530 4.635550158011048
531 4.635550158011048
532 4.107222323017975
533 4.107222323017975
534 4.107222323017975
535 3.8613351669145453
536 3.8613351669145453
537 3.8613351669145453
538 4.013035038189354
539 4.013035038189354
540 4.013035038189354
541 3.239350833609277
542 3.239350833609277
543 3.239350833609277
544 3.814043354094836
545 3.814043354094836
546 1.4967415207147936
547 1.4967415207147936
548 1.4967415207147936
549 1.2783661595527351
550 1.2783661595527351
551 1.2783661595527351
552 1.9827827066852295
553 1.9827827066852295
554 1.9827827066852295
555 2.0798325398304356
556 2.0798325398304356
557 2.0798325398304356
558 1.4261315189352257
559 1.4261315189352257
560 1.4261315189352257
561 1.4341185258171123
562 1.4341185258171123
563 1.4341185258171123
564 1.7232655615660477
565 1.7232655615660477
566 1.7232655615660477
567 1.4632807109174881
568 1.4632807109174881
569 1.4632807109174881
570 1.61316152731277
571 1.61316152731277
572 1.61316152731277
573 1.4034825208841797
574 1.4034825208841797
575 1.4034825208841797
576 1.730523138331837
577 1.730523138331837
578 1.730523138331837
579 1.3908653135373632
580 1.3908653135373632
581 1.3908653135373632
582 1.5038040060609734
583 1.5038040060609734
584 1.5038040060609734
585 1.6908355486600315
586 1.6908355486600315
587 1.6908355486600315
588 1.4060597934680807
589 1.4060597934680807
590 1.4060597934680807
591 1.4557317876790319
592 1.4557317876790319
593 1.4557317876790319
594 1.5746697826716338
595 1.5746697826716338
596 1.5746697826716338
597 1.558832845787261
598 1.558832845787261
599 1.558832845787261
600 1.5103127444917237
601 1.5103127444917237
602 1.5103127444917237
603 1.714188987394389
604 1.714188987394389
605 1.714188987394389
606 1.6298495078309827
607 1.6298495078309827
608 1.6298495078309827
609 1.5881170193659968
610 1.5881170193659968
611 1.5881170193659968
612 1.6049200364813498
613 1.6049200364813498
614 1.6049200364813498
615 2.00645125636929
616 2.00645125636929
617 2.00645125636929
618 0.7821037504588946
619 0.7821037504588946
620 2.079974069331557
621 2.079974069331557
622 2.079974069331557
623 2.0487509398044237
624 2.0487509398044237
625 2.0487509398044237
626 1.9816498829952538
627 1.9816498829952538
628 1.9816498829952538
629 2.209263008215855
630 2.820916350371303
631 2.820916350371303
632 2.820916350371303
633 3.6361192099060946
634 3.6361192099060946
635 3.6361192099060946
636 3.664415691973954
637 3.664415691973954
638 3.664415691973954
639 3.3099183647432735
640 3.3099183647432735
641 3.3099183647432735
642 3.6151192346939913
643 3.6151192346939913
644 3.6151192346939913
645 3.299256440785928
646 3.299256440785928
647 3.299256440785928
648 3.5917515008261622
649 3.5917515008261622
650 3.5917515008261622
651 3.4589551067957687
652 3.4589551067957687
653 3.4589551067957687
654 3.216997925010701
655 3.216997925010701
656 3.216997925010701
657 3.8869265091842538
658 3.8869265091842538
659 3.8869265091842538
660 3.776995160797742
661 3.776995160797742
662 3.776995160797742
663 3.520325976013054
664 3.520325976013054
665 3.520325976013054
666 3.852474072790037
667 3.852474072790037
668 3.852474072790037
669 3.0777941014452077
670 3.0777941014452077
671 3.0777941014452077
672 3.3469926789823794
673 3.3469926789823794
674 3.3469926789823794
675 3.0301858178909917
676 3.0301858178909917
677 3.0301858178909917
678 3.5541910061529536
679 3.5541910061529536
680 3.5541910061529536
681 3.3365207427889714
682 3.3365207427889714
683 3.3365207427889714
684 3.3058034174554294
685 3.3058034174554294
686 3.3058034174554294
687 3.1326348412844722
688 3.1326348412844722
689 3.1326348412844722
690 3.024542963134214
691 3.024542963134214
692 3.024542963134214
693 2.745033664599707
694 2.745033664599707
695 2.745033664599707
696 3.0336149870147304
697 3.0336149870147304
698 3.0336149870147304
699 2.8720682932537014
700 1.9620143267248569
701 1.9620143267248569
702 1.9620143267248569
703 2.164061262460044
704 2.164061262460044
705 2.164061262460044
706 2.0646568335651363
707 2.0646568335651363
708 2.0646568335651363
709 1.9626553714368262
710 1.9626553714368262
711 1.9626553714368262
712 2.122314200329672
713 2.122314200329672
714 2.122314200329672
715 2.2269029442635726
716 2.2269029442635726
717 2.2269029442635726
718 1.8914600368132009
719 1.8914600368132009
720 1.8914600368132009
721 2.101933863007715
722 2.101933863007715
723 2.101933863007715
724 2.028986933222618
725 2.028986933222618
726 2.028986933222618
727 1.7010132223046355
728 1.7010132223046355
729 1.7010132223046355
730 1.9279926658454607
731 1.9279926658454607
732 1.9279926658454607
733 2.9485906173683265
734 2.9485906173683265
735 2.9485906173683265
736 2.9557788198650354
737 2.9557788198650354
738 2.9557788198650354
739 3.172502061448848
740 3.172502061448848
741 3.172502061448848
742 2.984939493247726
743 2.984939493247726
744 2.984939493247726
745 2.474122714121203
746 2.474122714121203
747 2.474122714121203
748 2.943026150906728
749 2.943026150906728
750 2.943026150906728
751 2.6930401347691806
752 2.6930401347691806
753 2.6930401347691806
754 2.6822067925460216
755 2.6822067925460216
756 2.6822067925460216
757 2.444525061050725
758 2.444525061050725
759 2.444525061050725
760 2.858718158084371
761 2.858718158084371
762 2.858718158084371
763 3.2426128422984313
764 3.2426128422984313
765 3.2426128422984313
766 3.1354266127143378
767 3.1354266127143378
768 3.1354266127143378
769 2.4424844376534987
770 2.4424844376534987
771 2.4424844376534987
772 2.8878736269479006
773 2.8878736269479006
774 2.8878736269479006
775 2.6163748371017994
776 2.6163748371017994
777 2.6163748371017994
778 2.7392101286099075
779 2.7392101286099075
780 2.7392101286099075
781 2.6795029177835774
782 2.6795029177835774
783 2.6795029177835774
784 2.514821290606152
785 2.514821290606152
786 2.514821290606152
787 3.0508471317369636
788 3.0508471317369636
789 3.0508471317369636
790 2.972817044014713
791 2.972817044014713
792 2.972817044014713
793 2.6612729578289325
794 2.6612729578289325
795 2.6612729578289325
796 3.0823192893050226
797 3.0823192893050226
798 3.0823192893050226
799 3.00564826012797
800 3.00564826012797
801 3.00564826012797
802 2.8719892813407037
803 2.8719892813407037
804 2.8719892813407037
805 3.4935223939511686
806 3.4935223939511686
807 3.4935223939511686
808 2.6894282556190086
809 2.6894282556190086
810 2.6894282556190086
811 2.8460804611197554
812 2.8460804611197554
813 2.8460804611197554
814 2.8830798366049457
815 2.8830798366049457
816 2.8830798366049457
817 2.5464252874568274
818 2.5464252874568274
819 2.5464252874568274
820 2.911319969657394
821 2.911319969657394
822 2.911319969657394
823 3.1019494155980567
824 3.1019494155980567
825 3.1019494155980567
826 3.057222729188517
827 3.057222729188517
828 3.057222729188517
829 2.968482072442545
830 2.968482072442545
831 2.968482072442545
832 2.338492273345285
833 2.338492273345285
834 2.338492273345285
835 1.8812923394021768
836 1.8812923394021768
837 1.8812923394021768
838 1.8098157900192477
839 1.8098157900192477
840 1.8098157900192477
841 1.9713410486977463
842 1.9713410486977463
843 1.9713410486977463
844 2.248762254863752
845 2.248762254863752
846 2.248762254863752
847 1.867221637260879
848 1.867221637260879
849 1.867221637260879
850 2.0385936459809146
851 2.0385936459809146
852 2.0385936459809146
853 2.055337148625919
854 2.055337148625919
855 2.055337148625919
856 2.157270863242903
857 2.157270863242903
858 2.157270863242903
859 2.1809257567441653
860 2.1809257567441653
861 2.1809257567441653
862 1.9418125083790072
863 1.9418125083790072
864 1.9418125083790072
865 2.399351873400954
866 2.399351873400954
867 2.399351873400954
868 1.957664974163145
869 1.957664974163145
870 1.957664974163145
871 2.2988699246730104
872 2.2988699246730104
873 2.2988699246730104
874 2.2387457778559248
875 2.2387457778559248
876 2.2387457778559248
877 2.0346509744770143
878 2.0346509744770143
879 2.0346509744770143
880 2.215991073667336
881 2.215991073667336
882 2.215991073667336
883 1.9205174717107254
884 1.9205174717107254
885 1.9205174717107254
886 2.224106924472002
887 2.224106924472002
888 2.224106924472002
889 2.2528815837550544
890 2.2528815837550544
891 2.2528815837550544
892 2.138150533979248
893 2.138150533979248
894 2.138150533979248
895 2.3080904241741345
896 2.3080904241741345
897 2.3080904241741345
898 2.278129530383671
899 2.278129530383671
900 2.278129530383671
901 2.3451406635592855
902 2.3451406635592855
903 2.3451406635592855
904 1.8247241637016396
905 1.8247241637016396
906 1.8247241637016396
907 2.551431097132356
908 2.551431097132356
909 2.551431097132356
910 1.967544281837921
911 1.967544281837921
912 1.967544281837921
913 2.085286505956933
914 2.085286505956933
915 2.085286505956933
916 1.7164691593369104
917 1.7164691593369104
918 1.7164691593369104
919 2.1529885102166237
920 2.1529885102166237
921 2.1529885102166237
922 2.0229221344945714
923 2.0229221344945714
924 2.0229221344945714
925 2.1914845203278146
926 2.1914845203278146
927 2.1914845203278146
928 1.7893773954032564
929 1.7893773954032564
930 1.7893773954032564
931 1.960670495807342
932 1.960670495807342
933 1.960670495807342
934 1.985883531129196
935 1.985883531129196
936 1.985883531129196
937 1.9351965805418472
938 1.9351965805418472
939 1.9351965805418472
940 2.1599814840788443
941 2.1599814840788443
942 2.1599814840788443
943 2.16732091386773
944 2.16732091386773
945 2.16732091386773
946 1.9243982834364286
947 1.9243982834364286
948 1.9243982834364286
949 2.0900564181085914
950 2.0900564181085914
951 2.0900564181085914
952 1.8513350416844259
953 1.8513350416844259
954 1.8513350416844259
955 1.6094145029572824
956 1.6094145029572824
957 1.6094145029572824
958 2.2726149477171482
959 2.2726149477171482
960 2.2726149477171482
961 1.9065001193491597
962 1.9065001193491597
963 1.9065001193491597
964 1.6574918439444202
965 1.6574918439444202
966 1.6574918439444202
967 2.1973185783708704
968 2.1973185783708704
969 2.1973185783708704
970 1.9171676294904763
971 1.9171676294904763
972 1.9171676294904763
973 2.166432319625648
974 2.166432319625648
975 2.166432319625648
976 2.0816434589847135
977 2.0816434589847135
978 2.0816434589847135
979 2.344324202075957
980 2.344324202075957
981 2.344324202075957
982 2.143633287783102
983 2.143633287783102
984 2.143633287783102
985 1.6696770672966694
986 1.6696770672966694
987 1.6696770672966694
988 1.9085808522555632
989 1.9085808522555632
990 1.9085808522555632
991 2.32618723864464
992 2.32618723864464
993 2.32618723864464
994 1.90945628800589
995 1.90945628800589
996 1.90945628800589
997 1.7585371584246499
998 1.7585371584246499
999 1.7585371584246499
1000 2.133705906418475
1001 2.133705906418475
1002 2.133705906418475
1003 1.9051966471287205
1004 1.9051966471287205
1005 1.9051966471287205
1006 2.1475844506309794
1007 2.1475844506309794
1008 2.1475844506309794
1009 2.2679341639246027
1010 2.2679341639246027
1011 2.2679341639246027
1012 1.8082969413750067
1013 1.8082969413750067
1014 1.8082969413750067
1015 2.422409231891417
1016 2.422409231891417
1017 2.422409231891417
1018 2.152274877761671
1019 2.152274877761671
1020 2.152274877761671
1021 2.1380231451397895
1022 2.1380231451397895
1023 2.1380231451397895
1024 1.9249117950026702
1025 1.9249117950026702
1026 1.9249117950026702
1027 1.9282640975862453
1028 1.9282640975862453
1029 1.9282640975862453
1030 2.4050085892393285
1031 2.4050085892393285
1032 2.4050085892393285
1033 2.18873869332589
1034 2.18873869332589
1035 2.18873869332589
1036 2.050191102162028
1037 2.050191102162028
1038 2.050191102162028
1039 1.9969272849718447
1040 1.9969272849718447
1041 1.9969272849718447
1042 1.6934340753048764
1043 1.6934340753048764
1044 1.6934340753048764
1045 2.2018949318930052
1046 2.2018949318930052
1047 2.2018949318930052
1048 1.8014191918303033
1049 1.8014191918303033
1050 1.8014191918303033
1051 1.8291000644411217
1052 1.8291000644411217
1053 1.8291000644411217
1054 1.9550801831239812
1055 1.9550801831239812
1056 1.9550801831239812
1057 1.944128092148319
1058 1.944128092148319
1059 1.944128092148319
1060 1.9142786027588414
1061 1.9142786027588414
1062 1.9142786027588414
1063 2.049792978737329
1064 2.049792978737329
1065 2.049792978737329
1066 1.979754520045427
1067 1.979754520045427
1068 1.979754520045427
1069 1.9467599011531977
1070 1.9467599011531977
1071 1.9467599011531977
1072 1.930716029536468
1073 1.930716029536468
1074 1.930716029536468
1075 2.2916352854572897
1076 2.2916352854572897
1077 2.2916352854572897
1078 1.9341990958385584
1079 1.9341990958385584
1080 1.9341990958385584
1081 1.8911478589072854
1082 1.8911478589072854
1083 1.8911478589072854
1084 2.1367727857232532
1085 2.1367727857232532
1086 2.1367727857232532
1087 2.308180922628516
1088 2.308180922628516
1089 2.308180922628516
1090 2.137165251520733
1091 2.137165251520733
1092 2.137165251520733
1093 1.7643273334420924
1094 1.7643273334420924
1095 1.7643273334420924
1096 2.146569861634025
1097 2.146569861634025
1098 2.146569861634025
1099 2.1329586315765967
1100 2.1329586315765967
1101 2.1329586315765967
1102 2.160724942122443
1103 2.160724942122443
1104 2.160724942122443
1105 1.816209508593009
1106 1.816209508593009
1107 1.816209508593009
1108 1.6949947626173332
1109 1.6949947626173332
1110 1.6949947626173332
1111 1.8691758910975025
1112 1.8691758910975025
1113 1.8691758910975025
1114 1.9666849656519791
1115 1.9666849656519791
1116 1.9666849656519791
1117 2.063227838424473
1118 2.063227838424473
1119 2.063227838424473
1120 2.027387535303267
1121 2.027387535303267
1122 2.027387535303267
1123 1.9833484798355847
1124 1.9833484798355847
1125 1.9833484798355847
1126 1.891375094394416
1127 1.891375094394416
1128 1.891375094394416
1129 1.886666396147967
1130 1.886666396147967
1131 1.886666396147967
1132 1.9392897943501957
1133 1.9392897943501957
1134 1.9392897943501957
1135 1.9503072841449955
1136 1.9503072841449955
1137 1.9503072841449955
1138 1.7024654825082577
1139 1.7024654825082577
1140 1.7024654825082577
1141 2.4757300818653625
1142 2.4757300818653625
1143 2.4757300818653625
1144 2.262288316014031
1145 2.262288316014031
1146 2.262288316014031
1147 2.1394377064592365
1148 2.1394377064592365
1149 2.1394377064592365
1150 2.2683193424104915
1151 2.2683193424104915
1152 2.2683193424104915
1153 1.6857995027283703
1154 1.6857995027283703
1155 1.6857995027283703
1156 1.8039462746127655
1157 1.8039462746127655
1158 1.8039462746127655
1159 2.118105222086483
1160 2.118105222086483
1161 2.118105222086483
1162 2.219781858041893
1163 2.219781858041893
1164 2.219781858041893
1165 1.8273417962210479
1166 0.1650021759154286
1167 0.1650021759154286
1168 0.1650021759154286
1169 0.21776488784120734
1170 0.21776488784120734
1171 0.21776488784120734
1172 0.2117138757076224
1173 0.2117138757076224
1174 0.2117138757076224
1175 0.2182180682711867
1176 0.2182180682711867
1177 0.2182180682711867
1178 0.18936779632347817
1179 0.18936779632347817
1180 0.18936779632347817
1181 0.19145635088189542
1182 0.19145635088189542
1183 0.19145635088189542
1184 0.18798188968960877
1185 0.18798188968960877
1186 0.18798188968960877
1187 0.19028533121235136
1188 0.19028533121235136
1189 0.19028533121235136
1190 0.21924281123089742
1191 0.21924281123089742
1192 0.21924281123089742
1193 0.2062308638779269
1194 0.2062308638779269
1195 0.2062308638779269
1196 0.22212810612785355
1197 0.22212810612785355
1198 0.22212810612785355
1199 0.19246477803934106
1200 0.19246477803934106
1201 0.19246477803934106
1202 0.19315437260189697
1203 0.19315437260189697
1204 0.19315437260189697
1205 0.23119814800210892
1206 0.23119814800210892
1207 0.23119814800210892
1208 0.19675889782887301
1209 0.19675889782887301
1210 0.19675889782887301
1211 0.18221393611852915
1212 0.18221393611852915
1213 0.18221393611852915
1214 0.205101287364603
1215 0.205101287364603
1216 0.205101287364603
1217 0.22533926451528413
1218 0.22533926451528413
1219 0.22533926451528413
1220 0.18918732215914805
1221 0.18918732215914805
1222 0.18918732215914805
1223 0.20276881299183172
1224 0.20276881299183172
1225 0.20276881299183172
1226 0.21565579820853012
1227 0.21565579820853012
1228 0.21565579820853012
1229 0.1733433647809951
1230 0.1733433647809951
1231 0.1733433647809951
1232 0.21572029340554216
1233 0.21572029340554216
1234 0.21572029340554216
1235 0.21088149956853897
1236 0.21088149956853897
1237 0.21088149956853897
1238 0.24106525401823267
1239 0.24106525401823267
1240 0.24106525401823267
1241 0.18809292682237533
1242 0.18809292682237533
1243 0.18809292682237533
1244 0.22389910671490915
1245 0.22389910671490915
1246 0.22389910671490915
1247 0.18276022399712918
1248 0.18276022399712918
1249 0.18276022399712918
1250 0.2155562992461505
1251 0.2155562992461505
1252 2.504619856130408
1253 2.504619856130408
1254 2.504619856130408
1255 2.7427103101000876
1256 2.7427103101000876
1257 2.7427103101000876
1258 2.341326426660174
1259 2.341326426660174
1260 2.341326426660174
1261 2.598589706008293
1262 2.598589706008293
1263 2.598589706008293
1264 2.920458854377796
1265 2.920458854377796
1266 2.920458854377796
1267 2.1365890015717146
1268 2.1365890015717146
1269 2.1365890015717146
1270 2.2351718219013854
1271 2.2351718219013854
1272 2.2351718219013854
1273 2.8139316792386846
1274 2.8139316792386846
1275 2.8139316792386846
1276 2.6679568101485853
1277 2.6679568101485853
1278 2.6679568101485853
1279 2.3950004617673355
1280 2.3950004617673355
1281 2.3950004617673355
1282 2.331094432318586
1283 2.331094432318586
1284 2.331094432318586
1285 2.740494807012183
1286 2.740494807012183
1287 2.740494807012183
1288 2.466358250766499
1289 2.466358250766499
1290 2.466358250766499
1291 2.3240539787279535
1292 2.3240539787279535
1293 2.3240539787279535
1294 2.441667916521021
1295 2.441667916521021
1296 2.441667916521021
1297 2.431105786012103
1298 2.431105786012103
1299 2.431105786012103
1300 2.885713341225755
1301 2.885713341225755
1302 2.885713341225755
1303 2.2328323283371705
1304 2.2328323283371705
1305 2.2328323283371705
1306 2.658460884383042
1307 2.658460884383042
1308 2.658460884383042
1309 2.209962818512073
1310 2.209962818512073
1311 2.209962818512073
1312 2.3511474560473413
1313 2.3511474560473413
1314 2.3511474560473413
1315 2.6260872295912323
1316 2.6260872295912323
1317 2.6260872295912323
1318 2.3493733672135204
1319 2.3493733672135204
1320 2.3493733672135204
1321 2.6051341809465667
1322 2.6051341809465667
1323 2.6051341809465667
1324 2.5633815008023357
1325 2.5633815008023357
1326 2.5633815008023357
1327 2.618163970262914
1328 2.618163970262914
1329 0.6850725087384862
1330 0.6850725087384862
1331 0.6850725087384862
1332 0.581480956100941
1333 0.581480956100941
1334 0.581480956100941
1335 0.6437827609955457
1336 0.6437827609955457
1337 0.6437827609955457
1338 0.6191156515876177
1339 0.6191156515876177
1340 0.6191156515876177
1341 0.6336897505848667
1342 0.6336897505848667
1343 0.6336897505848667
1344 0.6839781768866656
1345 0.6839781768866656
1346 0.6839781768866656
1347 0.6275272431310819
1348 0.6275272431310819
1349 0.6275272431310819
1350 0.6949666187228374
1351 0.6949666187228374
1352 0.6949666187228374
1353 0.6601172872893858
1354 0.6601172872893858
1355 0.6601172872893858
1356 0.7127019553063717
1357 0.7127019553063717
1358 0.7127019553063717
1359 0.6699523514948093
1360 0.6699523514948093
1361 0.6699523514948093
1362 0.6623283285750403
1363 0.6623283285750403
1364 0.6623283285750403
1365 0.6237176223084439
1366 0.6237176223084439
1367 0.6237176223084439
1368 0.5954843574469694
1369 0.5954843574469694
1370 0.5954843574469694
1371 0.5974332005531378
1372 0.5974332005531378
1373 0.5974332005531378
1374 0.6943740120770955
1375 0.6943740120770955
1376 0.6943740120770955
1377 0.5714227845192248
1378 0.5714227845192248
1379 0.5714227845192248
1380 0.6291678642062049
1381 0.6291678642062049
1382 0.6291678642062049
1383 0.5535772552841471
1384 0.5535772552841471
1385 0.5535772552841471
1386 0.6114447583142597
1387 0.6114447583142597
1388 0.6114447583142597
1389 0.5606027718843184
1390 0.5606027718843184
1391 0.5606027718843184
1392 0.5003826930591736
1393 0.5003826930591736
1394 0.5003826930591736
1395 0.5482695878411828
1396 0.5482695878411828
1397 0.5482695878411828
1398 0.6231626840979243
1399 0.6231626840979243
1400 0.6231626840979243
1401 0.48752361045865744
1402 0.48752361045865744
1403 0.48752361045865744
1404 0.6632727767313839
1405 0.6632727767313839
1406 0.6632727767313839
1407 0.6126493327255487
1408 0.6126493327255487
1409 0.6126493327255487
1410 0.41610648147773555
1411 0.41610648147773555
1412 0.41610648147773555
1413 0.6478056305920876
1414 0.6478056305920876
1415 0.6478056305920876
1416 0.8097108170207484
1417 1.6685512097105382
1418 1.6685512097105382
1419 1.6685512097105382
1420 1.7101788062090504
1421 1.7101788062090504
1422 1.7101788062090504
1423 1.6286661356978922
1424 1.6286661356978922
1425 1.6286661356978922
1426 1.6236219832823602
1427 1.6236219832823602
1428 1.6236219832823602
1429 1.4958937688411427
1430 1.4958937688411427
1431 1.4958937688411427
1432 1.6607030967121967
1433 1.6607030967121967
1434 1.6607030967121967
1435 1.7249551803008403
1436 1.7249551803008403
1437 1.7249551803008403
1438 1.5753047545597478
1439 1.5753047545597478
1440 1.5753047545597478
1441 1.7789633465166808
1442 1.7789633465166808
1443 1.7789633465166808
1444 1.5848143190559039
1445 3.0168470953305753
1446 3.0168470953305753
1447 3.0168470953305753
1448 3.5424891298793755
1449 3.5424891298793755
1450 3.5424891298793755
1451 3.245129622652569
1452 3.245129622652569
1453 3.245129622652569
1454 3.088249119285075
1455 3.088249119285075
1456 3.088249119285075
1457 3.080054670172111
1458 3.080054670172111
1459 3.080054670172111
1460 3.525888409408871
1461 3.525888409408871
1462 3.525888409408871
1463 2.8598637955643533
1464 2.8598637955643533
1465 2.8598637955643533
1466 3.568809046901024
1467 3.568809046901024
1468 3.568809046901024
1469 3.48660725350648
1470 3.48660725350648
1471 3.48660725350648
1472 3.4611797539225986
1473 3.4611797539225986
1474 3.4611797539225986
1475 3.5421059423998895
1476 3.5421059423998895
1477 3.5421059423998895
1478 3.5119689512698518
1479 3.5119689512698518
1480 3.5119689512698518
1481 3.5261260395492164
1482 3.5261260395492164
1483 3.5261260395492164
1484 3.2845544608989363
1485 3.2845544608989363
1486 3.2845544608989363
1487 3.489047347733182
1488 3.489047347733182
1489 3.489047347733182
1490 3.0545569078567274
1491 3.0545569078567274
1492 3.0545569078567274
1493 3.583834749096295
1494 3.583834749096295
1495 3.583834749096295
1496 3.7969146423115285
1497 3.7969146423115285
1498 3.7969146423115285
1499 3.1599488907401927
1500 3.1599488907401927
1501 3.1599488907401927
1502 3.426904544742831
1503 3.426904544742831
1504 3.426904544742831
1505 3.39060378129236
1506 3.39060378129236
1507 3.39060378129236
1508 3.458894335909843
1509 3.458894335909843
1510 3.458894335909843
1511 3.380861584678741
1512 3.380861584678741
1513 3.380861584678741
1514 3.5359859443511485
1515 3.5359859443511485
1516 3.5359859443511485
1517 3.4528991046362694
1518 3.4528991046362694
1519 3.4528991046362694
1520 3.0728979386357596
1521 3.0728979386357596
1522 3.0728979386357596
1523 3.654626994523909
1524 3.654626994523909
1525 3.654626994523909
1526 3.292184230910169
1527 3.292184230910169
1528 3.292184230910169
1529 3.664943588641627
1530 3.664943588641627
1531 3.664943588641627
1532 3.6290135019889647
1533 3.6290135019889647
1534 3.6290135019889647
1535 3.650864006984082
1536 3.650864006984082
1537 3.650864006984082
1538 4.012262986148129
1539 4.012262986148129
1540 4.012262986148129
1541 3.6516915561025787
1542 3.6516915561025787
1543 3.6516915561025787
1544 3.4090482276497807
1545 3.4090482276497807
1546 3.4090482276497807
1547 3.0093818712710623
1548 3.0093818712710623
1549 3.0093818712710623
1550 3.409892976014009
1551 3.409892976014009
1552 3.409892976014009
1553 3.462326041711694
1554 3.462326041711694
1555 3.462326041711694
1556 3.6451910285912423
1557 3.6451910285912423
1558 3.6451910285912423
1559 3.238346753275938
1560 3.238346753275938
1561 3.238346753275938
1562 2.9555990033646573
1563 2.9555990033646573
1564 2.9555990033646573
1565 3.3669019746691737
1566 3.3669019746691737
1567 3.3669019746691737
1568 3.7101517003711173
1569 3.7101517003711173
1570 3.7101517003711173
1571 3.6498172017515507
1572 3.6498172017515507
1573 3.6498172017515507
1574 3.123672238292209
1575 3.123672238292209
1576 3.123672238292209
1577 3.7260590101738678
1578 3.7260590101738678
1579 3.7260590101738678
1580 3.821444695749547
1581 3.821444695749547
1582 3.821444695749547
1583 3.1145929843592954
1584 3.1145929843592954
1585 3.1145929843592954
1586 3.015459672193943
1587 3.015459672193943
1588 3.015459672193943
1589 3.564149254351522
1590 3.564149254351522
1591 3.564149254351522
1592 3.198572970437319
1593 3.198572970437319
1594 3.198572970437319
1595 2.801297625434703
1596 0.6670050046371906
1597 0.6670050046371906
1598 0.6670050046371906
1599 0.6809657726259362
1600 0.6809657726259362
1601 0.6809657726259362
1602 0.6481082270271136
1603 0.6481082270271136
1604 0.6481082270271136
1605 0.7179184032375487
1606 0.7179184032375487
1607 0.7179184032375487
1608 0.6396904123179868
1609 0.6396904123179868
1610 0.6396904123179868
1611 0.7483404312122609
1612 0.7483404312122609
1613 0.7483404312122609
1614 0.5710886094957331
1615 0.5710886094957331
1616 0.5710886094957331
1617 0.7508228670656155
1618 0.7508228670656155
1619 0.7508228670656155
1620 0.5471460941523643
1621 0.5471460941523643
1622 0.5471460941523643
1623 0.7663011226380039
1624 0.7663011226380039
1625 0.7663011226380039
1626 0.5707214007463658
1627 0.5707214007463658
1628 0.5707214007463658
1629 0.6509235588091183
1630 0.6509235588091183
1631 0.6509235588091183
1632 0.7935317083138997
1633 0.7935317083138997
1634 0.7935317083138997
1635 0.5879886638642826
1636 0.5879886638642826
1637 0.5879886638642826
1638 0.6632604273889556
1639 0.6632604273889556
1640 0.6632604273889556
1641 0.6054554324631086
1642 0.6054554324631086
1643 0.6054554324631086
1644 0.5173331356214224
1645 0.5173331356214224
1646 0.5173331356214224
1647 0.6229522069951644
1648 0.6229522069951644
1649 0.6229522069951644
1650 0.5637202024115467
1651 0.5637202024115467
1652 0.5637202024115467
1653 0.6382388487908781
1654 0.6382388487908781
1655 0.6382388487908781
1656 0.7282779547103012
1657 0.7282779547103012
1658 0.7282779547103012
1659 0.5729466979831304
1660 0.5729466979831304
1661 0.5729466979831304
1662 0.7872220423247811
1663 0.7872220423247811
1664 0.7872220423247811
1665 0.5814897020346541
1666 0.5814897020346541
1667 0.5814897020346541
1668 0.5202448126427859
1669 0.5202448126427859
1670 0.5202448126427859
1671 0.5530182553934481
1672 0.5530182553934481
1673 0.5530182553934481
1674 0.7272721581771496
1675 0.7272721581771496
1676 1.9668307325678465
1677 1.9668307325678465
1678 1.9668307325678465
1679 1.970448573879086
1680 1.970448573879086
1681 1.970448573879086
1682 1.9769557012885235
1683 1.9769557012885235
1684 1.9769557012885235
1685 1.8535376674795263
1686 1.8535376674795263
1687 1.8535376674795263
1688 2.2403667795645985
1689 2.2403667795645985
1690 2.2403667795645985
1691 2.348505222866874
1692 2.348505222866874
1693 2.348505222866874
1694 2.160365282000364
1695 2.160365282000364
1696 2.160365282000364
1697 1.9765490974942699
1698 1.9765490974942699
1699 1.9765490974942699
1700 2.462471307925406
1701 2.462471307925406
1702 2.462471307925406
1703 2.0893534046980995
1704 2.0893534046980995
1705 2.0893534046980995
1706 2.141522284572846
1707 2.141522284572846
1708 2.141522284572846
1709 1.8564589422487865
1710 1.8564589422487865
1711 1.8564589422487865
1712 2.3760405169323575
1713 2.3760405169323575
1714 2.3760405169323575
1715 2.045058212339705
1716 2.045058212339705
1717 2.045058212339705
1718 2.426136964451798
1719 2.426136964451798
1720 2.426136964451798
1721 1.7903677680694303
1722 1.7903677680694303
1723 1.7903677680694303
1724 2.0470709864589005
1725 2.0470709864589005
1726 2.0470709864589005
1727 2.1231537681377097
1728 2.1231537681377097
1729 2.1231537681377097
1730 2.236015042532949
1731 2.236015042532949
1732 2.236015042532949
1733 2.207527496281748
1734 2.207527496281748
1735 2.207527496281748
1736 1.8056506571054292
1737 1.8056506571054292
1738 1.8056506571054292
1739 2.214590025131374
1740 2.214590025131374
1741 2.214590025131374
1742 2.2255022095060015
1743 2.2255022095060015
1744 2.2255022095060015
1745 1.9055522411512005
1746 1.9055522411512005
1747 1.9055522411512005
1748 2.3076575561619457
1749 2.3076575561619457
1750 2.3076575561619457
1751 1.852222041528961
1752 1.852222041528961
1753 1.852222041528961
1754 2.002728404163194
1755 2.002728404163194
1756 2.002728404163194
1757 2.1091450214115297
1758 2.1091450214115297
1759 2.1091450214115297
1760 1.8998149089235523
1761 1.8998149089235523
1762 1.8998149089235523
1763 2.391778605022937
1764 2.391778605022937
1765 2.391778605022937
1766 2.4502822037362697
1767 2.4502822037362697
1768 2.4502822037362697
1769 2.084645753022432
1770 2.084645753022432
1771 2.084645753022432
1772 2.2490754112664164
1773 2.2490754112664164
1774 2.2490754112664164
1775 2.0737869098676396
1776 2.0737869098676396
1777 2.0737869098676396
1778 2.1152568428277934
1779 2.1152568428277934
1780 2.1152568428277934
1781 1.8773550968643993
1782 1.8773550968643993
1783 1.8773550968643993
1784 1.9867381380085527
1785 1.9867381380085527
1786 1.9867381380085527
1787 2.256261052614624
1788 2.256261052614624
1789 2.256261052614624
1790 1.9957107841765063
1791 1.9957107841765063
1792 1.9957107841765063
1793 1.6896887527548723
1794 1.6896887527548723
1795 1.6896887527548723
1796 2.078817130961538
1797 2.078817130961538
1798 2.078817130961538
1799 2.154182473907692
1800 2.154182473907692
1801 2.154182473907692
1802 2.050893894318589
1803 2.050893894318589
1804 2.050893894318589
1805 1.677757146417925
1806 1.677757146417925
1807 1.677757146417925
1808 1.7181865683953972
1809 1.7181865683953972
1810 1.7181865683953972
1811 1.7621838467062558
1812 1.7621838467062558
1813 1.7621838467062558
1814 2.176670763456246
1815 2.176670763456246
1816 2.176670763456246
1817 2.2800838866117834
1818 2.2800838866117834
1819 2.2800838866117834
1820 2.1726020248226114
1821 2.1726020248226114
1822 2.1726020248226114
1823 1.779843945527709
1824 1.779843945527709
1825 1.779843945527709
1826 2.215472404722803
1827 2.215472404722803
1828 2.215472404722803
1829 2.123939291986841
1830 2.123939291986841
1831 2.123939291986841
1832 2.0399323798028433
1833 2.0399323798028433
1834 2.0399323798028433
1835 1.573402604845779
1836 1.573402604845779
1837 1.573402604845779
1838 1.7255754614066348
1839 1.7255754614066348
1840 1.7255754614066348
1841 1.7406781693187547
1842 1.7406781693187547
1843 1.7406781693187547
1844 2.1441531665228
1845 2.1441531665228
1846 2.1441531665228
1847 1.9426003853392897
1848 1.9426003853392897
1849 1.9426003853392897
1850 2.0034880732642546
1851 2.0034880732642546
1852 2.0034880732642546
1853 1.807641393468705
1854 1.807641393468705
1855 1.807641393468705
1856 2.3252334463439284
1857 2.3252334463439284
1858 2.3252334463439284
1859 1.9059470192660106
1860 1.9059470192660106
1861 1.9059470192660106
1862 2.2095920064235774
1863 2.2095920064235774
1864 2.2095920064235774
1865 1.8982118635891914
1866 1.8982118635891914
1867 1.8982118635891914
1868 1.979862406217244
1869 1.979862406217244
1870 1.979862406217244
1871 2.179525542560148
1872 2.179525542560148
1873 2.179525542560148
1874 1.6841774581449171
1875 1.6841774581449171
1876 1.6841774581449171
1877 2.1320319633212774
1878 2.1320319633212774
1879 2.1320319633212774
1880 1.9495586727637997
1881 1.9495586727637997
1882 1.9495586727637997
1883 2.3601096394546284
1884 2.3601096394546284
1885 2.3601096394546284
1886 1.9499640402489715
1887 1.9499640402489715
1888 1.9499640402489715
1889 1.9046307777156077
1890 1.9046307777156077
1891 1.9046307777156077
1892 2.1209911604016636
1893 2.1209911604016636
1894 2.1209911604016636
1895 1.8974458299329553
1896 1.8974458299329553
1897 1.8974458299329553
1898 2.0269859943482658
1899 2.0269859943482658
1900 2.0269859943482658
1901 1.9901973820495917
1902 1.9901973820495917
1903 1.9901973820495917
1904 1.9638918128805973
1905 1.9638918128805973
1906 1.9638918128805973
1907 2.207637390219671
1908 2.207637390219671
1909 2.207637390219671
1910 2.461405981460916
1911 2.461405981460916
1912 2.461405981460916
1913 1.9135706771849335
1914 2.825618809664393
1915 2.825618809664393
1916 2.825618809664393
1917 2.5339496830409187
1918 2.5339496830409187
1919 2.5339496830409187
1920 2.693979520554785
1921 2.693979520554785
1922 2.693979520554785
1923 2.2559780587626332
1924 2.2559780587626332
1925 2.2559780587626332
1926 2.272594771587969
1927 2.272594771587969
1928 2.272594771587969
1929 2.037693846866372
1930 2.037693846866372
1931 2.037693846866372
1932 2.762789716857881
1933 2.762789716857881
1934 2.762789716857881
1935 2.6031431832500798
1936 2.6031431832500798
1937 2.6031431832500798
1938 2.683031669846081
1939 2.683031669846081
1940 2.683031669846081
1941 2.2187821170123367
1942 2.2187821170123367
1943 2.2187821170123367
1944 2.702352898532211
1945 2.702352898532211
1946 2.702352898532211
1947 2.3046860720154134
1948 2.3046860720154134
1949 2.3046860720154134
1950 2.6809739414867666
1951 2.6809739414867666
1952 2.6809739414867666
1953 2.3226659727830783
1954 2.3226659727830783
1955 2.3226659727830783
1956 2.853723642303114
1957 2.853723642303114
1958 2.853723642303114
1959 0.5171442944837019
1960 0.5171442944837019
1961 0.5171442944837019
1962 0.6339785886366546
1963 0.6339785886366546
1964 0.6339785886366546
1965 0.6715907493325373
1966 0.6715907493325373
1967 0.6715907493325373
1968 0.6909398523071512
1969 0.6909398523071512
1970 0.6909398523071512
1971 0.6692677332179572
1972 0.6692677332179572
1973 0.6692677332179572
1974 0.5605609921612722
1975 0.5605609921612722
1976 0.5605609921612722
1977 0.6972661084775732
1978 0.6972661084775732
1979 0.6972661084775732
1980 0.7684464227669572
1981 0.7684464227669572
1982 0.7684464227669572
1983 0.5562215329670359
1984 0.5562215329670359
1985 0.5562215329670359
1986 0.6934128826466912
1987 0.6934128826466912
1988 0.6934128826466912
1989 0.6225466557494149
1990 0.6225466557494149
1991 0.6225466557494149
1992 0.5907548062887161
1993 1.9948073031505993
1994 1.9948073031505993
1995 1.9948073031505993
1996 2.0018557622928466
1997 2.0018557622928466
1998 2.0018557622928466
1999 2.241028503466628
