0 1.9690983964382938
1 1.9690983964382938
2 1.9690983964382938
3 1.9690983964382938
4 1.9690983964382938
5 1.9770824728568852
6 1.9770824728568852
7 1.9770824728568852
8 1.9770824728568852
9 1.9770824728568852
10 1.7934579876791834
11 1.7934579876791834
12 1.7934579876791834
13 1.7934579876791834
14 1.7934579876791834
15 1.9767649269227092
16 1.9767649269227092
17 1.9767649269227092
18 1.9767649269227092
19 1.9767649269227092
20 2.0072776241214827
21 0.6665669643589289
22 0.6665669643589289
23 0.6665669643589289
24 0.6665669643589289
25 0.6665669643589289
26 0.713897815180217
27 0.713897815180217
28 0.713897815180217
29 0.713897815180217
30 0.713897815180217
31 0.5746129949221945
32 0.5746129949221945
33 0.5746129949221945
34 0.5746129949221945
35 0.5746129949221945
36 2.9175088289672666
37 2.9175088289672666
38 2.9175088289672666
39 2.9175088289672666
40 2.9175088289672666
41 3.180533912446053
42 3.180533912446053
43 3.180533912446053
44 3.180533912446053
45 3.180533912446053
46 3.11813053754317
47 3.11813053754317
48 3.11813053754317
49 3.11813053754317
50 3.11813053754317
51 3.031565852980476
52 3.031565852980476
53 3.031565852980476
54 3.031565852980476
55 3.031565852980476
56 3.122334182560629
57 3.122334182560629
58 3.122334182560629
59 3.122334182560629
60 3.122334182560629
61 2.967198632534447
62 2.967198632534447
63 2.967198632534447
64 2.967198632534447
65 2.967198632534447
66 2.8825536351698693
67 2.8825536351698693
68 2.8825536351698693
69 2.033363551091122
70 2.033363551091122
71 2.033363551091122
72 2.033363551091122
73 2.033363551091122
74 2.0756708887868704
75 2.0756708887868704
76 2.0756708887868704
77 2.0756708887868704
78 2.0756708887868704
79 2.178312305437696
80 2.178312305437696
81 2.178312305437696
82 2.178312305437696
83 2.178312305437696
84 2.0103699245670286
85 2.0103699245670286
86 2.0103699245670286
87 2.0103699245670286
88 2.0103699245670286
89 1.987290261496494
90 1.987290261496494
91 1.987290261496494
92 1.987290261496494
93 1.987290261496494
94 1.9474607458933242
95 1.9474607458933242
96 1.9474607458933242
97 1.9474607458933242
98 1.9474607458933242
99 2.162462379061032
100 2.162462379061032
101 2.162462379061032
102 2.162462379061032
103 2.162462379061032
104 2.031272860523617
105 2.031272860523617
106 2.031272860523617
107 2.031272860523617
108 2.031272860523617
109 2.0232478528991433
110 2.0232478528991433
111 2.0232478528991433
112 2.0232478528991433
113 2.0232478528991433
114 2.125736835983505
115 2.125736835983505
116 2.125736835983505
117 2.125736835983505
118 1.413080406037326
119 1.413080406037326
120 3.6941688861813065
121 3.6941688861813065
122 3.6941688861813065
123 3.6941688861813065
124 3.6941688861813065
125 3.609557079441613
126 3.609557079441613
127 3.609557079441613
128 3.609557079441613
129 3.609557079441613
130 3.146932343570364
131 3.146932343570364
132 3.146932343570364
133 3.146932343570364
134 0.6091625707065056
135 0.6091625707065056
136 0.6091625707065056
137 0.6091625707065056
138 0.6091625707065056
139 0.6669019882891827
140 0.6669019882891827
141 0.6669019882891827
142 0.6669019882891827
143 0.6669019882891827
144 0.7135729201852805
145 0.7135729201852805
146 0.7135729201852805
147 0.7135729201852805
148 0.7135729201852805
149 0.6573990192943943
150 0.6573990192943943
151 0.6573990192943943
152 0.6573990192943943
153 0.6573990192943943
154 0.6785772430007881
155 0.6785772430007881
156 0.6785772430007881
157 0.6785772430007881
158 0.6785772430007881
159 0.5800356897343525
160 0.5800356897343525
161 1.4629321132154725
162 1.4629321132154725
163 1.4629321132154725
164 1.4629321132154725
165 1.4629321132154725
166 0.18966164372787966
167 0.18966164372787966
168 0.18966164372787966
169 0.18966164372787966
170 0.18966164372787966
171 0.1893020875139193
172 0.1893020875139193
173 0.1893020875139193
174 0.1893020875139193
175 0.1893020875139193
176 1.1011551756378817
177 1.1011551756378817
178 1.1011551756378817
179 1.1011551756378817
180 1.1011551756378817
181 1.0911675355508157
182 1.0911675355508157
183 1.0911675355508157
184 1.0911675355508157
185 1.0911675355508157
186 1.136576113876353
187 1.136576113876353
188 1.136576113876353
189 1.136576113876353
190 1.136576113876353
191 1.0644486390795453
192 1.0644486390795453
193 1.0644486390795453
194 1.0644486390795453
195 1.0644486390795453
196 1.2244149325166107
197 1.2244149325166107
198 1.2244149325166107
199 1.2244149325166107
200 1.2244149325166107
201 1.1198917748348753
202 1.1198917748348753
203 1.1198917748348753
204 1.1198917748348753
205 1.1198917748348753
206 1.1466069061991608
207 1.1466069061991608
208 1.1466069061991608
209 1.1466069061991608
210 1.1466069061991608
211 1.0151776612417616
212 3.1014657433395687
213 3.1014657433395687
214 3.1014657433395687
215 3.1014657433395687
216 0.6108254172808155
217 0.6108254172808155
218 0.6108254172808155
219 0.6108254172808155
220 0.6108254172808155
221 0.6121423345291696
222 0.6121423345291696
223 0.6121423345291696
224 0.6121423345291696
225 0.6121423345291696
226 0.5877801174358174
227 0.5877801174358174
228 0.5877801174358174
229 0.5877801174358174
230 0.5877801174358174
231 0.6965550022775779
232 0.6965550022775779
233 0.6965550022775779
234 0.6965550022775779
235 0.6965550022775779
236 0.7222294770175238
237 0.7222294770175238
238 0.7222294770175238
239 0.7222294770175238
240 0.7222294770175238
241 0.6395502627133381
242 3.167167625828134
243 3.167167625828134
244 3.167167625828134
245 3.167167625828134
246 3.167167625828134
247 3.366410488350241
248 3.366410488350241
249 3.366410488350241
250 1.1214836810642828
251 1.1214836810642828
252 1.1214836810642828
253 1.1214836810642828
254 1.1214836810642828
255 1.1383744784754626
256 3.4276355828656193
257 3.4276355828656193
258 3.4276355828656193
259 3.4276355828656193
260 3.4276355828656193
261 3.9775620879537126
262 3.9775620879537126
263 3.9775620879537126
264 3.9775620879537126
265 3.9775620879537126
266 3.930627529799997
267 3.930627529799997
268 3.930627529799997
269 3.930627529799997
270 3.930627529799997
271 3.8822552438582196
272 3.8822552438582196
273 3.8822552438582196
274 3.8822552438582196
275 3.8822552438582196
276 4.286540734014509
277 4.286540734014509
278 4.286540734014509
279 4.286540734014509
280 4.286540734014509
281 3.8815861904548274
282 3.8815861904548274
283 3.8815861904548274
284 3.8815861904548274
285 3.8815861904548274
286 3.775879159548788
287 4.495386704402839
288 4.495386704402839
289 4.495386704402839
290 4.495386704402839
291 4.495386704402839
292 4.004930140801845
293 4.004930140801845
294 3.4238275352987784
295 3.4238275352987784
296 3.4238275352987784
297 3.4238275352987784
298 3.4238275352987784
299 3.517523765629857
300 3.517523765629857
301 3.517523765629857
302 3.517523765629857
303 2.526759549457943
304 2.526759549457943
305 2.526759549457943
306 2.526759549457943
307 2.526759549457943
308 2.5059005584899703
309 2.5059005584899703
310 2.5059005584899703
311 2.5059005584899703
312 2.5059005584899703
313 2.4749454404560547
314 2.4749454404560547
315 2.4749454404560547
316 2.4749454404560547
317 2.4749454404560547
318 2.6809399026069265
319 2.6809399026069265
320 2.6809399026069265
321 2.6809399026069265
322 2.6809399026069265
323 2.5637500168097818
324 2.5637500168097818
325 2.5637500168097818
326 3.953404763066757
327 3.953404763066757
328 3.953404763066757
329 3.953404763066757
330 3.953404763066757
331 4.186657008120171
332 4.186657008120171
333 4.186657008120171
334 4.186657008120171
335 4.186657008120171
336 4.144142018977748
337 4.144142018977748
338 4.144142018977748
339 4.144142018977748
340 4.144142018977748
341 4.589177265562301
342 4.589177265562301
343 4.589177265562301
344 4.589177265562301
345 4.589177265562301
346 4.569421062408538
347 4.569421062408538
348 4.569421062408538
349 4.569421062408538
350 4.569421062408538
351 4.484772952260891
352 4.484772952260891
353 4.484772952260891
354 4.484772952260891
355 4.484772952260891
356 4.655306165039308
357 4.655306165039308
358 4.655306165039308
359 4.655306165039308
360 4.655306165039308
361 4.273235757184689
362 4.273235757184689
363 4.273235757184689
364 4.273235757184689
365 4.273235757184689
366 4.166025303284925
367 4.166025303284925
368 4.166025303284925
369 4.166025303284925
370 4.166025303284925
371 4.248605101823089
372 4.248605101823089
373 4.248605101823089
374 4.248605101823089
375 4.248605101823089
376 4.322872758764901
377 4.322872758764901
378 4.322872758764901
379 4.322872758764901
380 4.322872758764901
381 4.451294794134096
382 4.451294794134096
383 4.451294794134096
384 4.451294794134096
385 4.451294794134096
386 4.223037429518587
387 4.223037429518587
388 4.223037429518587
389 4.223037429518587
390 4.223037429518587
391 4.384960713306117
392 4.384960713306117
393 4.384960713306117
394 4.384960713306117
395 4.384960713306117
396 4.569331232441193
397 4.569331232441193
398 4.569331232441193
399 4.569331232441193
400 4.569331232441193
401 4.364391384580779
402 4.364391384580779
403 4.364391384580779
404 4.364391384580779
405 3.562414155785403
406 3.562414155785403
407 3.562414155785403
408 3.562414155785403
409 3.562414155785403
410 3.948940688420145
411 3.948940688420145
412 3.948940688420145
413 3.948940688420145
414 3.948940688420145
415 3.935624198181919
416 3.935624198181919
417 3.935624198181919
418 3.935624198181919
419 3.935624198181919
420 3.7919805568254925
421 3.7919805568254925
422 3.7919805568254925
423 3.7919805568254925
424 3.7919805568254925
425 4.011531929412024
426 4.011531929412024
427 4.011531929412024
428 4.011531929412024
429 4.011531929412024
430 4.066071740246162
431 4.066071740246162
432 4.066071740246162
433 4.066071740246162
434 4.066071740246162
435 3.882298825658297
436 3.882298825658297
437 3.882298825658297
438 3.882298825658297
439 3.882298825658297
440 4.008440279051783
441 4.008440279051783
442 4.008440279051783
443 4.008440279051783
444 4.008440279051783
445 3.6979076074655985
446 3.6979076074655985
447 3.6979076074655985
448 3.6979076074655985
449 3.6979076074655985
450 4.170341507068235
451 4.170341507068235
452 0.6952245253055632
453 0.6952245253055632
454 0.6952245253055632
455 0.6952245253055632
456 0.6952245253055632
457 0.680109793879697
458 0.680109793879697
459 0.680109793879697
460 0.680109793879697
461 0.680109793879697
462 0.6100361651350116
463 0.6100361651350116
464 0.6100361651350116
465 0.6100361651350116
466 0.6100361651350116
467 0.6558874809174199
468 0.6558874809174199
469 0.6558874809174199
470 3.066206277777877
471 3.066206277777877
472 3.066206277777877
473 3.066206277777877
474 3.066206277777877
475 2.812275538507054
476 2.812275538507054
477 2.812275538507054
478 2.812275538507054
479 0.6674850275627102
480 0.6674850275627102
481 0.6674850275627102
482 0.6674850275627102
483 0.6674850275627102
484 0.6059739317385457
485 0.6059739317385457
486 0.6059739317385457
487 0.6059739317385457
488 0.6059739317385457
489 0.6686773517071598
490 0.6686773517071598
491 0.6686773517071598
492 1.9553260948230349
493 1.9553260948230349
494 1.9553260948230349
495 1.9553260948230349
496 1.9553260948230349
497 2.1608437630651465
498 2.1608437630651465
499 2.1608437630651465
500 2.1608437630651465
501 2.1608437630651465
502 1.887636454855064
503 1.887636454855064
504 1.887636454855064
505 1.887636454855064
506 1.887636454855064
507 1.8264590753151388
508 1.8264590753151388
509 1.8264590753151388
510 1.8264590753151388
511 1.8264590753151388
512 2.0596218967779842
513 2.0596218967779842
514 2.0596218967779842
515 0.6729526974619096
516 0.6729526974619096
517 0.6729526974619096
518 0.6729526974619096
519 1.5484066383512451
520 1.5484066383512451
521 1.5484066383512451
522 1.5484066383512451
523 1.5484066383512451
524 1.469086929916476
525 2.191448618096885
526 2.191448618096885
527 2.191448618096885
528 2.191448618096885
529 2.191448618096885
530 2.5992272848812603
531 2.5992272848812603
532 2.5992272848812603
533 2.5992272848812603
534 2.5992272848812603
535 2.61341006572131
536 2.61341006572131
537 3.001544440085905
538 1.1527217119363091
539 1.1527217119363091
540 1.1527217119363091
541 0.6274948505067988
542 0.6274948505067988
543 0.6274948505067988
544 0.6274948505067988
545 0.6274948505067988
546 0.67264778842285
547 0.67264778842285
548 0.67264778842285
549 0.67264778842285
550 0.67264778842285
551 0.705144552294822
552 0.705144552294822
553 0.705144552294822
554 0.705144552294822
555 0.705144552294822
556 0.6577450921338307
557 0.6577450921338307
558 0.6577450921338307
559 0.6577450921338307
560 0.6577450921338307
561 0.7240080722472042
562 0.7240080722472042
563 0.7240080722472042
564 0.7240080722472042
565 0.7240080722472042
566 0.7166462213229047
567 0.7166462213229047
568 0.7166462213229047
569 0.7166462213229047
570 0.7166462213229047
571 0.6681063119079976
572 1.5394802745413625
573 1.5394802745413625
574 1.5394802745413625
575 1.5394802745413625
576 1.5394802745413625
577 1.513224657883499
578 1.513224657883499
579 1.513224657883499
580 1.513224657883499
581 1.513224657883499
582 1.3675798008544302
583 1.3675798008544302
584 1.3675798008544302
585 1.3675798008544302
586 1.3675798008544302
587 1.4368433893662291
588 1.4368433893662291
589 1.4368433893662291
590 1.4368433893662291
591 1.4368433893662291
592 1.5953361290044967
593 1.5953361290044967
594 1.5953361290044967
595 1.5953361290044967
596 2.501095847182808
597 2.501095847182808
598 2.501095847182808
599 2.501095847182808
600 2.501095847182808
601 2.4477916525390797
602 2.4477916525390797
603 2.4477916525390797
604 3.2974755618461997
605 3.2974755618461997
606 3.2974755618461997
607 3.2974755618461997
608 3.2974755618461997
609 3.5874774344256903
610 3.5874774344256903
611 3.5874774344256903
612 3.5874774344256903
613 3.5874774344256903
614 3.340729199970517
615 3.340729199970517
616 3.340729199970517
617 3.340729199970517
618 3.340729199970517
619 3.522685203253337
620 3.522685203253337
621 3.522685203253337
622 3.522685203253337
623 3.522685203253337
624 3.0956901214463843
625 3.0956901214463843
626 3.0956901214463843
627 3.0956901214463843
628 3.0956901214463843
629 3.4412412045738017
630 3.4412412045738017
631 3.4412412045738017
632 3.4412412045738017
633 3.4412412045738017
634 3.145168642826078
635 3.145168642826078
636 3.145168642826078
637 3.145168642826078
638 3.145168642826078
639 3.726612211974465
640 3.726612211974465
641 3.726612211974465
642 3.726612211974465
643 3.726612211974465
644 3.6971900592938693
645 3.6971900592938693
646 1.5709590702475984
647 1.5709590702475984
648 1.5709590702475984
649 1.5709590702475984
650 1.5709590702475984
651 2.306953518758766
652 2.306953518758766
653 2.306953518758766
654 2.306953518758766
655 2.306953518758766
656 2.5182700929826343
657 3.9345251922637585
658 3.9345251922637585
659 3.9345251922637585
660 3.9345251922637585
661 0.657137231930823
662 0.657137231930823
663 0.657137231930823
664 0.657137231930823
665 0.657137231930823
666 0.6625646372230971
667 0.6625646372230971
668 0.6625646372230971
669 0.6625646372230971
670 0.6625646372230971
671 0.5999004906811005
672 0.5999004906811005
673 0.5999004906811005
674 0.5999004906811005
675 0.5999004906811005
676 0.6462503580954334
677 0.6462503580954334
678 0.6462503580954334
679 0.6462503580954334
680 0.6462503580954334
681 0.641403369206178
682 0.641403369206178
683 0.641403369206178
684 0.641403369206178
685 0.641403369206178
686 0.6933813511859894
687 0.6933813511859894
688 0.6933813511859894
689 0.6933813511859894
690 0.6933813511859894
691 0.649252773439734
692 0.649252773439734
693 0.649252773439734
694 0.649252773439734
695 0.649252773439734
696 0.6853323302231381
697 0.6853323302231381
698 0.6853323302231381
699 0.6853323302231381
700 0.6853323302231381
701 0.6098677821164394
702 0.6098677821164394
703 0.6098677821164394
704 0.6098677821164394
705 0.6098677821164394
706 0.700466097502712
707 0.700466097502712
708 0.700466097502712
709 0.700466097502712
710 0.700466097502712
711 0.699596235685751
712 0.699596235685751
713 0.699596235685751
714 0.699596235685751
715 0.699596235685751
716 0.6749532017835188
717 0.6749532017835188
718 0.6749532017835188
719 0.6749532017835188
720 0.6749532017835188
721 0.6685462003353876
722 0.6685462003353876
723 0.6685462003353876
724 0.6685462003353876
725 0.6685462003353876
726 0.6490045031935711
727 0.6490045031935711
728 0.6490045031935711
729 0.6490045031935711
730 0.6490045031935711
731 0.650060574358872
732 0.650060574358872
733 0.650060574358872
734 0.650060574358872
735 0.650060574358872
736 0.6498462688864921
737 0.6498462688864921
738 1.9791202801560828
739 1.9791202801560828
740 1.9791202801560828
741 1.9791202801560828
742 1.9791202801560828
743 2.0416718403573637
744 2.0416718403573637
745 2.0416718403573637
746 2.0416718403573637
747 2.0416718403573637
748 2.114968669890605
749 2.114968669890605
750 2.114968669890605
751 2.114968669890605
752 0.19431495751109212
753 0.19431495751109212
754 0.19431495751109212
755 0.19431495751109212
756 0.19431495751109212
757 0.2282136149973355
758 0.2282136149973355
759 0.2282136149973355
760 0.2282136149973355
761 0.2282136149973355
762 0.20601398003979884
763 0.20601398003979884
764 0.20601398003979884
765 0.20601398003979884
766 0.20601398003979884
767 0.17929848687104044
768 0.17929848687104044
769 0.17929848687104044
770 0.17929848687104044
771 0.17929848687104044
772 0.2181170514038233
773 0.2181170514038233
774 0.2181170514038233
775 0.2181170514038233
776 0.2181170514038233
777 0.21730535900342532
778 0.21730535900342532
779 0.21730535900342532
780 0.21730535900342532
781 0.21730535900342532
782 0.2037763648934318
783 0.2037763648934318
784 0.2037763648934318
785 0.2037763648934318
786 0.2037763648934318
787 0.19249871046144804
788 0.19249871046144804
789 0.19249871046144804
790 0.19249871046144804
791 0.19249871046144804
792 0.20710937840505006
793 0.20710937840505006
794 0.20710937840505006
795 0.20710937840505006
796 0.20710937840505006
797 3.482460770554882
798 3.482460770554882
799 3.482460770554882
800 3.482460770554882
801 3.482460770554882
802 1.5868827726575778
803 1.5868827726575778
804 1.5868827726575778
805 1.5868827726575778
806 1.5868827726575778
807 1.6880512092811581
808 1.6880512092811581
809 1.6880512092811581
810 1.6880512092811581
811 1.6880512092811581
812 1.763505924023763
813 1.763505924023763
814 1.763505924023763
815 3.4775590709699262
816 3.4775590709699262
817 3.4775590709699262
818 3.4775590709699262
819 3.4775590709699262
820 3.0841768668929785
821 3.0841768668929785
822 3.0841768668929785
823 3.0841768668929785
824 3.0841768668929785
825 3.4272229519427935
826 3.4272229519427935
827 3.4272229519427935
828 3.4272229519427935
829 3.4272229519427935
830 3.171713806644793
831 3.171713806644793
832 3.171713806644793
833 3.171713806644793
834 3.171713806644793
835 3.2664845951160144
836 3.2664845951160144
837 3.2664845951160144
838 3.2664845951160144
839 3.2664845951160144
840 3.5211372508875503
841 3.5211372508875503
842 3.5211372508875503
843 3.5211372508875503
844 3.5211372508875503
845 2.9432623089610113
846 2.9432623089610113
847 2.9432623089610113
848 2.9432623089610113
849 2.9432623089610113
850 3.112316525645425
851 3.112316525645425
852 3.112316525645425
853 3.112316525645425
854 3.112316525645425
855 3.138716476134624
856 3.138716476134624
857 3.138716476134624
858 3.138716476134624
859 3.138716476134624
860 3.4834341030466103
861 3.4834341030466103
862 3.4834341030466103
863 3.4834341030466103
864 3.4834341030466103
865 3.6313686217605046
866 1.6048231839738074
867 1.6048231839738074
868 1.6048231839738074
869 1.6048231839738074
870 1.6048231839738074
871 1.5839167908930232
872 1.5839167908930232
873 1.5839167908930232
874 1.5839167908930232
875 1.5839167908930232
876 1.6971811547775824
877 1.6971811547775824
878 1.6971811547775824
879 1.6971811547775824
880 1.6971811547775824
881 1.4369906620059993
882 1.4369906620059993
883 0.68358790391059
884 0.68358790391059
885 0.68358790391059
886 0.68358790391059
887 0.68358790391059
888 0.6845848937903445
889 0.6845848937903445
890 0.6845848937903445
891 0.6845848937903445
892 0.6845848937903445
893 0.688911248526514
894 0.688911248526514
895 2.058371739720024
896 2.058371739720024
897 2.058371739720024
898 2.058371739720024
899 2.058371739720024
900 1.9424024631836396
901 1.9424024631836396
902 1.9424024631836396
903 0.1777272015850598
904 0.1777272015850598
905 0.1777272015850598
906 0.1777272015850598
907 0.1777272015850598
908 0.19767581334225268
909 0.19767581334225268
910 0.19767581334225268
911 0.19767581334225268
912 0.19767581334225268
913 0.1803036168959372
914 0.1803036168959372
915 1.957011702689976
916 1.957011702689976
917 1.957011702689976
918 1.957011702689976
919 1.957011702689976
920 1.9174593906202173
921 1.9174593906202173
922 1.9174593906202173
923 1.9174593906202173
924 1.9174593906202173
925 2.2237293026147924
926 2.2237293026147924
927 2.2237293026147924
928 2.2237293026147924
929 2.2237293026147924
930 2.027672894108416
931 2.027672894108416
932 2.027672894108416
933 2.027672894108416
934 2.027672894108416
935 1.900893303877463
936 1.900893303877463
937 2.254352907677657
938 2.254352907677657
939 2.254352907677657
940 2.254352907677657
941 2.254352907677657
942 2.3410318055850388
943 2.3410318055850388
944 2.3410318055850388
945 2.3410318055850388
946 2.3410318055850388
947 2.263138364201243
948 2.263138364201243
949 2.263138364201243
950 2.263138364201243
951 2.263138364201243
952 2.442555576804461
953 2.442555576804461
954 2.442555576804461
955 2.442555576804461
956 2.442555576804461
957 2.3644923677392797
958 2.3644923677392797
959 2.3644923677392797
960 2.3644923677392797
961 2.3644923677392797
962 2.435548184823006
963 2.435548184823006
964 2.435548184823006
965 2.435548184823006
966 2.435548184823006
967 2.436493307159903
968 2.436493307159903
969 2.436493307159903
970 2.436493307159903
971 2.436493307159903
972 2.4544060773651775
973 2.4544060773651775
974 2.4544060773651775
975 2.4544060773651775
976 2.4544060773651775
977 2.5734972670169824
978 2.5734972670169824
979 2.5734972670169824
980 2.5734972670169824
981 2.5734972670169824
982 2.350920830578295
983 2.350920830578295
984 2.350920830578295
985 2.350920830578295
986 2.350920830578295
987 2.4312522097793643
988 2.4312522097793643
989 2.4312522097793643
990 2.4312522097793643
991 2.4312522097793643
992 2.3500595972470406
993 2.3500595972470406
994 2.3500595972470406
995 2.3500595972470406
996 2.3500595972470406
997 2.5751572585894755
998 2.5751572585894755
999 2.5751572585894755
1000 2.5751572585894755
1001 2.5751572585894755
1002 2.750609218720127
1003 2.750609218720127
1004 2.750609218720127
1005 2.750609218720127
1006 2.750609218720127
1007 2.3019040712691865
1008 2.3019040712691865
1009 2.3019040712691865
1010 2.3019040712691865
1011 2.3019040712691865
1012 2.4354717868608007
1013 2.4354717868608007
1014 2.4354717868608007
1015 2.4354717868608007
1016 2.4354717868608007
1017 2.4422792913508395
1018 2.4422792913508395
1019 2.4422792913508395
1020 2.4422792913508395
1021 2.4422792913508395
1022 2.6313960431713133
1023 2.6313960431713133
1024 2.6313960431713133
1025 2.6313960431713133
1026 2.6313960431713133
1027 2.3028040246348507
1028 2.3028040246348507
1029 2.3028040246348507
1030 2.3028040246348507
1031 2.3028040246348507
1032 2.493242238163158
1033 2.493242238163158
1034 2.493242238163158
1035 2.841898757227152
1036 2.841898757227152
1037 2.841898757227152
1038 2.841898757227152
1039 2.841898757227152
1040 2.759152010832486
1041 2.759152010832486
1042 2.759152010832486
1043 2.759152010832486
1044 2.759152010832486
1045 2.955485050151176
1046 2.955485050151176
1047 2.955485050151176
1048 2.955485050151176
1049 2.955485050151176
1050 2.82964476445257
1051 2.82964476445257
1052 2.82964476445257
1053 2.82964476445257
1054 2.82964476445257
1055 3.164861635411647
1056 3.164861635411647
1057 3.164861635411647
1058 3.164861635411647
1059 3.164861635411647
1060 2.742023045565499
1061 2.742023045565499
1062 2.742023045565499
1063 2.742023045565499
1064 2.742023045565499
1065 3.1854619744991104
1066 3.1854619744991104
1067 3.1854619744991104
1068 3.1854619744991104
1069 3.1854619744991104
1070 3.135573778415133
1071 3.135573778415133
1072 3.135573778415133
1073 3.135573778415133
1074 3.135573778415133
1075 0.592473094801018
1076 0.592473094801018
1077 0.592473094801018
1078 0.592473094801018
1079 0.592473094801018
1080 0.6883139106972411
1081 0.20791267607376288
1082 0.20791267607376288
1083 0.20791267607376288
1084 0.20791267607376288
1085 1.7607574769265637
1086 1.7607574769265637
1087 1.7607574769265637
1088 1.7607574769265637
1089 1.7607574769265637
1090 1.4328801918475567
1091 1.4328801918475567
1092 1.4328801918475567
1093 1.4328801918475567
1094 1.4328801918475567
1095 1.5992598792617496
1096 1.5992598792617496
1097 1.5992598792617496
1098 1.5992598792617496
1099 1.5992598792617496
1100 1.5048056644711532
1101 1.5048056644711532
1102 1.5048056644711532
1103 2.41307265786042
1104 2.41307265786042
1105 2.9920848331034375
1106 2.9920848331034375
1107 2.9920848331034375
1108 2.9920848331034375
1109 2.9920848331034375
1110 3.0357112958653367
1111 0.6736642443263778
1112 0.6736642443263778
1113 0.6736642443263778
1114 0.6736642443263778
1115 0.6736642443263778
1116 0.6206547004823655
1117 0.6206547004823655
1118 0.6206547004823655
1119 0.6206547004823655
1120 0.6206547004823655
1121 0.6562991783759348
1122 0.6562991783759348
1123 0.6562991783759348
1124 0.6562991783759348
1125 0.6562991783759348
1126 0.6743837281805306
1127 0.6743837281805306
1128 0.6743837281805306
1129 0.6743837281805306
1130 0.6743837281805306
1131 0.6429072740347179
1132 0.6429072740347179
1133 0.6429072740347179
1134 3.360126600993502
1135 1.0721476407205002
1136 1.0721476407205002
1137 2.8925881388223558
1138 2.8925881388223558
1139 2.8925881388223558
1140 2.8925881388223558
1141 2.8925881388223558
1142 2.864739349954621
1143 2.864739349954621
1144 2.864739349954621
1145 2.864739349954621
1146 4.3973106296659275
1147 4.3973106296659275
1148 4.3973106296659275
1149 4.3973106296659275
1150 4.3973106296659275
1151 4.634338843058259
1152 4.634338843058259
1153 4.634338843058259
1154 4.634338843058259
1155 4.634338843058259
1156 4.342382453196739
1157 4.342382453196739
1158 4.342382453196739
1159 4.342382453196739
1160 4.342382453196739
1161 4.547214043097886
1162 4.547214043097886
1163 4.547214043097886
1164 4.547214043097886
1165 4.547214043097886
1166 3.843747193393892
1167 3.843747193393892
1168 3.843747193393892
1169 3.843747193393892
1170 3.843747193393892
1171 4.3032066699879765
1172 4.3032066699879765
1173 4.3032066699879765
1174 4.3032066699879765
1175 4.3032066699879765
1176 4.2447004122708325
1177 4.2447004122708325
1178 4.2447004122708325
1179 4.2447004122708325
1180 4.2447004122708325
1181 3.939099877637112
1182 3.939099877637112
1183 3.939099877637112
1184 3.939099877637112
1185 3.939099877637112
1186 3.954138184206302
1187 3.954138184206302
1188 3.954138184206302
1189 3.954138184206302
1190 3.954138184206302
1191 4.268091400283621
1192 4.268091400283621
1193 4.268091400283621
1194 4.268091400283621
1195 4.268091400283621
1196 2.8141292763131345
1197 2.8141292763131345
1198 2.8141292763131345
1199 2.8141292763131345
1200 2.8141292763131345
1201 2.440810499958022
1202 2.440810499958022
1203 2.440810499958022
1204 2.440810499958022
1205 2.440810499958022
1206 2.2991870465866895
1207 2.2991870465866895
1208 2.2991870465866895
1209 2.2991870465866895
1210 2.2991870465866895
1211 2.4322367359798758
1212 2.4322367359798758
1213 2.4322367359798758
1214 2.4322367359798758
1215 2.4322367359798758
1216 2.5020259448606934
1217 2.5020259448606934
1218 2.5020259448606934
1219 2.5020259448606934
1220 2.5020259448606934
1221 2.291903828897321
1222 2.291903828897321
1223 2.291903828897321
1224 2.291903828897321
1225 2.291903828897321
1226 2.5443927798487147
1227 2.5443927798487147
1228 2.5443927798487147
1229 2.5443927798487147
1230 2.5443927798487147
1231 2.7287334810127626
1232 2.7287334810127626
1233 2.7287334810127626
1234 2.7287334810127626
1235 2.7287334810127626
1236 2.4535398436572793
1237 2.4535398436572793
1238 2.4535398436572793
1239 2.4535398436572793
1240 2.4535398436572793
1241 2.3945408059494593
1242 2.3945408059494593
1243 2.3945408059494593
1244 2.3945408059494593
1245 2.3945408059494593
1246 2.420188403356716
1247 2.420188403356716
1248 2.420188403356716
1249 2.420188403356716
1250 2.420188403356716
1251 2.809024250568436
1252 2.809024250568436
1253 2.809024250568436
1254 2.809024250568436
1255 2.809024250568436
1256 2.740790770773166
1257 2.740790770773166
1258 2.740790770773166
1259 2.740790770773166
1260 2.740790770773166
1261 2.4783978215789544
1262 2.4783978215789544
1263 2.4783978215789544
1264 2.4783978215789544
1265 2.4783978215789544
1266 2.423181999677934
1267 2.423181999677934
1268 2.423181999677934
1269 2.423181999677934
1270 2.423181999677934
1271 2.7671281591279273
1272 2.7671281591279273
1273 2.7671281591279273
1274 2.7671281591279273
1275 2.7671281591279273
1276 1.98792186155172
1277 1.98792186155172
1278 1.98792186155172
1279 1.98792186155172
1280 1.98792186155172
1281 1.967141409793583
1282 1.967141409793583
1283 1.967141409793583
1284 1.967141409793583
1285 1.967141409793583
1286 2.0357146610059553
1287 2.0357146610059553
1288 2.0357146610059553
1289 2.0357146610059553
1290 2.0357146610059553
1291 2.0529706293073287
1292 2.0529706293073287
1293 2.0529706293073287
1294 2.0529706293073287
1295 2.0529706293073287
1296 2.0876581326856867
1297 2.0876581326856867
1298 2.0876581326856867
1299 2.0876581326856867
1300 2.0876581326856867
1301 1.965302655704276
1302 1.965302655704276
1303 1.965302655704276
1304 1.965302655704276
1305 1.965302655704276
1306 1.9140369117830103
1307 1.9140369117830103
1308 1.9140369117830103
1309 1.9140369117830103
1310 1.9140369117830103
1311 2.1273175880510746
1312 2.1273175880510746
1313 2.1273175880510746
1314 2.1273175880510746
1315 2.499741062636028
1316 2.499741062636028
1317 2.499741062636028
1318 2.499741062636028
1319 2.499741062636028
1320 2.670015215942585
1321 2.670015215942585
1322 2.670015215942585
1323 2.670015215942585
1324 2.670015215942585
1325 2.319555945001888
1326 2.319555945001888
1327 2.319555945001888
1328 2.319555945001888
1329 2.319555945001888
1330 2.4907770087961945
1331 2.4907770087961945
1332 2.4907770087961945
1333 2.4907770087961945
1334 2.4907770087961945
1335 2.4821249416879896
1336 2.4821249416879896
1337 2.4821249416879896
1338 2.4821249416879896
1339 2.4821249416879896
1340 2.0886601809914693
1341 2.0886601809914693
1342 2.0886601809914693
1343 2.0886601809914693
1344 2.0886601809914693
1345 2.662965776478995
1346 2.662965776478995
1347 2.662965776478995
1348 2.662965776478995
1349 2.662965776478995
1350 2.240698375127961
1351 2.240698375127961
1352 2.240698375127961
1353 2.240698375127961
1354 4.14867226605476
1355 4.14867226605476
1356 4.14867226605476
1357 4.14867226605476
1358 4.14867226605476
1359 4.577942540912926
1360 4.577942540912926
1361 4.577942540912926
1362 4.577942540912926
1363 4.577942540912926
1364 4.650203995189682
1365 4.650203995189682
1366 4.650203995189682
1367 4.650203995189682
1368 4.650203995189682
1369 3.7313887578257052
1370 3.7313887578257052
1371 3.7313887578257052
1372 3.7313887578257052
1373 3.7313887578257052
1374 4.115494193848123
1375 4.115494193848123
1376 4.115494193848123
1377 4.115494193848123
1378 4.115494193848123
1379 4.416347976214865
1380 4.416347976214865
1381 4.416347976214865
1382 4.416347976214865
1383 4.416347976214865
1384 3.999763250788181
1385 3.999763250788181
1386 3.999763250788181
1387 2.8314112843853856
1388 2.8314112843853856
1389 2.8314112843853856
1390 2.8314112843853856
1391 2.8314112843853856
1392 2.8723533438567586
1393 2.8723533438567586
1394 2.8723533438567586
1395 2.8723533438567586
1396 2.8723533438567586
1397 2.8998094152947793
1398 2.8998094152947793
1399 2.8998094152947793
1400 2.8998094152947793
1401 2.8998094152947793
1402 2.8883308233343166
1403 2.8883308233343166
1404 2.8883308233343166
1405 2.8883308233343166
1406 2.477337970068998
1407 2.477337970068998
1408 2.477337970068998
1409 2.477337970068998
1410 2.477337970068998
1411 2.57675170226037
1412 2.57675170226037
1413 2.57675170226037
1414 2.57675170226037
1415 2.57675170226037
1416 2.2593906474216894
1417 2.2593906474216894
1418 2.2593906474216894
1419 2.2593906474216894
1420 0.6289992392199466
1421 4.1486386329388125
1422 4.1486386329388125
1423 4.1486386329388125
1424 4.1486386329388125
1425 4.1486386329388125
1426 4.157197416678261
1427 4.157197416678261
1428 4.157197416678261
1429 4.157197416678261
1430 4.157197416678261
1431 3.818535920398009
1432 3.818535920398009
1433 3.818535920398009
1434 3.818535920398009
1435 3.818535920398009
1436 3.7126153146381586
1437 1.6559539108808572
1438 1.6559539108808572
1439 1.6559539108808572
1440 1.1131321524236155
1441 1.1131321524236155
1442 1.1131321524236155
1443 1.1131321524236155
1444 1.1131321524236155
1445 1.2327305225666016
1446 3.33236735285748
1447 3.33236735285748
1448 3.33236735285748
1449 3.33236735285748
1450 3.33236735285748
1451 3.279504212927576
1452 3.279504212927576
1453 3.279504212927576
1454 3.279504212927576
1455 3.279504212927576
1456 3.6334293476188435
1457 3.6334293476188435
1458 3.6334293476188435
1459 3.6334293476188435
1460 3.6334293476188435
1461 3.2934234272499956
1462 3.2934234272499956
1463 3.2934234272499956
1464 3.2934234272499956
1465 3.2934234272499956
1466 3.541075435052455
1467 3.541075435052455
1468 3.541075435052455
1469 3.541075435052455
1470 3.541075435052455
1471 3.1191999767005556
1472 3.1191999767005556
1473 3.1191999767005556
1474 3.1191999767005556
1475 3.1191999767005556
1476 3.370876950269442
1477 3.370876950269442
1478 3.370876950269442
1479 3.370876950269442
1480 3.370876950269442
1481 3.6983764917457744
1482 3.6983764917457744
1483 3.6983764917457744
1484 3.6983764917457744
1485 3.6983764917457744
1486 3.2280080231462414
1487 3.2280080231462414
1488 3.2280080231462414
1489 3.2280080231462414
1490 3.2280080231462414
1491 3.3460744753180687
1492 3.3460744753180687
1493 3.3460744753180687
1494 3.3460744753180687
1495 1.1050438125887687
1496 1.1050438125887687
1497 1.1050438125887687
1498 1.1050438125887687
1499 1.1050438125887687
1500 1.0831474032602457
1501 1.0831474032602457
1502 1.0831474032602457
1503 1.0831474032602457
1504 1.0831474032602457
1505 0.9776726417312962
1506 0.9776726417312962
1507 0.9776726417312962
1508 0.9776726417312962
1509 0.9776726417312962
1510 1.1242569025517761
1511 3.2539765601877804
1512 2.125802357706882
1513 2.125802357706882
1514 2.125802357706882
1515 2.125802357706882
1516 2.125802357706882
1517 1.9509433218345822
1518 1.9509433218345822
1519 1.9509433218345822
1520 1.9509433218345822
1521 1.9509433218345822
1522 1.8712427804087621
1523 1.8712427804087621
1524 1.8712427804087621
1525 1.8712427804087621
1526 1.8712427804087621
1527 2.029162842321283
1528 2.029162842321283
1529 2.029162842321283
1530 2.029162842321283
1531 2.029162842321283
1532 1.9712188698152984
1533 1.9712188698152984
1534 1.9712188698152984
1535 0.6922958456917563
1536 0.6922958456917563
1537 0.6922958456917563
1538 0.6922958456917563
1539 0.6922958456917563
1540 0.6848767301917731
1541 0.6848767301917731
1542 0.6848767301917731
1543 0.6848767301917731
1544 0.6848767301917731
1545 0.6464254664900807
1546 0.6464254664900807
1547 0.6464254664900807
1548 0.6464254664900807
1549 0.6464254664900807
1550 0.6270439594986117
1551 0.6270439594986117
1552 0.6270439594986117
1553 0.6270439594986117
1554 0.6270439594986117
1555 0.6049695434997091
1556 0.6049695434997091
1557 0.6049695434997091
1558 0.6049695434997091
1559 0.6049695434997091
1560 0.6789863512858784
1561 0.6789863512858784
1562 0.6789863512858784
1563 0.6789863512858784
1564 0.6789863512858784
1565 0.6441340979008682
1566 0.6441340979008682
1567 0.6441340979008682
1568 0.6441340979008682
1569 0.6441340979008682
1570 0.5467482211591257
1571 0.5467482211591257
1572 0.5467482211591257
1573 0.5467482211591257
1574 0.5467482211591257
1575 0.6272742058872736
1576 0.6272742058872736
1577 0.6272742058872736
1578 0.6272742058872736
1579 0.6272742058872736
1580 0.6910468842706178
1581 0.6910468842706178
1582 0.6910468842706178
1583 0.6910468842706178
1584 0.6910468842706178
1585 0.6451748739295059
1586 2.1031615588218275
1587 2.1031615588218275
1588 2.1031615588218275
1589 2.1031615588218275
1590 2.1031615588218275
1591 2.0042399548011223
1592 2.0042399548011223
1593 2.0042399548011223
1594 2.0042399548011223
1595 2.0042399548011223
1596 2.1090490335758387
1597 2.1090490335758387
1598 2.1090490335758387
1599 2.1090490335758387
1600 2.1090490335758387
1601 2.1011473977720776
1602 2.1011473977720776
1603 2.1011473977720776
1604 2.1011473977720776
1605 2.1011473977720776
1606 2.03831828290261
1607 2.03831828290261
1608 2.03831828290261
1609 2.03831828290261
1610 2.03831828290261
1611 2.228324237670424
1612 2.228324237670424
1613 2.228324237670424
1614 2.228324237670424
1615 2.228324237670424
1616 1.9596496240466028
1617 1.9596496240466028
1618 1.9596496240466028
1619 1.9596496240466028
1620 1.9596496240466028
1621 2.295315801098973
1622 2.295315801098973
1623 2.295315801098973
1624 2.295315801098973
1625 2.295315801098973
1626 1.9713274674057975
1627 1.9713274674057975
1628 1.9713274674057975
1629 1.9713274674057975
1630 1.9713274674057975
1631 1.9942545224277806
1632 1.9942545224277806
1633 1.9942545224277806
1634 1.9942545224277806
1635 1.9942545224277806
1636 2.0786688956976724
1637 2.0786688956976724
1638 2.0786688956976724
1639 2.0786688956976724
1640 2.0786688956976724
1641 1.997464084864076
1642 1.997464084864076
1643 3.3769627712229804
1644 3.3769627712229804
1645 3.3769627712229804
1646 3.3769627712229804
1647 3.3769627712229804
1648 3.5251101435889494
1649 3.5251101435889494
1650 3.5251101435889494
1651 0.7064914834361897
1652 0.7064914834361897
1653 0.7064914834361897
1654 0.7064914834361897
1655 0.7064914834361897
1656 0.6220467502267459
1657 0.6220467502267459
1658 0.6220467502267459
1659 0.6220467502267459
1660 0.6220467502267459
1661 0.6335349920629084
1662 0.6335349920629084
1663 3.654522112164724
1664 3.654522112164724
1665 2.69538497551428
1666 2.69538497551428
1667 2.69538497551428
1668 2.69538497551428
1669 2.69538497551428
1670 2.8679183045500785
1671 2.8679183045500785
1672 2.8679183045500785
1673 2.8679183045500785
1674 2.8679183045500785
1675 2.6467913046141383
1676 2.6467913046141383
1677 2.6467913046141383
1678 2.6467913046141383
1679 2.6467913046141383
1680 3.11048339666183
1681 3.11048339666183
1682 3.11048339666183
1683 3.11048339666183
1684 3.11048339666183
1685 2.993686039178904
1686 2.993686039178904
1687 2.993686039178904
1688 2.993686039178904
1689 2.993686039178904
1690 2.777685304920909
1691 2.777685304920909
1692 2.777685304920909
1693 2.777685304920909
1694 2.777685304920909
1695 3.0845885571353096
1696 3.0845885571353096
1697 3.0845885571353096
1698 3.0845885571353096
1699 3.0845885571353096
1700 2.812313422402397
1701 2.812313422402397
1702 2.812313422402397
1703 2.812313422402397
1704 2.812313422402397
1705 2.99982481720751
1706 2.99982481720751
1707 2.99982481720751
1708 2.99982481720751
1709 2.99982481720751
1710 2.815004374915764
1711 2.815004374915764
1712 2.815004374915764
1713 2.815004374915764
1714 2.815004374915764
1715 3.085236503967335
1716 3.085236503967335
1717 3.085236503967335
1718 3.085236503967335
1719 3.085236503967335
1720 2.8931516868653673
1721 2.8931516868653673
1722 2.8931516868653673
1723 4.099961095168741
1724 4.099961095168741
1725 4.099961095168741
1726 4.099961095168741
1727 4.099961095168741
1728 3.788788426598098
1729 3.788788426598098
1730 3.788788426598098
1731 2.4385042973925906
1732 2.4385042973925906
1733 2.4385042973925906
1734 3.286086193805901
1735 3.286086193805901
1736 3.286086193805901
1737 3.286086193805901
1738 3.286086193805901
1739 3.4263243073512033
1740 0.6353223716733873
1741 0.6353223716733873
1742 0.6353223716733873
1743 0.6353223716733873
1744 0.6353223716733873
1745 0.6605095758497861
1746 0.6605095758497861
1747 2.590372992046408
1748 2.590372992046408
1749 2.590372992046408
1750 2.590372992046408
1751 2.590372992046408
1752 2.4603681327995974
1753 2.4603681327995974
1754 2.4603681327995974
1755 2.4603681327995974
1756 2.4603681327995974
1757 2.3696195031116876
1758 2.3696195031116876
1759 2.3696195031116876
1760 2.3696195031116876
1761 2.3696195031116876
1762 2.4221111041542374
1763 2.4221111041542374
1764 2.4221111041542374
1765 2.4221111041542374
1766 2.4221111041542374
1767 2.3217713099794244
1768 2.3217713099794244
1769 2.3217713099794244
1770 2.3217713099794244
1771 2.3217713099794244
1772 4.1618857374632015
1773 4.1618857374632015
1774 4.1618857374632015
1775 4.1618857374632015
1776 4.1618857374632015
1777 4.3200409844701575
1778 4.3200409844701575
1779 4.3200409844701575
1780 4.3200409844701575
1781 4.3200409844701575
1782 4.207075878488606
1783 4.207075878488606
1784 4.207075878488606
1785 4.207075878488606
1786 4.207075878488606
1787 3.7013683591439337
1788 3.7013683591439337
1789 3.7013683591439337
1790 3.7013683591439337
1791 3.7013683591439337
1792 4.785274467926668
1793 4.785274467926668
1794 4.785274467926668
1795 4.785274467926668
1796 4.785274467926668
1797 4.5554139374612035
1798 4.5554139374612035
1799 4.5554139374612035
1800 4.5554139374612035
1801 4.5554139374612035
1802 4.195824678022849
1803 4.195824678022849
1804 4.195824678022849
1805 4.195824678022849
1806 4.195824678022849
1807 4.020743153438241
1808 4.020743153438241
1809 4.020743153438241
1810 4.020743153438241
1811 4.020743153438241
1812 4.242221689695101
1813 4.242221689695101
1814 4.242221689695101
1815 4.242221689695101
1816 4.242221689695101
1817 4.416973458487867
1818 4.416973458487867
1819 4.416973458487867
1820 4.416973458487867
1821 4.416973458487867
1822 4.635993335368154
1823 4.635993335368154
1824 4.635993335368154
1825 4.635993335368154
1826 4.635993335368154
1827 4.34632972257614
1828 4.34632972257614
1829 4.34632972257614
1830 4.34632972257614
1831 4.34632972257614
1832 4.405537305529224
1833 4.405537305529224
1834 4.405537305529224
1835 2.5341728902913103
1836 2.5341728902913103
1837 2.5341728902913103
1838 2.5341728902913103
1839 2.5341728902913103
1840 2.4549012319607066
1841 3.3391726957251464
1842 3.3391726957251464
1843 3.3391726957251464
1844 3.3391726957251464
1845 3.3391726957251464
1846 3.551127632082404
1847 3.551127632082404
1848 3.551127632082404
1849 3.551127632082404
1850 3.551127632082404
1851 3.2695568303549356
1852 3.2695568303549356
1853 3.2695568303549356
1854 3.2695568303549356
1855 3.2695568303549356
1856 3.3270674894531824
1857 3.3270674894531824
1858 3.3270674894531824
1859 3.3270674894531824
1860 3.3270674894531824
1861 3.4477600767627075
1862 3.4477600767627075
1863 3.4477600767627075
1864 3.4477600767627075
1865 3.4477600767627075
1866 3.4580442338616995
1867 3.4580442338616995
1868 3.4580442338616995
1869 3.4580442338616995
1870 3.4580442338616995
1871 3.2086473572077203
1872 3.2086473572077203
1873 3.2086473572077203
1874 3.2086473572077203
1875 3.2086473572077203
1876 3.547171278577643
1877 3.547171278577643
1878 3.547171278577643
1879 3.547171278577643
1880 3.547171278577643
1881 3.6191590094912116
1882 3.6191590094912116
1883 3.6191590094912116
1884 3.6191590094912116
1885 3.6191590094912116
1886 3.842731463793646
1887 3.842731463793646
1888 3.842731463793646
1889 3.842731463793646
1890 3.842731463793646
1891 3.441381421106465
1892 3.441381421106465
1893 0.7204040074003792
1894 0.7204040074003792
1895 0.7204040074003792
1896 0.1971756956966413
1897 0.1971756956966413
1898 0.1971756956966413
1899 0.1971756956966413
1900 0.1971756956966413
1901 0.19567652147960143
1902 0.19567652147960143
1903 0.19567652147960143
1904 0.19567652147960143
1905 0.19567652147960143
1906 0.2134241798923242
1907 0.2134241798923242
1908 0.2134241798923242
1909 0.2134241798923242
1910 0.2134241798923242
1911 0.21180614456883892
1912 1.529136890942014
1913 1.529136890942014
1914 1.529136890942014
1915 1.529136890942014
1916 1.529136890942014
1917 1.5712962749831725
1918 1.5712962749831725
1919 1.5712962749831725
1920 1.5712962749831725
1921 1.5712962749831725
1922 1.5874320616137638
1923 1.5874320616137638
1924 1.5874320616137638
1925 1.5874320616137638
1926 1.5874320616137638
1927 1.4451146911204398
1928 1.4451146911204398
1929 1.4451146911204398
1930 1.4451146911204398
1931 1.4451146911204398
1932 1.5992424031871617
1933 1.5992424031871617
1934 1.5992424031871617
1935 1.5992424031871617
1936 1.5992424031871617
1937 1.6818885173088998
1938 1.6818885173088998
1939 1.6818885173088998
1940 1.6818885173088998
1941 1.6818885173088998
1942 1.5606863245663392
1943 1.5606863245663392
1944 1.5606863245663392
1945 1.5606863245663392
1946 1.5606863245663392
1947 1.5827734194232697
1948 1.5827734194232697
1949 1.5827734194232697
1950 1.5827734194232697
1951 1.5827734194232697
1952 1.7202802202562526
1953 1.7202802202562526
1954 1.7202802202562526
1955 1.7202802202562526
1956 1.7202802202562526
1957 1.4362807924074292
1958 1.4362807924074292
1959 1.4362807924074292
1960 1.4362807924074292
1961 1.4362807924074292
1962 1.5754459846385382
1963 1.5754459846385382
1964 1.5754459846385382
1965 1.5754459846385382
1966 1.5754459846385382
1967 1.615997880407686
1968 1.615997880407686
1969 1.615997880407686
1970 1.615997880407686
1971 1.615997880407686
1972 1.5135140862429
1973 1.5135140862429
1974 1.5135140862429
1975 1.5135140862429
1976 1.5135140862429
1977 1.5464782412755984
1978 1.5464782412755984
1979 1.5464782412755984
1980 1.5464782412755984
1981 1.5464782412755984
1982 1.5666511793815077
1983 1.5666511793815077
1984 1.5666511793815077
1985 1.5666511793815077
1986 1.5666511793815077
1987 1.747524631352206
1988 1.747524631352206
1989 1.747524631352206
1990 1.747524631352206
1991 1.747524631352206
1992 1.6137662270277129
1993 1.6137662270277129
1994 1.6137662270277129
1995 1.6137662270277129
1996 1.6137662270277129
1997 1.4282108960280744
1998 1.4282108960280744
1999 1.4282108960280744
