0 0.4753061579512532
1 0.4753061579512532
2 0.4753061579512532
3 0.4753061579512532
4 0.29787873795733355
5 0.29787873795733355
6 0.29787873795733355
7 0.29787873795733355
8 0.23703411407663877
9 0.23703411407663877
10 0.23703411407663877
11 0.23703411407663877
12 0.28952115675220946
13 0.28952115675220946
14 0.28952115675220946
15 0.28952115675220946
16 0.1613828183605166
17 0.1613828183605166
18 0.1613828183605166
19 0.1613828183605166
20 0.22012204873289665
21 0.22012204873289665
22 0.22012204873289665
23 0.22012204873289665
24 0.1882381164320893
25 0.1882381164320893
26 0.1882381164320893
27 0.1882381164320893
28 0.1692304531975875
29 0.1692304531975875
30 0.1692304531975875
31 0.1692304531975875
32 0.25165366428062785
33 0.25165366428062785
34 0.25165366428062785
35 0.25165366428062785
36 0.28046789738642003
37 0.28046789738642003
38 0.28046789738642003
39 0.28046789738642003
40 0.15913492374064184
41 0.15913492374064184
42 0.15913492374064184
43 0.15913492374064184
44 0.11457254041713075
45 1.0521916569537622
46 1.0521916569537622
47 1.0521916569537622
48 1.0521916569537622
49 0.6829977769601041
50 0.6829977769601041
51 0.6829977769601041
52 0.6829977769601041
53 0.6677501060074247
54 0.6677501060074247
55 0.6677501060074247
56 0.6677501060074247
57 0.8217768676376717
58 0.8217768676376717
59 0.8217768676376717
60 0.8217768676376717
61 1.5454207048489352
62 1.5454207048489352
63 1.5454207048489352
64 1.5454207048489352
65 1.2693018657488686
66 1.2693018657488686
67 1.2693018657488686
68 1.2693018657488686
69 1.642147252848681
70 1.642147252848681
71 1.642147252848681
72 1.642147252848681
73 0.9541749337022221
74 0.9541749337022221
75 0.9541749337022221
76 0.9541749337022221
77 1.0428958732372142
78 1.0428958732372142
79 1.0428958732372142
80 1.0428958732372142
81 1.370656808303151
82 1.370656808303151
83 1.370656808303151
84 1.370656808303151
85 0.1
86 0.1
87 0.1
88 0.1
89 0.9525237385120944
90 0.9525237385120944
91 0.9525237385120944
92 0.9525237385120944
93 0.859282141818229
94 0.859282141818229
95 0.859282141818229
96 0.859282141818229
97 1.0798113452614662
98 1.0798113452614662
99 1.0798113452614662
100 1.0798113452614662
101 1.3968926529478118
102 1.3968926529478118
103 1.3968926529478118
104 1.3968926529478118
105 1.1307255385773298
106 1.1307255385773298
107 1.1307255385773298
108 1.1307255385773298
109 0.7706637960777027
110 0.7706637960777027
111 0.7706637960777027
112 0.7706637960777027
113 1.3042160684044268
114 1.3042160684044268
115 1.3042160684044268
116 1.3042160684044268
117 1.5131190079738692
118 1.5131190079738692
119 1.5131190079738692
120 1.5131190079738692
121 0.8471331397179392
122 0.8471331397179392
123 0.8471331397179392
124 0.8471331397179392
125 1.0904725831555824
126 1.0904725831555824
127 1.0904725831555824
128 1.0904725831555824
129 1.1115631483938133
130 1.1115631483938133
131 1.1115631483938133
132 1.1115631483938133
133 1.448710974349996
134 1.448710974349996
135 1.448710974349996
136 1.448710974349996
137 1.3732743778101746
138 1.3732743778101746
139 1.3732743778101746
140 1.3732743778101746
141 0.7769206360414325
142 0.7769206360414325
143 0.7769206360414325
144 0.7769206360414325
145 1.129840182055011
146 1.129840182055011
147 0.6273761221468238
148 0.6273761221468238
149 0.6273761221468238
150 0.6273761221468238
151 0.2831431232275903
152 0.2831431232275903
153 0.2831431232275903
154 0.2831431232275903
155 0.7886546295034969
156 0.7886546295034969
157 0.7886546295034969
158 0.7886546295034969
159 0.8996569468726437
160 0.8996569468726437
161 0.8996569468726437
162 0.8996569468726437
163 0.75400504493271
164 0.75400504493271
165 0.75400504493271
166 0.75400504493271
167 1.121464875283182
168 1.121464875283182
169 1.121464875283182
170 1.121464875283182
171 0.6431961041364591
172 0.6431961041364591
173 0.6431961041364591
174 0.6431961041364591
175 0.7778343649322081
176 0.7778343649322081
177 0.7778343649322081
178 0.7778343649322081
179 0.41629177099963116
180 0.41629177099963116
181 0.41629177099963116
182 0.41629177099963116
183 0.8920164361269586
184 0.8920164361269586
185 0.8920164361269586
186 0.8920164361269586
187 0.6179370687092983
188 0.6179370687092983
189 0.6179370687092983
190 0.6179370687092983
191 0.8707960751922568
192 0.8707960751922568
193 0.8707960751922568
194 0.8707960751922568
195 0.8924564185927562
196 0.8924564185927562
197 0.8924564185927562
198 0.8924564185927562
199 0.4294162324649661
200 0.4294162324649661
201 0.4294162324649661
202 0.4294162324649661
203 0.7259636934345735
204 0.7259636934345735
205 0.7259636934345735
206 0.7259636934345735
207 0.7675961616736217
208 0.7675961616736217
209 0.7675961616736217
210 0.7675961616736217
211 0.7779971156944725
212 0.7779971156944725
213 0.7779971156944725
214 0.7779971156944725
215 0.3239051227373461
216 0.3239051227373461
217 0.3239051227373461
218 0.3239051227373461
219 0.5987995631506269
220 0.5987995631506269
221 0.5987995631506269
222 0.5987995631506269
223 1.1054397740161361
224 1.1054397740161361
225 1.1054397740161361
226 1.1054397740161361
227 0.6530552635196015
228 0.6530552635196015
229 0.6530552635196015
230 0.6530552635196015
231 0.8000494371692929
232 0.8000494371692929
233 0.8000494371692929
234 0.8000494371692929
235 0.6746216676694881
236 0.6746216676694881
237 0.6746216676694881
238 0.6746216676694881
239 0.8475270772119073
240 0.8475270772119073
241 0.8475270772119073
242 0.8475270772119073
243 0.5175591528524482
244 0.5175591528524482
245 0.5175591528524482
246 0.5175591528524482
247 0.52735838055251
248 0.52735838055251
249 0.52735838055251
250 0.52735838055251
251 0.3836043674925073
252 0.3836043674925073
253 0.3836043674925073
254 0.3836043674925073
255 0.8140361014926121
256 0.8140361014926121
257 0.8140361014926121
258 0.8140361014926121
259 0.4576589630640393
260 0.4576589630640393
261 0.4576589630640393
262 0.4576589630640393
263 0.8588151078571734
264 0.8588151078571734
265 0.8588151078571734
266 0.8588151078571734
267 0.599755729943984
268 0.599755729943984
269 0.599755729943984
270 0.599755729943984
271 0.6958412252330317
272 0.6958412252330317
273 0.6958412252330317
274 0.6958412252330317
275 0.7481000865076136
276 0.7481000865076136
277 0.7481000865076136
278 0.7481000865076136
279 0.4068082686837713
280 0.4068082686837713
281 0.4068082686837713
282 0.4068082686837713
283 0.3362897220504075
284 0.3362897220504075
285 0.3362897220504075
286 0.3362897220504075
287 0.8724717122269575
288 0.8724717122269575
289 0.8724717122269575
290 0.8724717122269575
291 0.653074331727195
292 0.653074331727195
293 0.653074331727195
294 0.653074331727195
295 0.4158718729860286
296 0.4158718729860286
297 0.4158718729860286
298 0.4158718729860286
299 0.4412579931073907
300 0.4412579931073907
301 0.4412579931073907
302 0.4412579931073907
303 0.19582495926350157
304 0.19582495926350157
305 0.19582495926350157
306 0.19582495926350157
307 0.5699452688391544
308 0.5699452688391544
309 0.5699452688391544
310 0.5699452688391544
311 0.7636302572858407
312 0.7636302572858407
313 0.7636302572858407
314 0.7636302572858407
315 0.6213329695151715
316 0.6213329695151715
317 0.6213329695151715
318 0.6213329695151715
319 0.7346134735283442
320 0.7346134735283442
321 0.7346134735283442
322 0.7346134735283442
323 0.6870069065780076
324 0.6870069065780076
325 0.6870069065780076
326 0.6870069065780076
327 0.6731306391279638
328 0.6731306391279638
329 0.6731306391279638
330 0.6731306391279638
331 0.7190233129909427
332 0.7190233129909427
333 0.7190233129909427
334 0.7190233129909427
335 1.0621354763708444
336 1.0621354763708444
337 1.0621354763708444
338 1.0621354763708444
339 0.7685307177818727
340 0.7685307177818727
341 0.7685307177818727
342 0.7685307177818727
343 0.7006174567697451
344 0.7006174567697451
345 0.7006174567697451
346 0.7006174567697451
347 0.3717912908669924
348 0.3717912908669924
349 0.3717912908669924
350 0.3717912908669924
351 0.7495844177900672
352 0.7495844177900672
353 2.6530319746696307
354 2.6530319746696307
355 2.6530319746696307
356 2.6530319746696307
357 1.1429963273837473
358 1.1429963273837473
359 1.1429963273837473
360 1.1429963273837473
361 2.4485692089169837
362 2.4485692089169837
363 2.4485692089169837
364 2.4485692089169837
365 2.144966870908039
366 2.144966870908039
367 2.144966870908039
368 2.144966870908039
369 1.7136551359340941
370 1.7136551359340941
371 1.7136551359340941
372 1.7136551359340941
373 2.3011880971841236
374 2.3011880971841236
375 2.3011880971841236
376 2.3011880971841236
377 0.6910349962811086
378 0.6910349962811086
379 0.6910349962811086
380 0.6910349962811086
381 2.1921475377514685
382 2.1921475377514685
383 2.1921475377514685
384 2.1921475377514685
385 2.017585544799203
386 2.017585544799203
387 2.017585544799203
388 2.017585544799203
389 2.139538796610151
390 2.139538796610151
391 2.139538796610151
392 2.139538796610151
393 1.2585186758394644
394 1.2585186758394644
395 1.2585186758394644
396 1.2585186758394644
397 1.1684547481260255
398 1.1684547481260255
399 1.1684547481260255
400 1.1684547481260255
401 1.7667110412380238
402 1.7667110412380238
403 1.7667110412380238
404 1.7667110412380238
405 1.009882476123638
406 1.009882476123638
407 1.009882476123638
408 1.009882476123638
409 1.4842691144546003
410 1.4842691144546003
411 1.4842691144546003
412 1.4842691144546003
413 1.3561778235738542
414 1.3561778235738542
415 1.3561778235738542
416 1.3561778235738542
417 1.348429295422295
418 1.348429295422295
419 1.348429295422295
420 1.348429295422295
421 2.1102874977414277
422 2.1102874977414277
423 2.1102874977414277
424 2.1102874977414277
425 2.1974829722665428
426 2.1974829722665428
427 2.1974829722665428
428 2.1974829722665428
429 0.8426068365260262
430 0.8426068365260262
431 0.8426068365260262
432 0.8426068365260262
433 1.6079398944532346
434 1.6079398944532346
435 1.6079398944532346
436 1.6079398944532346
437 5.262526368130764
438 5.262526368130764
439 5.262526368130764
440 5.262526368130764
441 2.6231548111053518
442 2.6231548111053518
443 2.6231548111053518
444 4.301545631462587
445 4.301545631462587
446 4.301545631462587
447 4.301545631462587
448 4.2052725101873705
449 4.2052725101873705
450 4.2052725101873705
451 4.2052725101873705
452 5.187562415066168
453 5.187562415066168
454 1.455826540714172
455 1.455826540714172
456 1.455826540714172
457 1.455826540714172
458 1.291867059316328
459 1.291867059316328
460 1.291867059316328
461 1.291867059316328
462 1.5500307798234825
463 1.5500307798234825
464 1.5500307798234825
465 1.5500307798234825
466 1.0612388277003209
467 1.0612388277003209
468 1.0612388277003209
469 1.0612388277003209
470 0.8727538619588192
471 0.8727538619588192
472 0.8727538619588192
473 0.8727538619588192
474 2.1771037658220314
475 2.1771037658220314
476 2.1771037658220314
477 2.1771037658220314
478 1.9547914477967134
479 1.9547914477967134
480 1.9547914477967134
481 1.9547914477967134
482 3.3085154540827757
483 3.3085154540827757
484 3.3085154540827757
485 3.3085154540827757
486 1.284058040606963
487 1.284058040606963
488 1.284058040606963
489 1.284058040606963
490 0.9744878677651061
491 0.9744878677651061
492 0.9744878677651061
493 0.9744878677651061
494 1.4004783523344182
495 1.4004783523344182
496 1.4004783523344182
497 1.4004783523344182
498 1.1794420601673028
499 1.1794420601673028
500 1.1794420601673028
501 1.1794420601673028
502 1.4080653374078316
503 1.4080653374078316
504 1.4080653374078316
505 1.4080653374078316
506 1.5403065753197354
507 1.5403065753197354
508 1.5403065753197354
509 1.5403065753197354
510 1.6204634791112162
511 1.6204634791112162
512 1.6204634791112162
513 1.6204634791112162
514 0.9120215725665736
515 0.9120215725665736
516 0.9120215725665736
517 0.9120215725665736
518 1.672449439855393
519 1.672449439855393
520 1.672449439855393
521 1.672449439855393
522 1.5032202407618007
523 1.5032202407618007
524 1.5032202407618007
525 1.5032202407618007
526 1.8268187863990604
527 1.8268187863990604
528 1.8268187863990604
529 1.8268187863990604
530 2.0115951434121233
531 2.0115951434121233
532 2.0115951434121233
533 2.0115951434121233
534 2.3557792386217176
535 2.3557792386217176
536 2.3557792386217176
537 2.3557792386217176
538 1.6623437992245662
539 1.6623437992245662
540 1.6623437992245662
541 1.6623437992245662
542 1.6349642541343399
543 1.6349642541343399
544 1.6349642541343399
545 1.6349642541343399
546 1.4055346605672405
547 1.4055346605672405
548 1.4055346605672405
549 1.4055346605672405
550 1.273070991743623
551 1.273070991743623
552 1.273070991743623
553 1.273070991743623
554 2.127399465286113
555 2.127399465286113
556 2.127399465286113
557 2.127399465286113
558 2.866483047957873
559 2.866483047957873
560 2.866483047957873
561 2.866483047957873
562 2.168063602691517
563 2.168063602691517
564 2.168063602691517
565 2.168063602691517
566 0.9906609381458079
567 0.9906609381458079
568 0.9906609381458079
569 0.9906609381458079
570 0.8205507748694386
571 0.8205507748694386
572 0.8205507748694386
573 0.8205507748694386
574 1.485323850647326
575 1.485323850647326
576 1.485323850647326
577 1.485323850647326
578 1.647245387730588
579 1.647245387730588
580 1.647245387730588
581 1.647245387730588
582 2.014732204157769
583 2.014732204157769
584 2.014732204157769
585 2.014732204157769
586 1.0635470227702144
587 1.0635470227702144
588 1.0635470227702144
589 1.0635470227702144
590 1.7418833256036685
591 1.7418833256036685
592 1.7418833256036685
593 1.7418833256036685
594 2.5471124077077945
595 2.5471124077077945
596 2.5471124077077945
597 2.5471124077077945
598 1.3760295660490562
599 1.3760295660490562
600 1.3760295660490562
601 1.3760295660490562
602 2.564266523082434
603 2.564266523082434
604 2.564266523082434
605 2.564266523082434
606 1.3283085078050252
607 1.3283085078050252
608 1.3283085078050252
609 1.3283085078050252
610 1.9984511886868752
611 1.9984511886868752
612 1.9984511886868752
613 1.9984511886868752
614 1.518889706559273
615 1.518889706559273
616 1.518889706559273
617 1.518889706559273
618 2.3318850986672337
619 2.3318850986672337
620 2.3318850986672337
621 2.3318850986672337
622 0.9230303474857915
623 0.9230303474857915
624 0.9230303474857915
625 0.9230303474857915
626 1.3457290521886878
627 1.3457290521886878
628 1.3457290521886878
629 1.3457290521886878
630 1.738301748960793
631 1.738301748960793
632 1.738301748960793
633 1.738301748960793
634 0.7465835125701232
635 0.7465835125701232
636 0.7465835125701232
637 0.7465835125701232
638 1.6025499608122293
639 1.6025499608122293
640 1.6025499608122293
641 1.6025499608122293
642 1.4133885377884396
643 1.4133885377884396
644 1.4133885377884396
645 1.4133885377884396
646 1.6073800453179587
647 1.6073800453179587
648 1.6073800453179587
649 1.6073800453179587
650 2.619115951194517
651 2.619115951194517
652 2.619115951194517
653 2.619115951194517
654 1.4941864275421257
655 1.4941864275421257
656 1.4941864275421257
657 1.4941864275421257
658 1.4413013508125472
659 1.4413013508125472
660 1.4413013508125472
661 1.4413013508125472
662 2.537671445809278
663 2.537671445809278
664 2.537671445809278
665 2.537671445809278
666 0.546811857818384
667 0.546811857818384
668 0.546811857818384
669 0.546811857818384
670 1.98745894782932
671 1.98745894782932
672 1.98745894782932
673 1.98745894782932
674 1.6659301196494705
675 1.6659301196494705
676 1.6659301196494705
677 1.6659301196494705
678 1.6213547729873121
679 1.6213547729873121
680 1.6213547729873121
681 1.6213547729873121
682 2.010561742237935
683 2.010561742237935
684 2.010561742237935
685 2.010561742237935
686 2.5041391954864265
687 2.5041391954864265
688 2.5041391954864265
689 2.5041391954864265
690 1.490489606426835
691 1.490489606426835
692 1.490489606426835
693 1.490489606426835
694 1.0358729086958998
695 1.0358729086958998
696 1.0358729086958998
697 1.0358729086958998
698 1.6522559155478316
699 1.6522559155478316
700 1.6522559155478316
701 1.6522559155478316
702 2.12877973141904
703 2.12877973141904
704 2.12877973141904
705 2.12877973141904
706 1.0039354842634625
707 1.0039354842634625
708 1.0039354842634625
709 1.0039354842634625
710 1.5160473693903644
711 1.5160473693903644
712 1.5160473693903644
713 1.5160473693903644
714 1.8351796354957683
715 1.8351796354957683
716 1.8351796354957683
717 1.8351796354957683
718 1.5705293287277806
719 1.5705293287277806
720 1.5705293287277806
721 1.5705293287277806
722 1.5943537031947181
723 1.5943537031947181
724 1.5943537031947181
725 1.5943537031947181
726 1.200324502112005
727 0.8215002304052359
728 0.8215002304052359
729 0.8215002304052359
730 0.8215002304052359
731 1.0209193213163756
732 1.0209193213163756
733 1.0209193213163756
734 1.0209193213163756
735 1.6980981938594544
736 1.6980981938594544
737 1.6980981938594544
738 1.6980981938594544
739 1.12216432001495
740 1.12216432001495
741 1.12216432001495
742 1.12216432001495
743 1.042088278095691
744 1.042088278095691
745 1.042088278095691
746 1.042088278095691
747 1.4232644677117798
748 1.4232644677117798
749 1.4232644677117798
750 1.4232644677117798
751 0.16908080735150682
752 0.16908080735150682
753 0.16908080735150682
754 0.16908080735150682
755 0.24106065753727665
756 0.24106065753727665
757 0.24106065753727665
758 0.24106065753727665
759 0.3403880405502826
760 0.3403880405502826
761 0.3403880405502826
762 0.3403880405502826
763 0.1421851347782278
764 0.1421851347782278
765 0.1421851347782278
766 0.1421851347782278
767 0.20856545554428255
768 0.20856545554428255
769 0.20856545554428255
770 0.20856545554428255
771 0.12551986232338047
772 0.12551986232338047
773 0.12551986232338047
774 0.12551986232338047
775 0.22951143295022491
776 0.22951143295022491
777 0.22951143295022491
778 0.22951143295022491
779 0.22129482190107583
780 0.22129482190107583
781 0.22129482190107583
782 0.22129482190107583
783 0.22929852172306067
784 0.22929852172306067
785 0.22929852172306067
786 0.22929852172306067
787 0.2438932058660237
788 0.2438932058660237
789 0.2438932058660237
790 0.2438932058660237
791 0.17640855334118144
792 0.17640855334118144
793 0.17640855334118144
794 0.17640855334118144
795 0.1
796 0.1
797 0.1
798 0.1
799 0.23787479098505682
800 0.23787479098505682
801 0.23787479098505682
802 0.23787479098505682
803 0.24246949589253314
804 0.24246949589253314
805 0.24246949589253314
806 0.24246949589253314
807 0.1712566968587704
808 0.1712566968587704
809 0.1712566968587704
810 0.1712566968587704
811 0.24658700847666068
812 0.24658700847666068
813 0.24658700847666068
814 0.24658700847666068
815 0.10777283621213528
816 0.10777283621213528
817 0.10777283621213528
818 0.10777283621213528
819 0.16782800069539058
820 0.16782800069539058
821 0.16782800069539058
822 0.16782800069539058
823 0.1653353796017207
824 0.1653353796017207
825 0.1653353796017207
826 2.1918930340591096
827 2.1918930340591096
828 2.1918930340591096
829 2.1918930340591096
830 3.1474561536561008
831 3.1474561536561008
832 3.1474561536561008
833 3.1474561536561008
834 4.656725665861675
835 4.656725665861675
836 4.656725665861675
837 4.656725665861675
838 2.00838718804599
839 2.00838718804599
840 2.00838718804599
841 2.00838718804599
842 1.3072691471803857
843 1.3072691471803857
844 1.3072691471803857
845 1.3072691471803857
846 2.431256360871899
847 2.431256360871899
848 2.431256360871899
849 2.431256360871899
850 3.570030668459844
851 3.570030668459844
852 3.570030668459844
853 3.570030668459844
854 3.6419296420528298
855 3.6419296420528298
856 3.6419296420528298
857 3.6419296420528298
858 3.872700333901494
859 3.872700333901494
860 3.872700333901494
861 3.872700333901494
862 3.6244103604305278
863 3.6244103604305278
864 3.6244103604305278
865 3.6244103604305278
866 4.410440711887018
867 4.410440711887018
868 4.410440711887018
869 4.410440711887018
870 2.098189766716348
871 2.098189766716348
872 2.098189766716348
873 2.098189766716348
874 4.018974270916425
875 4.018974270916425
876 4.018974270916425
877 4.018974270916425
878 1.9461005619029967
879 1.9461005619029967
880 1.9461005619029967
881 1.9461005619029967
882 2.061641178251852
883 2.061641178251852
884 2.061641178251852
885 2.061641178251852
886 0.9289179851025584
887 0.9289179851025584
888 0.9289179851025584
889 0.9289179851025584
890 2.5731407885918833
891 2.5731407885918833
892 2.5731407885918833
893 2.5731407885918833
894 3.257802784409135
895 3.257802784409135
896 3.257802784409135
897 3.257802784409135
898 1.6944924758297266
899 1.6944924758297266
900 1.6944924758297266
901 1.6944924758297266
902 2.740954956353972
903 2.740954956353972
904 2.740954956353972
905 2.740954956353972
906 4.756949183657813
907 4.756949183657813
908 4.756949183657813
909 4.756949183657813
910 3.3891027170467827
911 3.3891027170467827
912 3.3891027170467827
913 3.3891027170467827
914 3.1191059907119287
915 3.1191059907119287
916 3.1191059907119287
917 3.1191059907119287
918 3.832611572936001
919 3.832611572936001
920 3.832611572936001
921 3.832611572936001
922 1.8639149637178087
923 1.8639149637178087
924 1.8639149637178087
925 1.8639149637178087
926 2.9561262075588433
927 2.9561262075588433
928 2.9561262075588433
929 2.9561262075588433
930 4.712427919747113
931 4.712427919747113
932 4.712427919747113
933 4.712427919747113
934 2.3201508528774673
935 2.3201508528774673
936 2.3201508528774673
937 2.3201508528774673
938 2.3228726736988707
939 2.3228726736988707
940 2.3228726736988707
941 2.3228726736988707
942 3.0294850517850618
943 3.0294850517850618
944 3.0294850517850618
945 3.0294850517850618
946 4.517761063324618
947 4.517761063324618
948 4.517761063324618
949 4.517761063324618
950 2.9283950212239866
951 2.9283950212239866
952 2.9283950212239866
953 2.9283950212239866
954 4.309007310614648
955 4.309007310614648
956 4.309007310614648
957 4.309007310614648
958 4.012024439694001
959 4.012024439694001
960 4.012024439694001
961 4.012024439694001
962 3.2690694591420977
963 3.2690694591420977
964 3.2690694591420977
965 3.2690694591420977
966 1.7906517639197472
967 1.7906517639197472
968 1.7906517639197472
969 1.7906517639197472
970 4.052748029286461
971 4.052748029286461
972 4.052748029286461
973 4.052748029286461
974 2.843261682681401
975 2.843261682681401
976 2.843261682681401
977 2.843261682681401
978 3.067570594069866
979 3.067570594069866
980 3.067570594069866
981 3.067570594069866
982 4.126089910415766
983 4.126089910415766
984 4.126089910415766
985 4.126089910415766
986 3.192799255324214
987 3.192799255324214
988 3.192799255324214
989 3.192799255324214
990 3.607118390055875
991 3.607118390055875
992 3.607118390055875
993 3.607118390055875
994 3.1367373881135894
995 3.1367373881135894
996 3.1367373881135894
997 3.1367373881135894
998 3.043050437455043
999 3.043050437455043
1000 3.043050437455043
1001 3.043050437455043
1002 2.286153112873447
1003 2.286153112873447
1004 2.286153112873447
1005 2.286153112873447
1006 4.552959292770049
1007 4.552959292770049
1008 4.552959292770049
1009 4.552959292770049
1010 3.5584636604663133
1011 3.5584636604663133
1012 3.5584636604663133
1013 3.5584636604663133
1014 2.737886964431314
1015 2.737886964431314
1016 2.737886964431314
1017 2.737886964431314
1018 2.2717821426546196
1019 2.2717821426546196
1020 2.2717821426546196
1021 2.2717821426546196
1022 3.9880083653807556
1023 3.9880083653807556
1024 3.9880083653807556
1025 3.9880083653807556
1026 1.1155444589128114
1027 1.1155444589128114
1028 1.1155444589128114
1029 1.1155444589128114
1030 4.409540277779964
1031 4.409540277779964
1032 4.409540277779964
1033 4.409540277779964
1034 2.807129061766773
1035 2.807129061766773
1036 2.807129061766773
1037 2.807129061766773
1038 3.9546148648668282
1039 3.9546148648668282
1040 3.9546148648668282
1041 3.9546148648668282
1042 3.4963143407186514
1043 3.4963143407186514
1044 3.4963143407186514
1045 3.4963143407186514
1046 2.163401883575895
1047 2.163401883575895
1048 2.163401883575895
1049 2.163401883575895
1050 1.7454161797313146
1051 1.7454161797313146
1052 1.7454161797313146
1053 1.7454161797313146
1054 2.469698569499278
1055 2.469698569499278
1056 2.469698569499278
1057 2.469698569499278
1058 1.3035782521315857
1059 1.3035782521315857
1060 1.3035782521315857
1061 1.3035782521315857
1062 2.819502190188254
1063 2.819502190188254
1064 2.819502190188254
1065 2.819502190188254
1066 3.7449795974559836
1067 3.7449795974559836
1068 3.7449795974559836
1069 3.7449795974559836
1070 4.390632487887256
1071 4.390632487887256
1072 4.390632487887256
1073 4.390632487887256
1074 3.2981594442069944
1075 3.2981594442069944
1076 3.2981594442069944
1077 3.2981594442069944
1078 3.496802884915494
1079 3.496802884915494
1080 3.496802884915494
1081 3.496802884915494
1082 3.5174593831548435
1083 3.5174593831548435
1084 3.5174593831548435
1085 3.5174593831548435
1086 3.6300999140701125
1087 3.6300999140701125
1088 3.6300999140701125
1089 3.6300999140701125
1090 1.6539956754138667
1091 1.6539956754138667
1092 1.6539956754138667
1093 1.6539956754138667
1094 3.757641914035982
1095 3.757641914035982
1096 3.757641914035982
1097 3.757641914035982
1098 0.9185601557087306
1099 0.9185601557087306
1100 0.9185601557087306
1101 0.9185601557087306
1102 3.7766159323732778
1103 3.7766159323732778
1104 3.7766159323732778
1105 3.7766159323732778
1106 2.5285215192963055
1107 2.5285215192963055
1108 2.5285215192963055
1109 2.5285215192963055
1110 1.1042688604586905
1111 1.1042688604586905
1112 1.1042688604586905
1113 1.1042688604586905
1114 2.926327143795024
1115 2.926327143795024
1116 2.926327143795024
1117 2.926327143795024
1118 2.7198493159679398
1119 2.7198493159679398
1120 2.7198493159679398
1121 2.7198493159679398
1122 3.390424756560848
1123 3.390424756560848
1124 3.390424756560848
1125 3.390424756560848
1126 4.4585590965741195
1127 4.4585590965741195
1128 4.4585590965741195
1129 4.4585590965741195
1130 2.759314359444884
1131 2.759314359444884
1132 2.759314359444884
1133 2.759314359444884
1134 2.3603396225495725
1135 2.3603396225495725
1136 2.3603396225495725
1137 2.3603396225495725
1138 2.373580790258054
1139 2.373580790258054
1140 2.373580790258054
1141 2.373580790258054
1142 2.9804269158376946
1143 2.9804269158376946
1144 2.9804269158376946
1145 2.9804269158376946
1146 3.4945572753558594
1147 3.4945572753558594
1148 3.4945572753558594
1149 3.4945572753558594
1150 2.2193258386623964
1151 2.2193258386623964
1152 2.2193258386623964
1153 2.2193258386623964
1154 2.7339121859575455
1155 2.7339121859575455
1156 2.7339121859575455
1157 2.7339121859575455
1158 2.3947934788308287
1159 2.3947934788308287
1160 2.3947934788308287
1161 2.3947934788308287
1162 2.2678724494321036
1163 2.2678724494321036
1164 2.2678724494321036
1165 2.2678724494321036
1166 4.484537883688292
1167 4.484537883688292
1168 4.484537883688292
1169 4.484537883688292
1170 3.6521649253424417
1171 3.6521649253424417
1172 3.6521649253424417
1173 3.6521649253424417
1174 3.470386641299948
1175 3.470386641299948
1176 3.470386641299948
1177 3.470386641299948
1178 2.2375705053015125
1179 2.2375705053015125
1180 2.2375705053015125
1181 2.2375705053015125
1182 2.9962300707435636
1183 2.9962300707435636
1184 2.9962300707435636
1185 2.9962300707435636
1186 2.0679942336843764
1187 2.0679942336843764
1188 2.0679942336843764
1189 2.0679942336843764
1190 1.5866756088390765
1191 1.5866756088390765
1192 1.5866756088390765
1193 1.5866756088390765
1194 2.644309888907672
1195 2.644309888907672
1196 2.644309888907672
1197 2.644309888907672
1198 1.9188757053935435
1199 1.9188757053935435
1200 1.9188757053935435
1201 1.9188757053935435
1202 2.719336847191143
1203 2.719336847191143
1204 2.719336847191143
1205 2.719336847191143
1206 3.4608086551509993
1207 3.4608086551509993
1208 3.4608086551509993
1209 3.4608086551509993
1210 3.086100732849435
1211 3.086100732849435
1212 3.086100732849435
1213 3.086100732849435
1214 2.541420188193773
1215 2.541420188193773
1216 2.541420188193773
1217 2.541420188193773
1218 2.85919954960964
1219 2.85919954960964
1220 2.85919954960964
1221 2.85919954960964
1222 3.532210755755745
1223 3.532210755755745
1224 3.532210755755745
1225 3.532210755755745
1226 0.9998020187077403
1227 0.9998020187077403
1228 0.9998020187077403
1229 0.9998020187077403
1230 2.7791514822680274
1231 2.7791514822680274
1232 2.7791514822680274
1233 2.7791514822680274
1234 1.645368382942341
1235 1.645368382942341
1236 1.645368382942341
1237 1.645368382942341
1238 3.7189237604185315
1239 3.7189237604185315
1240 3.7189237604185315
1241 3.7189237604185315
1242 2.5097396347876244
1243 2.5097396347876244
1244 2.5097396347876244
1245 2.5097396347876244
1246 2.352792342866608
1247 2.352792342866608
1248 2.352792342866608
1249 2.352792342866608
1250 2.680195380152116
1251 2.680195380152116
1252 2.680195380152116
1253 2.680195380152116
1254 1.9190835262853136
1255 1.9190835262853136
1256 1.9190835262853136
1257 1.9190835262853136
1258 1.1961888473927835
1259 1.1961888473927835
1260 1.1961888473927835
1261 1.1961888473927835
1262 3.7608411239840143
1263 3.7608411239840143
1264 3.7608411239840143
1265 3.7608411239840143
1266 1.1969826178676275
1267 1.1969826178676275
1268 1.1969826178676275
1269 1.1969826178676275
1270 1.7778564921081383
1271 1.7778564921081383
1272 1.7778564921081383
1273 1.7778564921081383
1274 2.5026997452235213
1275 2.5026997452235213
1276 2.5026997452235213
1277 2.5026997452235213
1278 2.1643053554979095
1279 2.1643053554979095
1280 2.1643053554979095
1281 2.1643053554979095
1282 2.3018703148885193
1283 2.3018703148885193
1284 2.3018703148885193
1285 2.3018703148885193
1286 2.8568242952558105
1287 2.8568242952558105
1288 2.8568242952558105
1289 2.8568242952558105
1290 3.1617920911218267
1291 3.1617920911218267
1292 3.1617920911218267
1293 3.1617920911218267
1294 2.6813057834155014
1295 2.6813057834155014
1296 2.6813057834155014
1297 2.6813057834155014
1298 1.9634689776680134
1299 1.9634689776680134
1300 1.9634689776680134
1301 1.9634689776680134
1302 3.471624888321427
1303 3.471624888321427
1304 3.471624888321427
1305 3.471624888321427
1306 1.8764170827436497
1307 1.8764170827436497
1308 1.8764170827436497
1309 1.8764170827436497
1310 2.882592269193906
1311 2.882592269193906
1312 2.882592269193906
1313 2.882592269193906
1314 3.147212906596162
1315 3.147212906596162
1316 3.147212906596162
1317 3.147212906596162
1318 3.3973675067818903
1319 3.3973675067818903
1320 3.3973675067818903
1321 3.3973675067818903
1322 2.0649285866281253
1323 2.0649285866281253
1324 2.0649285866281253
1325 2.0649285866281253
1326 2.9071081041515323
1327 2.9071081041515323
1328 2.9071081041515323
1329 2.9071081041515323
1330 1.8262160143062272
1331 1.8262160143062272
1332 1.8262160143062272
1333 1.8262160143062272
1334 2.1468185261470927
1335 2.1468185261470927
1336 2.1468185261470927
1337 2.1468185261470927
1338 2.309557278608893
1339 2.309557278608893
1340 2.309557278608893
1341 2.309557278608893
1342 3.0357462187566724
1343 3.0357462187566724
1344 3.0357462187566724
1345 3.0357462187566724
1346 2.226424780506089
1347 2.226424780506089
1348 2.226424780506089
1349 2.226424780506089
1350 3.8204598180463956
1351 3.8204598180463956
1352 3.8204598180463956
1353 3.8204598180463956
1354 1.665768528660571
1355 1.665768528660571
1356 1.665768528660571
1357 1.665768528660571
1358 4.580914211909411
1359 4.580914211909411
1360 4.580914211909411
1361 4.580914211909411
1362 2.058459140482132
1363 2.058459140482132
1364 2.058459140482132
1365 2.058459140482132
1366 1.098950673879138
1367 1.098950673879138
1368 1.098950673879138
1369 1.098950673879138
1370 2.2045960120497323
1371 2.2045960120497323
1372 2.2045960120497323
1373 2.2045960120497323
1374 1.796976612966662
1375 1.796976612966662
1376 1.796976612966662
1377 1.796976612966662
1378 1.6639993738053838
1379 1.6639993738053838
1380 1.6639993738053838
1381 1.6639993738053838
1382 3.062830897489464
1383 3.062830897489464
1384 3.062830897489464
1385 3.062830897489464
1386 1.7397087717037965
1387 1.7397087717037965
1388 1.7397087717037965
1389 1.7397087717037965
1390 3.1978924399676125
1391 3.1978924399676125
1392 3.1978924399676125
1393 3.1978924399676125
1394 3.0261934024463932
1395 3.0261934024463932
1396 3.0261934024463932
1397 3.0261934024463932
1398 3.118774286435215
1399 3.118774286435215
1400 3.118774286435215
1401 3.118774286435215
1402 2.3371414755641213
1403 2.3371414755641213
1404 2.3371414755641213
1405 2.3371414755641213
1406 1.8109673039577114
1407 1.8109673039577114
1408 1.8109673039577114
1409 1.8109673039577114
1410 2.432569244849268
1411 2.432569244849268
1412 2.432569244849268
1413 2.432569244849268
1414 1.6238223007766517
1415 1.6238223007766517
1416 1.6238223007766517
1417 1.6238223007766517
1418 1.9628700460773674
1419 1.9628700460773674
1420 1.9628700460773674
1421 1.9628700460773674
1422 3.2419643552524056
1423 3.2419643552524056
1424 3.2419643552524056
1425 3.2419643552524056
1426 2.5850328782249985
1427 2.5850328782249985
1428 2.5850328782249985
1429 2.5850328782249985
1430 3.703525196385677
1431 3.703525196385677
1432 3.703525196385677
1433 3.703525196385677
1434 1.8619885894341421
1435 1.8619885894341421
1436 1.8619885894341421
1437 1.8619885894341421
1438 2.548435274461044
1439 2.548435274461044
1440 2.548435274461044
1441 2.548435274461044
1442 2.062630101373312
1443 2.062630101373312
1444 2.062630101373312
1445 2.062630101373312
1446 2.3186313291807297
1447 2.3186313291807297
1448 2.3186313291807297
1449 2.3186313291807297
1450 3.0031686275236513
1451 3.0031686275236513
1452 3.0031686275236513
1453 3.0031686275236513
1454 2.3301898705948894
1455 2.3301898705948894
1456 2.3301898705948894
1457 2.3301898705948894
1458 3.7244576295740313
1459 3.7244576295740313
1460 3.7244576295740313
1461 3.7244576295740313
1462 1.4981520481037358
1463 1.4981520481037358
1464 1.4981520481037358
1465 1.4981520481037358
1466 2.756550011488124
1467 2.756550011488124
1468 2.756550011488124
1469 2.756550011488124
1470 3.5529418503784216
1471 3.5529418503784216
1472 3.5529418503784216
1473 3.5529418503784216
1474 2.063374451967482
1475 2.063374451967482
1476 2.063374451967482
1477 2.063374451967482
1478 2.6583609629184877
1479 2.6583609629184877
1480 2.6583609629184877
1481 2.6583609629184877
1482 3.7214410207233506
1483 3.7214410207233506
1484 3.7214410207233506
1485 3.7214410207233506
1486 2.3389912987439
1487 2.3389912987439
1488 2.3389912987439
1489 2.3389912987439
1490 2.721626218361749
1491 2.721626218361749
1492 2.721626218361749
1493 2.721626218361749
1494 1.178408078011873
1495 1.178408078011873
1496 1.178408078011873
1497 1.178408078011873
1498 1.0754523549463042
1499 1.0754523549463042
1500 1.0754523549463042
1501 1.0754523549463042
1502 1.18786579757297
1503 1.18786579757297
1504 1.18786579757297
1505 1.18786579757297
1506 1.6815249604248326
1507 1.6815249604248326
1508 1.6815249604248326
1509 1.6815249604248326
1510 0.6020212262763674
1511 0.6020212262763674
1512 0.6020212262763674
1513 0.6020212262763674
1514 1.1869984815004648
1515 1.1869984815004648
1516 1.1869984815004648
1517 1.1869984815004648
1518 1.2328883603412257
1519 1.2328883603412257
1520 1.2328883603412257
1521 1.2328883603412257
1522 0.5888454023381637
1523 0.5888454023381637
1524 0.5888454023381637
1525 0.5888454023381637
1526 1.1684387797947733
1527 1.1684387797947733
1528 1.1684387797947733
1529 1.1684387797947733
1530 1.1301531219295584
1531 1.1301531219295584
1532 1.1301531219295584
1533 1.1301531219295584
1534 0.9455409569111585
1535 0.9455409569111585
1536 0.9455409569111585
1537 0.9455409569111585
1538 1.4972160349651769
1539 1.4972160349651769
1540 1.4972160349651769
1541 1.4972160349651769
1542 0.9837892872357717
1543 0.9837892872357717
1544 0.9837892872357717
1545 0.9837892872357717
1546 0.799013982217249
1547 0.799013982217249
1548 0.799013982217249
1549 0.799013982217249
1550 1.275947141535257
1551 1.275947141535257
1552 1.275947141535257
1553 1.275947141535257
1554 1.6951544183605327
1555 1.6951544183605327
1556 1.6951544183605327
1557 1.6951544183605327
1558 0.9259334960103894
1559 0.9259334960103894
1560 0.9259334960103894
1561 0.9259334960103894
1562 1.5274909111266797
1563 1.5274909111266797
1564 1.5274909111266797
1565 1.5274909111266797
1566 1.0052558603570052
1567 1.0052558603570052
1568 1.0052558603570052
1569 1.0052558603570052
1570 0.9880994599440714
1571 0.9880994599440714
1572 0.9880994599440714
1573 0.9880994599440714
1574 1.199846463644285
1575 1.199846463644285
1576 1.199846463644285
1577 1.199846463644285
1578 1.4165554941207914
1579 1.4165554941207914
1580 1.4165554941207914
1581 1.4165554941207914
1582 1.0562918229320561
1583 1.0562918229320561
1584 1.0562918229320561
1585 1.0562918229320561
1586 1.3447077800317606
1587 1.3447077800317606
1588 1.3447077800317606
1589 1.3447077800317606
1590 0.7666030345321753
1591 0.7666030345321753
1592 0.7666030345321753
1593 4.826880143614847
1594 4.826880143614847
1595 4.826880143614847
1596 4.826880143614847
1597 1.2872982265152353
1598 1.2872982265152353
1599 1.2872982265152353
1600 1.2872982265152353
1601 2.265088788876143
1602 2.265088788876143
1603 2.265088788876143
1604 2.265088788876143
1605 3.662984711305218
1606 3.662984711305218
1607 3.662984711305218
1608 3.662984711305218
1609 3.279411400993764
1610 3.279411400993764
1611 3.279411400993764
1612 3.279411400993764
1613 2.7569791667086934
1614 2.7569791667086934
1615 2.7569791667086934
1616 2.7569791667086934
1617 2.806887045859039
1618 2.806887045859039
1619 2.806887045859039
1620 2.806887045859039
1621 0.8807599093769167
1622 0.8807599093769167
1623 0.8807599093769167
1624 0.8807599093769167
1625 1.2660842436897637
1626 1.2660842436897637
1627 1.2660842436897637
1628 1.2660842436897637
1629 2.652986906587413
1630 2.652986906587413
1631 2.652986906587413
1632 2.652986906587413
1633 3.073686494322462
1634 3.073686494322462
1635 3.073686494322462
1636 3.073686494322462
1637 3.525948449957973
1638 3.525948449957973
1639 3.525948449957973
1640 3.525948449957973
1641 3.0644653081092033
1642 3.0644653081092033
1643 3.0644653081092033
1644 3.0644653081092033
1645 3.413376590636715
1646 3.413376590636715
1647 3.413376590636715
1648 3.413376590636715
1649 4.020711097166706
1650 4.020711097166706
1651 4.020711097166706
1652 4.020711097166706
1653 2.5749760964436232
1654 2.5749760964436232
1655 2.5749760964436232
1656 2.5749760964436232
1657 4.559914012794566
1658 4.559914012794566
1659 4.559914012794566
1660 4.559914012794566
1661 4.028058223566118
1662 4.028058223566118
1663 4.028058223566118
1664 4.028058223566118
1665 3.05562217798372
1666 3.05562217798372
1667 3.05562217798372
1668 3.05562217798372
1669 4.832808981380021
1670 4.832808981380021
1671 4.832808981380021
1672 4.832808981380021
1673 3.98388538682389
1674 3.98388538682389
1675 3.98388538682389
1676 3.98388538682389
1677 3.4791379834231297
1678 3.4791379834231297
1679 3.4791379834231297
1680 3.4791379834231297
1681 2.0163118334591417
1682 2.0163118334591417
1683 2.0163118334591417
1684 2.0163118334591417
1685 2.91423382449757
1686 2.91423382449757
1687 2.91423382449757
1688 2.91423382449757
1689 3.3690877312427343
1690 3.3690877312427343
1691 3.3690877312427343
1692 3.3690877312427343
1693 3.6745439378946267
1694 3.6745439378946267
1695 3.6745439378946267
1696 3.6745439378946267
1697 2.6529759498462955
1698 2.6529759498462955
1699 2.6529759498462955
1700 2.6529759498462955
1701 2.136959290669676
1702 2.136959290669676
1703 2.136959290669676
1704 2.136959290669676
1705 1.4361276636454279
1706 1.4361276636454279
1707 1.4361276636454279
1708 1.4361276636454279
1709 3.953306965018837
1710 3.953306965018837
1711 3.953306965018837
1712 3.953306965018837
1713 2.0044170024398764
1714 2.0044170024398764
1715 2.0044170024398764
1716 2.0044170024398764
1717 3.5374625631821566
1718 3.5374625631821566
1719 3.5374625631821566
1720 3.5374625631821566
1721 2.1884915872756974
1722 2.1884915872756974
1723 2.1884915872756974
1724 2.1884915872756974
1725 2.650785267389639
1726 2.650785267389639
1727 2.650785267389639
1728 2.650785267389639
1729 3.1113865123824174
1730 3.1113865123824174
1731 3.1113865123824174
1732 3.1113865123824174
1733 4.88306420772905
1734 4.88306420772905
1735 4.88306420772905
1736 4.88306420772905
1737 1.5585640668040273
1738 1.5585640668040273
1739 1.5585640668040273
1740 1.5585640668040273
1741 1.0262221355674186
1742 1.0262221355674186
1743 1.0262221355674186
1744 1.0262221355674186
1745 1.6119906498269665
1746 1.6119906498269665
1747 1.6119906498269665
1748 1.6119906498269665
1749 3.0274382703335045
1750 3.0274382703335045
1751 3.0274382703335045
1752 3.0274382703335045
1753 3.4888983565148224
1754 3.4888983565148224
1755 3.4888983565148224
1756 3.4888983565148224
1757 3.4793135042929886
1758 3.4793135042929886
1759 3.4793135042929886
1760 3.4793135042929886
1761 1.4367743119031087
1762 1.4367743119031087
1763 1.4367743119031087
1764 1.4367743119031087
1765 2.2683425566076947
1766 2.2683425566076947
1767 2.2683425566076947
1768 2.2683425566076947
1769 1.7791250917862866
1770 1.7791250917862866
1771 1.7791250917862866
1772 1.7791250917862866
1773 2.4010715322474216
1774 2.4010715322474216
1775 2.4010715322474216
1776 2.4010715322474216
1777 3.1010661458426676
1778 3.1010661458426676
1779 3.1010661458426676
1780 3.1010661458426676
1781 3.232606552365927
1782 3.232606552365927
1783 3.232606552365927
1784 3.232606552365927
1785 2.2956927770804803
1786 2.2956927770804803
1787 2.2956927770804803
1788 2.2956927770804803
1789 3.3975243080402175
1790 3.3975243080402175
1791 3.3975243080402175
1792 3.3975243080402175
1793 2.9423646795204013
1794 2.9423646795204013
1795 2.9423646795204013
1796 2.9423646795204013
1797 0.923316729443044
1798 0.923316729443044
1799 0.923316729443044
1800 0.923316729443044
1801 2.271679653811474
1802 2.271679653811474
1803 2.271679653811474
1804 2.271679653811474
1805 1.6254842275947237
1806 1.6254842275947237
1807 1.6254842275947237
1808 1.6254842275947237
1809 3.921339151535867
1810 3.921339151535867
1811 3.921339151535867
1812 3.921339151535867
1813 3.5324001430764627
1814 3.5324001430764627
1815 3.5324001430764627
1816 3.5324001430764627
1817 3.142774190688919
1818 3.142774190688919
1819 3.142774190688919
1820 3.142774190688919
1821 3.4113194166556235
1822 3.4113194166556235
1823 3.4113194166556235
1824 3.4113194166556235
1825 1.5256461439744715
1826 1.5256461439744715
1827 1.5256461439744715
1828 1.5256461439744715
1829 3.5513730314724663
1830 3.5513730314724663
1831 3.5513730314724663
1832 3.5513730314724663
1833 2.3597827023596887
1834 2.3597827023596887
1835 2.3597827023596887
1836 2.3597827023596887
1837 3.8164559815473105
1838 3.8164559815473105
1839 3.8164559815473105
1840 3.8164559815473105
1841 2.35470163303468
1842 2.35470163303468
1843 2.35470163303468
1844 2.35470163303468
1845 2.809256995890576
1846 2.809256995890576
1847 2.809256995890576
1848 2.809256995890576
1849 5.5052833045396
1850 5.5052833045396
1851 5.5052833045396
1852 5.5052833045396
1853 3.957562757196031
1854 3.957562757196031
1855 3.957562757196031
1856 3.957562757196031
1857 3.8017539712892883
1858 3.8017539712892883
1859 3.8017539712892883
1860 3.8017539712892883
1861 2.624838059756007
1862 2.624838059756007
1863 2.624838059756007
1864 2.624838059756007
1865 2.70890019514458
1866 2.70890019514458
1867 2.70890019514458
1868 2.70890019514458
1869 1.690810848365031
1870 1.690810848365031
1871 1.690810848365031
1872 1.690810848365031
1873 3.606854350655826
1874 3.606854350655826
1875 3.606854350655826
1876 3.606854350655826
1877 3.484030643277828
1878 3.484030643277828
1879 3.484030643277828
1880 3.484030643277828
1881 2.7901037633933017
1882 2.7901037633933017
1883 2.7901037633933017
1884 2.7901037633933017
1885 2.263111160590446
1886 2.263111160590446
1887 2.263111160590446
1888 2.263111160590446
1889 2.4114573308224143
1890 2.4114573308224143
1891 2.4114573308224143
1892 2.4114573308224143
1893 1.7961910969206687
1894 1.7961910969206687
1895 1.7961910969206687
1896 1.7961910969206687
1897 2.670577264418153
1898 2.670577264418153
1899 2.670577264418153
1900 2.670577264418153
1901 2.4511846212162354
1902 2.4511846212162354
1903 2.4511846212162354
1904 2.4511846212162354
1905 1.3514574386556664
1906 1.3514574386556664
1907 1.3514574386556664
1908 1.3514574386556664
1909 1.5786611107824524
1910 1.5786611107824524
1911 1.5786611107824524
1912 1.5786611107824524
1913 2.4221305853606294
1914 2.4221305853606294
1915 2.4221305853606294
1916 2.4221305853606294
1917 3.3756377771722264
1918 3.3756377771722264
1919 3.3756377771722264
1920 3.3756377771722264
1921 2.281782583790252
1922 2.281782583790252
1923 2.281782583790252
1924 2.281782583790252
1925 2.463445201252315
1926 2.463445201252315
1927 2.463445201252315
1928 2.463445201252315
1929 2.17799590322534
1930 2.17799590322534
1931 2.17799590322534
1932 2.17799590322534
1933 3.196034374700132
1934 3.196034374700132
1935 3.196034374700132
1936 3.196034374700132
1937 1.4928218825383393
1938 1.4928218825383393
1939 1.4928218825383393
1940 1.4928218825383393
1941 2.642701495224456
1942 2.642701495224456
1943 2.642701495224456
1944 2.642701495224456
1945 2.567131301376195
1946 2.567131301376195
1947 2.567131301376195
1948 2.567131301376195
1949 0.2564978764813083
1950 0.2564978764813083
1951 3.924115495991271
1952 3.924115495991271
1953 3.924115495991271
1954 3.924115495991271
1955 2.07571451343319
1956 2.07571451343319
1957 2.07571451343319
1958 2.07571451343319
1959 2.887588376016703
1960 2.887588376016703
1961 2.887588376016703
1962 2.887588376016703
1963 1.0732870303560524
1964 1.0732870303560524
1965 1.0732870303560524
1966 1.0732870303560524
1967 3.327983547682278
1968 3.327983547682278
1969 3.327983547682278
1970 3.327983547682278
1971 2.4185484607306362
1972 2.4185484607306362
1973 2.4185484607306362
1974 2.4185484607306362
1975 2.289130736964832
1976 2.289130736964832
1977 2.289130736964832
1978 2.289130736964832
1979 2.6064712776751193
1980 2.6064712776751193
1981 2.6064712776751193
1982 2.6064712776751193
1983 3.27568787743499
1984 3.27568787743499
1985 3.27568787743499
1986 3.27568787743499
1987 3.298813605920551
1988 3.298813605920551
1989 3.298813605920551
1990 3.298813605920551
1991 1.7245326018419453
1992 1.7245326018419453
1993 1.7245326018419453
1994 1.7245326018419453
1995 2.929778837299551
1996 2.929778837299551
1997 2.929778837299551
1998 2.929778837299551
1999 1.5487877950701108
