0 0.545607028067234
1 0.545607028067234
2 0.7894878939658072
3 0.7894878939658072
4 0.7229324584863096
5 0.7229324584863096
6 0.6678465751201675
7 0.6678465751201675
8 0.5860486667769418
9 0.5860486667769418
10 0.6003958105640952
11 0.6003958105640952
12 0.7471717447185618
13 0.7471717447185618
14 0.6717906375748582
15 0.6717906375748582
16 0.5820547904521644
17 0.5820547904521644
18 0.43317232351286533
19 0.43317232351286533
20 0.5416376214696834
21 0.5416376214696834
22 0.8069688660282321
23 0.8069688660282321
24 0.7870336156425808
25 0.7870336156425808
26 0.6727824321940576
27 0.6727824321940576
28 0.6812004366120603
29 0.6812004366120603
30 0.7718672115949715
31 0.7718672115949715
32 0.7957427514283826
33 0.7957427514283826
34 0.717022720268718
35 0.717022720268718
36 0.725831960089258
37 0.725831960089258
38 0.5835202756231311
39 0.5835202756231311
40 0.5847010727954627
41 0.5847010727954627
42 0.5580224379611889
43 0.5580224379611889
44 0.5982755719224002
45 0.5982755719224002
46 0.7449147197745627
47 0.7449147197745627
48 0.48457726617353447
49 0.48457726617353447
50 0.6236494854428517
51 0.6236494854428517
52 0.9505422780423985
53 0.9505422780423985
54 0.5945622859712753
55 0.5945622859712753
56 0.6016949378258202
57 0.6016949378258202
58 0.6386586794991403
59 0.6386586794991403
60 0.6512011647812339
61 0.6512011647812339
62 0.7928704129617219
63 0.7928704129617219
64 0.7077685014051318
65 0.7077685014051318
66 0.5858960942200206
67 0.5858960942200206
68 0.5625648365395278
69 0.5625648365395278
70 0.7347704644444939
71 0.7347704644444939
72 0.8464213936695475
73 0.8464213936695475
74 0.44379932192485083
75 0.44379932192485083
76 0.5477657239507084
77 0.5477657239507084
78 0.6707371158622502
79 0.6707371158622502
80 0.4211761443837432
81 0.4211761443837432
82 0.5372196479018704
83 0.5372196479018704
84 0.6605612277690719
85 0.6605612277690719
86 0.8535058359131036
87 0.8535058359131036
88 0.7637513188578722
89 0.7637513188578722
90 0.5800237808565907
91 0.5800237808565907
92 0.6549412436972638
93 0.6549412436972638
94 0.40525848072863685
95 0.40525848072863685
96 0.6491595288634772
97 0.6491595288634772
98 0.6902173447213075
99 0.6902173447213075
100 0.5625044809138181
101 0.5625044809138181
102 0.6407768035158483
103 0.6407768035158483
104 0.6017578528256187
105 0.6017578528256187
106 0.6849548292952179
107 0.6849548292952179
108 0.6805132608677829
109 0.6805132608677829
110 0.4813115953531554
111 0.4813115953531554
112 0.7548912367981829
113 0.7548912367981829
114 0.6235015237244611
115 0.6235015237244611
116 0.6017861621587179
117 0.6017861621587179
118 0.6803894124482432
119 0.6803894124482432
120 0.41981710593615784
121 0.41981710593615784
122 0.6758477790124594
123 0.6758477790124594
124 0.6487592266064902
125 0.6487592266064902
126 0.6305864897148158
127 0.6305864897148158
128 0.42503798674803195
129 0.42503798674803195
130 0.5748625223637144
131 0.5748625223637144
132 0.6561502805108204
133 0.6561502805108204
134 0.4161230108745866
135 0.4161230108745866
136 0.6392109474250538
137 0.6392109474250538
138 0.5923956640781453
139 0.5923956640781453
140 0.5590559920538604
141 0.5590559920538604
142 0.5667430864636013
143 0.5667430864636013
144 0.5505842371916473
145 0.5505842371916473
146 0.6923556413354124
147 0.6923556413354124
148 0.6914686974396784
149 0.6914686974396784
150 0.7632636747164429
151 0.7632636747164429
152 0.6066821949597496
153 0.6066821949597496
154 0.7696146232723124
155 0.7696146232723124
156 0.6094416607632959
157 0.6094416607632959
158 0.7301409940065262
159 0.7301409940065262
160 0.6370336595276559
161 0.6370336595276559
162 0.722117878352515
163 0.722117878352515
164 0.5042431615625047
165 0.5042431615625047
166 0.6234070531323219
167 0.6234070531323219
168 0.6726105445882246
169 0.6726105445882246
170 0.6627477790947235
171 0.6627477790947235
172 0.6175510533212542
173 0.6175510533212542
174 0.7971242962344463
175 0.7971242962344463
176 0.8311321488973666
177 0.8311321488973666
178 0.5658239582885664
179 0.5658239582885664
180 0.5698939333506066
181 0.5698939333506066
182 0.7427605247699842
183 0.7427605247699842
184 0.5535677381974521
185 0.5535677381974521
186 0.7381631981925185
187 0.7381631981925185
188 0.6171140528748955
189 0.6171140528748955
190 0.4669913348346165
191 0.4669913348346165
192 0.7180799046136953
193 0.7180799046136953
194 0.6056625118664093
195 0.6056625118664093
196 0.6018304045149815
197 0.6018304045149815
198 0.7468979209153694
199 0.7468979209153694
200 0.4865373203611387
201 0.4865373203611387
202 0.7035062779350464
203 0.7035062779350464
204 0.706266053257267
205 0.706266053257267
206 0.6334558579770138
207 0.6334558579770138
208 0.6659705151334904
209 0.6659705151334904
210 0.6418769846146914
211 0.6418769846146914
212 0.6153336711784752
213 0.6153336711784752
214 0.557108368404
215 0.557108368404
216 0.6649524008720074
217 0.6649524008720074
218 0.7320847951363996
219 0.7320847951363996
220 0.7222152545508492
221 0.7222152545508492
222 0.5739260517810523
223 0.5739260517810523
224 0.6019588045755428
225 0.6019588045755428
226 0.6571890185500494
227 0.6571890185500494
228 0.6801766124652844
229 0.6801766124652844
230 0.6261923952963117
231 0.6261923952963117
232 0.559057807047469
233 0.559057807047469
234 0.6009060081556822
235 0.6009060081556822
236 0.6002621988747096
237 0.6002621988747096
238 0.803298030381439
239 0.803298030381439
240 0.568979792372966
241 0.568979792372966
242 0.6271802627883915
243 0.6271802627883915
244 0.6008632798116543
245 0.6008632798116543
246 0.5934553709550251
247 0.5934553709550251
248 0.6721079799566707
249 0.6721079799566707
250 0.46780763737230535
251 0.46780763737230535
252 1.5617569273054055
253 1.5617569273054055
254 3.9315807049035363
255 3.9315807049035363
256 3.913992482257812
257 3.913992482257812
258 3.198211866872312
259 3.198211866872312
260 3.852410307467051
261 3.852410307467051
262 4.167097264124171
263 4.167097264124171
264 3.736577023290796
265 3.736577023290796
266 3.4950292707114614
267 3.4950292707114614
268 3.7089257788448737
269 3.7089257788448737
270 3.4347973861913097
271 3.4347973861913097
272 3.3845402923537167
273 3.3845402923537167
274 3.1983522591711346
275 3.1983522591711346
276 4.091279318687979
277 4.091279318687979
278 3.4286856807526394
279 3.4286856807526394
280 3.533527811560326
281 3.533527811560326
282 3.2776660041584718
283 3.2776660041584718
284 4.5208504180843505
285 4.5208504180843505
286 4.179255875726012
287 4.179255875726012
288 2.9994564047121757
289 2.9994564047121757
290 3.3359749798249787
291 3.3359749798249787
292 3.0100480310792257
293 3.0100480310792257
294 3.8972851858058033
295 3.8972851858058033
296 3.4835871303728903
297 3.4835871303728903
298 2.41125432760483
299 2.41125432760483
300 4.436969459797073
301 4.436969459797073
302 3.6788396744004785
303 3.6788396744004785
304 3.554775777995296
305 3.554775777995296
306 3.1466466549682393
307 3.1466466549682393
308 4.946929009415605
309 4.946929009415605
310 4.20664936381297
311 4.20664936381297
312 3.949587500541606
313 3.949587500541606
314 3.7435527656008185
315 3.7435527656008185
316 3.639495455975411
317 3.639495455975411
318 4.766702208445627
319 4.766702208445627
320 4.109161592124632
321 4.109161592124632
322 3.094324030800098
323 3.094324030800098
324 3.707712096619242
325 3.707712096619242
326 3.8108007015349408
327 3.8108007015349408
328 3.7933949255781
329 3.7933949255781
330 4.52714097710866
331 4.52714097710866
332 3.397886795412199
333 3.397886795412199
334 3.45140175129926
335 3.45140175129926
336 3.291238915259228
337 3.291238915259228
338 3.6376709611142926
339 3.6376709611142926
340 3.962070074284311
341 3.962070074284311
342 3.938031234808149
343 3.938031234808149
344 4.031782311438818
345 4.031782311438818
346 4.240231105632951
347 4.240231105632951
348 3.4552374944899227
349 3.4552374944899227
350 4.046912816606411
351 4.046912816606411
352 3.275156995229289
353 3.275156995229289
354 4.160550251025427
355 4.160550251025427
356 4.210065747744603
357 4.210065747744603
358 4.4491413716126615
359 4.4491413716126615
360 3.598348622452499
361 3.598348622452499
362 4.299960152434427
363 4.299960152434427
364 3.9494575878491327
365 2.8465720320497105
366 2.8465720320497105
367 2.7666122761581997
368 2.7666122761581997
369 2.9833990146660097
370 2.9833990146660097
371 3.078820883708345
372 3.078820883708345
373 2.7812607992337672
374 2.7812607992337672
375 2.837332378962077
376 2.837332378962077
377 2.5664572674898154
378 2.5664572674898154
379 3.4975751444415017
380 3.4975751444415017
381 2.3131000077852013
382 2.3131000077852013
383 3.417532364134662
384 3.417532364134662
385 3.0506061158651785
386 3.0506061158651785
387 3.1658272675384143
388 3.1658272675384143
389 2.7412476748487773
390 2.7412476748487773
391 3.2347307378148957
392 3.2347307378148957
393 2.3585341519069356
394 2.3585341519069356
395 2.9421937568532104
396 2.9421937568532104
397 2.691171029988519
398 2.691171029988519
399 2.7427329400978566
400 2.7427329400978566
401 2.9973663161683852
402 2.9973663161683852
403 3.511556683362053
404 3.511556683362053
405 2.4884130711434236
406 2.4884130711434236
407 3.0223680664977395
408 3.0223680664977395
409 3.5850289439604874
410 3.5850289439604874
411 3.3361583206598473
412 3.3361583206598473
413 3.3379663756465976
414 3.3379663756465976
415 2.8679441958445855
416 2.8679441958445855
417 3.7949886893169698
418 3.7949886893169698
419 2.9108414466409336
420 2.9108414466409336
421 2.2911963365747656
422 2.2911963365747656
423 3.7794861477806028
424 3.7794861477806028
425 3.6848541320011488
426 3.6848541320011488
427 3.4209705219799496
428 3.4209705219799496
429 3.479699732235976
430 3.479699732235976
431 3.545488186757205
432 3.545488186757205
433 3.0931495720276647
434 3.0931495720276647
435 3.0470275847127875
436 3.0470275847127875
437 3.464947079995136
438 3.464947079995136
439 4.285830107499939
440 4.285830107499939
441 3.6948745757177646
442 3.6948745757177646
443 3.4490632871506484
444 3.4490632871506484
445 3.709008869032766
446 3.709008869032766
447 2.675738221409211
448 2.675738221409211
449 2.8459595480796964
450 2.8459595480796964
451 3.8278006260111526
452 3.8278006260111526
453 3.336778237068404
454 3.336778237068404
455 2.8976188304272283
456 2.8976188304272283
457 3.0360021435018245
458 3.0360021435018245
459 3.3492089297162138
460 3.3492089297162138
461 4.136289736798185
462 4.136289736798185
463 2.9758815478328464
464 2.9758815478328464
465 3.113006760277679
466 3.113006760277679
467 3.7603106016819905
468 3.7603106016819905
469 4.98518714652879
470 4.98518714652879
471 3.7161221543653973
472 3.7161221543653973
473 2.2534332821880394
474 2.2534332821880394
475 3.1459642535376235
476 3.1459642535376235
477 3.811544122844942
478 3.811544122844942
479 3.284017924376429
480 3.284017924376429
481 3.660699602576057
482 3.660699602576057
483 4.2292360678954495
484 4.2292360678954495
485 3.4203870189002092
486 3.4203870189002092
487 3.455593518512526
488 3.455593518512526
489 2.9861964254558013
490 2.9861964254558013
491 3.2445456710435443
492 3.2445456710435443
493 3.807198821073476
494 3.807198821073476
495 4.058567750388692
496 4.058567750388692
497 3.261100802397108
498 3.261100802397108
499 2.6700410887154375
500 2.6700410887154375
501 3.5697725334086114
502 3.5697725334086114
503 3.444845813050771
504 3.444845813050771
505 3.0458919234359763
506 3.0458919234359763
507 3.568650176710547
508 3.568650176710547
509 3.6983103786946083
510 3.6983103786946083
511 4.113629535968625
512 4.113629535968625
513 2.5632280815649118
514 2.5632280815649118
515 3.2005016004853117
516 3.2005016004853117
517 3.5974625755000615
518 3.5974625755000615
519 3.4872352262640387
520 3.4872352262640387
521 3.661476448782366
522 3.661476448782366
523 3.576467407957087
524 3.576467407957087
525 3.7699362024939975
526 3.7699362024939975
527 3.7366476348848354
528 3.7366476348848354
529 3.9222102035169497
530 3.9222102035169497
531 3.391272778863683
532 3.391272778863683
533 4.291359247878126
534 4.291359247878126
535 3.7599047703479194
536 3.7599047703479194
537 3.2078211164476946
538 3.2078211164476946
539 2.812134300112763
540 2.812134300112763
541 3.747970257588046
542 3.747970257588046
543 3.995108854696154
544 3.995108854696154
545 2.9381990702628795
546 2.9381990702628795
547 3.310799101687977
548 3.310799101687977
549 3.3498088896963556
550 3.3498088896963556
551 3.140385294524349
552 3.140385294524349
553 2.9565654465787574
554 2.9565654465787574
555 3.5766758344696243
556 3.5766758344696243
557 4.187599099804127
558 4.187599099804127
559 3.2089017282179975
560 3.2089017282179975
561 3.522198418855028
562 3.522198418855028
563 3.9169851730474052
564 3.9169851730474052
565 3.397950383941331
566 3.397950383941331
567 4.011098754773387
568 4.011098754773387
569 3.952077899226565
570 3.952077899226565
571 3.2022806974437867
572 3.2022806974437867
573 2.3673589668635424
574 2.3673589668635424
575 3.365721129927615
576 3.365721129927615
577 3.1667027113448736
578 3.1667027113448736
579 3.7367608674898323
580 3.7367608674898323
581 4.151172357782699
582 4.151172357782699
583 2.3938307060817836
584 2.3938307060817836
585 3.669098357788938
586 3.669098357788938
587 3.0130694787628287
588 3.0130694787628287
589 4.388015273606711
590 4.388015273606711
591 3.9961819715380367
592 3.9961819715380367
593 3.5383372959870973
594 3.5383372959870973
595 3.6966809439859576
596 3.6966809439859576
597 3.9218393311703585
598 3.9218393311703585
599 3.2406372502939966
600 3.2406372502939966
601 3.856624805493341
602 3.856624805493341
603 3.9427633784655147
604 3.9427633784655147
605 3.6964367753522773
606 3.6964367753522773
607 3.926360324473725
608 3.926360324473725
609 3.3140898059074315
610 3.3140898059074315
611 5.297333925851953
612 5.297333925851953
613 4.574548855797607
614 4.574548855797607
615 4.053228890657697
616 4.053228890657697
617 4.054735767070411
618 4.054735767070411
619 3.8508688873847325
620 3.8508688873847325
621 3.3539897063530475
622 3.3539897063530475
623 3.4492097289020656
624 3.4492097289020656
625 3.6943646567508885
626 3.6943646567508885
627 3.06806389055833
628 3.06806389055833
629 4.157408393350348
630 4.157408393350348
631 2.860508343979956
632 2.860508343979956
633 3.7792913877700185
634 3.7792913877700185
635 3.7334356463387834
636 3.7334356463387834
637 4.009767817200648
638 4.009767817200648
639 3.7277864490793706
640 3.7277864490793706
641 3.9990809013416526
642 3.9990809013416526
643 5.447712269602409
644 5.447712269602409
645 2.575897441884317
646 2.9438585920989757
647 2.9438585920989757
648 2.7016273277106433
649 2.7016273277106433
650 2.38600289834175
651 2.38600289834175
652 3.397702695443199
653 3.397702695443199
654 3.24345074851753
655 3.24345074851753
656 2.745364649720041
657 2.745364649720041
658 3.863855174877971
659 3.863855174877971
660 3.0500163537299687
661 3.0500163537299687
662 2.581767662917136
663 2.581767662917136
664 3.1869362704986366
665 3.1869362704986366
666 3.3457179192054105
667 3.3457179192054105
668 2.581360946632893
669 2.581360946632893
670 2.8107072342133446
671 2.8107072342133446
672 2.4614708123572635
673 2.4614708123572635
674 3.381543409683046
675 3.381543409683046
676 2.640697157085641
677 2.640697157085641
678 2.5353757369530507
679 2.5353757369530507
680 2.945058048879956
681 2.945058048879956
682 2.113409626744855
683 2.113409626744855
684 2.6560466514051004
685 2.6560466514051004
686 3.1515165091775836
687 3.1515165091775836
688 3.0519180193027973
689 3.0519180193027973
690 3.071588274991309
691 3.071588274991309
692 3.402481044424818
693 3.402481044424818
694 3.370105140648497
695 3.370105140648497
696 2.4295548680948427
697 2.4295548680948427
698 3.2807446484134637
699 3.2807446484134637
700 3.4721588116848836
701 3.4721588116848836
702 3.0255783851090454
703 3.0255783851090454
704 3.417176450579255
705 3.417176450579255
706 1.8989436993588706
707 1.8989436993588706
708 2.729494553960345
709 2.729494553960345
710 2.1747265762922496
711 2.1747265762922496
712 2.925136171682631
713 2.925136171682631
714 2.9653312809802057
715 2.9653312809802057
716 2.817161609985708
717 2.817161609985708
718 2.5819569590650095
719 2.5819569590650095
720 2.8439450125646313
721 2.8439450125646313
722 3.246823438258438
723 3.246823438258438
724 3.1705177551243033
725 3.1705177551243033
726 2.9573708828192564
727 2.9573708828192564
728 2.6973536207268554
729 3.0314585204507396
730 3.0314585204507396
731 2.6297819902010473
732 2.6297819902010473
733 3.5841835229993606
734 3.5841835229993606
735 2.991729558554638
736 2.991729558554638
737 3.246494588540185
738 3.246494588540185
739 2.5423661852393193
740 2.5423661852393193
741 4.1501036312972674
742 0.8493243511528928
743 0.8493243511528928
744 0.6645094104139414
745 0.6645094104139414
746 0.6916775475722344
747 0.6916775475722344
748 0.6864306072701432
749 0.6864306072701432
750 0.7421650963190369
751 0.7421650963190369
752 0.5870573450222224
753 0.5870573450222224
754 0.7704667979510965
755 0.7704667979510965
756 0.6273637810430005
757 0.6273637810430005
758 4.530637001010026
759 4.530637001010026
760 4.492390025688536
761 4.492390025688536
762 3.724620337857702
763 3.724620337857702
764 3.9535565126790315
765 3.9535565126790315
766 3.326256412711772
767 3.326256412711772
768 4.021955637080213
769 4.021955637080213
770 4.824755715702379
771 4.824755715702379
772 3.755276238986071
773 3.755276238986071
774 3.301251301638688
775 3.301251301638688
776 5.210630039824187
777 5.210630039824187
778 4.032832825167214
779 1.342595987432516
780 1.342595987432516
781 1.5584611527375591
782 1.5584611527375591
783 1.5106673485646653
784 1.5106673485646653
785 1.556575287597112
786 1.556575287597112
787 2.152045477503007
788 2.152045477503007
789 1.832803614883107
790 1.832803614883107
791 1.581064805622409
792 1.581064805622409
793 1.4832438419636567
794 1.4832438419636567
795 1.3438640590875337
796 1.3438640590875337
797 1.8383807064402307
798 1.8383807064402307
799 1.6505700500398444
800 1.6505700500398444
801 1.6555547480458905
802 1.6555547480458905
803 1.7301883282646648
804 1.7301883282646648
805 1.7182259962156308
806 1.7182259962156308
807 1.86641603757186
808 0.20251780571092326
809 0.20251780571092326
810 0.16959937979979517
811 0.16959937979979517
812 0.1774577535557297
813 0.1774577535557297
814 0.17336297015659474
815 0.17336297015659474
816 0.2634903122247769
817 0.2634903122247769
818 0.20107132764605976
819 0.20107132764605976
820 0.17820726650268257
821 0.17820726650268257
822 0.19605286892620175
823 0.19605286892620175
824 0.19813370779498093
825 0.19813370779498093
826 0.157405677817473
827 0.157405677817473
828 0.1980273042089411
829 0.1980273042089411
830 0.18446249070349496
831 0.18446249070349496
832 0.24103653616815568
833 0.24103653616815568
834 0.1591923420635117
835 0.1591923420635117
836 0.19551140001812567
837 0.19551140001812567
838 0.21659758784869018
839 0.21659758784869018
840 0.18010652707891808
841 0.18010652707891808
842 0.2133159404859804
843 0.2133159404859804
844 0.23426084900429706
845 0.23426084900429706
846 0.2263887711004347
847 0.2263887711004347
848 0.19182520317112664
849 0.19182520317112664
850 0.2608960056029346
851 0.2608960056029346
852 0.2141371735889467
853 0.2141371735889467
854 0.24421930272024314
855 0.24421930272024314
856 0.22392859062701417
857 0.22392859062701417
858 0.17895735835188573
859 0.17895735835188573
860 1.857171819788749
861 1.857171819788749
862 1.7565794088168565
863 1.7565794088168565
864 1.6491634337706211
865 1.6491634337706211
866 1.1548695123845472
867 1.1548695123845472
868 1.7971573741168747
869 1.7971573741168747
870 1.6640292406644488
871 1.6640292406644488
872 1.5226921618287965
873 1.5226921618287965
874 1.5035345793885855
875 1.5035345793885855
876 2.0637271826058936
877 2.0637271826058936
878 1.6915590153195696
879 1.6915590153195696
880 1.6183026374266134
881 1.6183026374266134
882 1.5008166743374391
883 1.5008166743374391
884 1.6757611545334998
885 1.6757611545334998
886 1.1643946539093606
887 1.1643946539093606
888 1.4493966220065628
889 1.4493966220065628
890 1.6601430433526208
891 1.6601430433526208
892 1.7367067758711123
893 1.7367067758711123
894 1.3985956913395452
895 1.3985956913395452
896 1.352303422505904
897 1.352303422505904
898 1.6762741520782596
899 1.6762741520782596
900 1.5320527471274958
901 1.5320527471274958
902 1.7981776656156814
903 1.7981776656156814
904 1.8960266150185343
905 1.8960266150185343
906 1.1794796062694441
907 1.1794796062694441
908 1.4092622370686956
909 1.4092622370686956
910 0.889174995265456
911 0.889174995265456
912 1.2377509449641375
913 1.2377509449641375
914 0.9196076688252321
915 0.9196076688252321
916 1.0593689994872182
917 1.0593689994872182
918 0.6940159379617832
919 0.6940159379617832
920 1.5039567407621144
921 1.5039567407621144
922 1.136187219833875
923 1.136187219833875
924 0.9758662820887173
925 0.9758662820887173
926 1.143116829740667
927 1.143116829740667
928 1.156019838331411
929 1.156019838331411
930 1.0609430211138293
931 3.8117976477555153
932 3.8117976477555153
933 3.2575119544772213
934 3.2575119544772213
935 4.000830172204952
936 4.000830172204952
937 3.5787244120695743
938 3.5787244120695743
939 4.257713690840951
940 4.257713690840951
941 4.585904299253428
942 4.585904299253428
943 5.1500797868133175
944 5.1500797868133175
945 3.3719467195066306
946 3.3719467195066306
947 5.048590786974315
948 5.048590786974315
949 3.0901518259886
950 3.0901518259886
951 4.869691072697944
952 4.869691072697944
953 5.463444659062307
954 5.463444659062307
955 2.960245524596184
956 2.960245524596184
957 2.251663605753283
958 2.251663605753283
959 2.4908934647232885
960 2.4908934647232885
961 2.5821153654256723
962 2.5821153654256723
963 2.418498734197
964 2.418498734197
965 2.302932017010997
966 2.302932017010997
967 2.3452848358801135
968 2.3452848358801135
969 3.1174726571444724
970 3.1174726571444724
971 2.7211389811648035
972 2.7211389811648035
973 2.643451071246535
974 2.643451071246535
975 2.635581371340514
976 2.635581371340514
977 2.3653451930377867
978 2.3653451930377867
979 2.6567823978079272
980 2.6567823978079272
981 3.182202993598894
982 3.182202993598894
983 2.7835100111704465
984 2.7835100111704465
985 2.8615848958685404
986 2.8615848958685404
987 2.5375228084771475
988 2.5375228084771475
989 3.008040266763853
990 3.008040266763853
991 2.514954184694536
992 2.514954184694536
993 2.511325631770555
994 2.511325631770555
995 2.642920459232669
996 2.642920459232669
997 1.8101361055690877
998 1.8101361055690877
999 2.1244985870513133
1000 2.1244985870513133
1001 1.7927067635500888
1002 1.7927067635500888
1003 3.0538912881274727
1004 3.0538912881274727
1005 2.6090930126948084
1006 2.6090930126948084
1007 2.1256358149798
1008 2.1256358149798
1009 2.7777869566492277
1010 2.7777869566492277
1011 1.8686981108894425
1012 1.8686981108894425
1013 2.4148848058131005
1014 2.4148848058131005
1015 2.841695338524825
1016 2.841695338524825
1017 2.326439736103642
1018 2.326439736103642
1019 2.6332760532839536
1020 2.6332760532839536
1021 2.828444170256173
1022 2.828444170256173
1023 1.8785641271179014
1024 1.8785641271179014
1025 2.6531656349954096
1026 2.6531656349954096
1027 2.392607139471762
1028 2.392607139471762
1029 2.482006227178038
1030 2.482006227178038
1031 1.8762129496082247
1032 1.8762129496082247
1033 2.7096034304371197
1034 1.001652944768025
1035 1.001652944768025
1036 1.2809980421077838
1037 1.2809980421077838
1038 1.475213667280076
1039 1.475213667280076
1040 1.124008899850043
1041 2.998718679300002
1042 2.998718679300002
1043 2.705940489126507
1044 2.705940489126507
1045 3.74060281369107
1046 3.74060281369107
1047 4.015508646286815
1048 4.015508646286815
1049 2.6643284145498485
1050 2.6643284145498485
1051 3.742616747660286
1052 3.742616747660286
1053 2.7772448639718252
1054 2.7772448639718252
1055 3.0357705157262584
1056 3.0357705157262584
1057 4.014764103791324
1058 4.014764103791324
1059 2.970782180763914
1060 2.970782180763914
1061 3.024146833974897
1062 3.024146833974897
1063 2.7092976137592784
1064 2.7092976137592784
1065 3.204127791698929
1066 3.204127791698929
1067 3.8285881183592574
1068 3.8285881183592574
1069 3.1594432481797172
1070 3.1594432481797172
1071 3.551331979116692
1072 3.551331979116692
1073 3.2621504111325472
1074 3.2621504111325472
1075 3.879824120908822
1076 3.879824120908822
1077 3.0322426263081135
1078 3.0322426263081135
1079 3.856037860014405
1080 3.856037860014405
1081 3.6215941528720323
1082 3.6215941528720323
1083 3.5603206707057837
1084 3.5603206707057837
1085 3.3517702799517304
1086 3.3517702799517304
1087 3.7310217957407437
1088 3.7310217957407437
1089 3.427082185696299
1090 3.427082185696299
1091 4.19785750368723
1092 4.19785750368723
1093 2.958996600563858
1094 2.958996600563858
1095 2.876326419420469
1096 2.876326419420469
1097 3.5790025935826493
1098 3.5790025935826493
1099 3.7348017019706674
1100 3.7348017019706674
1101 2.7088359929313777
1102 2.7088359929313777
1103 3.549236584185523
1104 3.549236584185523
1105 3.2595188995302733
1106 2.2050840055555123
1107 2.2050840055555123
1108 2.8421455727598564
1109 2.8421455727598564
1110 2.102531228805787
1111 2.102531228805787
1112 2.613083022609552
1113 2.613083022609552
1114 3.1731810488866414
1115 3.1731810488866414
1116 1.8114999061812616
1117 1.8114999061812616
1118 2.3220303614139235
1119 2.3220303614139235
1120 2.8316832308412514
1121 2.8316832308412514
1122 1.8553785742278195
1123 1.8553785742278195
1124 1.8512163490578035
1125 1.8512163490578035
1126 2.2990130379897304
1127 2.2990130379897304
1128 2.7456546360567047
1129 2.7456546360567047
1130 2.189818867286605
1131 2.189818867286605
1132 2.7107300406099637
1133 2.7107300406099637
1134 2.7558408720441565
1135 2.7558408720441565
1136 3.15616594428322
1137 3.15616594428322
1138 2.1123107410709414
1139 2.1123107410709414
1140 2.9799688996771705
1141 2.9799688996771705
1142 2.0752894896703404
1143 2.0752894896703404
1144 2.7363174360220595
1145 2.7363174360220595
1146 2.0872571924085808
1147 2.0872571924085808
1148 2.6809940696587877
1149 2.6809940696587877
1150 3.1503751776794053
1151 3.1503751776794053
1152 2.2311036470022474
1153 2.2311036470022474
1154 2.784528724638695
1155 2.784528724638695
1156 2.464058343064477
1157 2.464058343064477
1158 2.170766777490993
1159 2.170766777490993
1160 2.5309319024924046
1161 2.5309319024924046
1162 2.6739859751570676
1163 2.6739859751570676
1164 2.478543167443184
1165 2.478543167443184
1166 2.4243288314642104
1167 2.4243288314642104
1168 2.344563776870724
1169 2.344563776870724
1170 2.766685098230268
1171 2.766685098230268
1172 2.2543029303875017
1173 2.2543029303875017
1174 2.464540319814402
1175 2.464540319814402
1176 2.662554251091513
1177 2.662554251091513
1178 1.7128706366435131
1179 1.7128706366435131
1180 2.6071187310844577
1181 2.6071187310844577
1182 2.92303387481018
1183 2.92303387481018
1184 2.8681383483040817
1185 2.8681383483040817
1186 2.4297986950441017
1187 2.4297986950441017
1188 2.1609118651807715
1189 2.1609118651807715
1190 1.0369284267671066
1191 1.0369284267671066
1192 0.7075848738732338
1193 0.7075848738732338
1194 1.160533457906728
1195 1.160533457906728
1196 0.9937675188036954
1197 0.9937675188036954
1198 1.2033301003221628
1199 1.2033301003221628
1200 1.4068008905636187
1201 1.4068008905636187
1202 1.1068190388766854
1203 1.1068190388766854
1204 1.219420327049089
1205 1.219420327049089
1206 1.1345711712876638
1207 1.1345711712876638
1208 1.3112850834934209
1209 1.3112850834934209
1210 1.0287997786425098
1211 1.0287997786425098
1212 0.8347325784555928
1213 0.8347325784555928
1214 1.0893554534732666
1215 1.0893554534732666
1216 1.1905096596945277
1217 1.1905096596945277
1218 1.2902547524495918
1219 1.2902547524495918
1220 0.9891166195352707
1221 0.9891166195352707
1222 1.1030654639199817
1223 1.1030654639199817
1224 1.370439674241943
1225 1.370439674241943
1226 1.4405380813551183
1227 1.4405380813551183
1228 1.4360909279062168
1229 1.4360909279062168
1230 0.9945441764022732
1231 0.9945441764022732
1232 1.3048425268595927
1233 1.3048425268595927
1234 1.0889190658778267
1235 1.0889190658778267
1236 1.1632935231349226
1237 0.7613342395151758
1238 0.7613342395151758
1239 0.6897016490199736
1240 0.6897016490199736
1241 0.7479703027272561
1242 0.7479703027272561
1243 0.6475937334180855
1244 0.6475937334180855
1245 0.5214151713948059
1246 0.5214151713948059
1247 0.6022861880422111
1248 0.6022861880422111
1249 0.653628071259504
1250 0.653628071259504
1251 0.6743787437687943
1252 0.6743787437687943
1253 0.8502648387786729
1254 0.8502648387786729
1255 0.6481118570032501
1256 0.6481118570032501
1257 0.71188859369429
1258 0.71188859369429
1259 0.6159929855812801
1260 0.6159929855812801
1261 0.7201657258790237
1262 0.7201657258790237
1263 0.7123568615604886
1264 0.7123568615604886
1265 0.6483062476102851
1266 0.6483062476102851
1267 0.5878512831768032
1268 0.5878512831768032
1269 0.6424923949663991
1270 0.6424923949663991
1271 0.6589397261862451
1272 0.6589397261862451
1273 0.7077895763607618
1274 0.7077895763607618
1275 0.763251762493057
1276 0.763251762493057
1277 0.8051410629084791
1278 0.8051410629084791
1279 0.6366439238990683
1280 0.6366439238990683
1281 0.71126944453797
1282 0.71126944453797
1283 0.5946442325706752
1284 0.5946442325706752
1285 0.5951279130922345
1286 0.5951279130922345
1287 0.7435062418385362
1288 0.7435062418385362
1289 0.6681768062083027
1290 0.6681768062083027
1291 0.6511394870488634
1292 0.6511394870488634
1293 0.7019991136728445
1294 0.7019991136728445
1295 0.9160147629781643
1296 0.9160147629781643
1297 0.5518131026594292
1298 0.5518131026594292
1299 0.5973893554212599
1300 1.513851100569392
1301 1.513851100569392
1302 1.1400793961733326
1303 1.1400793961733326
1304 1.0757090149207864
1305 1.0757090149207864
1306 1.5865809968372535
1307 1.5865809968372535
1308 2.052300358671703
1309 2.052300358671703
1310 2.0986203597729145
1311 2.0986203597729145
1312 1.2583391902604801
1313 1.2583391902604801
1314 1.7071846649295987
1315 1.7071846649295987
1316 1.2041886470856717
1317 1.2041886470856717
1318 1.216928844541332
1319 1.216928844541332
1320 1.4047718231477377
1321 1.4047718231477377
1322 1.6850995954675916
1323 1.6850995954675916
1324 2.042825708141461
1325 2.042825708141461
1326 1.4629878928128912
1327 1.4629878928128912
1328 1.1968290441739455
1329 1.1968290441739455
1330 1.8300381067413245
1331 1.8300381067413245
1332 1.5982749084895056
1333 1.5982749084895056
1334 1.4751015373348102
1335 1.4751015373348102
1336 1.1973198597035752
1337 1.1973198597035752
1338 1.5365614074017848
1339 1.5365614074017848
1340 1.4706254117887683
1341 1.4706254117887683
1342 1.4948875732720854
1343 1.4948875732720854
1344 1.7812742024945676
1345 1.7812742024945676
1346 1.5459011567598155
1347 1.5459011567598155
1348 1.502674464299675
1349 1.502674464299675
1350 1.292522503170614
1351 1.292522503170614
1352 1.4549597308426485
1353 1.4549597308426485
1354 1.526687210466907
1355 1.526687210466907
1356 1.7669546299437484
1357 1.7669546299437484
1358 1.2388854634072832
1359 1.2388854634072832
1360 1.394428274807001
1361 1.394428274807001
1362 2.06131495580149
1363 2.06131495580149
1364 1.523735790391219
1365 1.523735790391219
1366 1.8062476707596231
1367 1.8062476707596231
1368 1.703337930164174
1369 1.703337930164174
1370 1.7369784702188356
1371 1.7369784702188356
1372 1.1821046839632479
1373 1.1821046839632479
1374 1.6146235155139765
1375 1.6146235155139765
1376 1.3466348687799548
1377 1.3466348687799548
1378 1.5613533809681812
1379 1.5613533809681812
1380 1.2110852894295516
1381 1.2110852894295516
1382 1.4311257556367862
1383 1.4311257556367862
1384 1.1544296930459408
1385 1.1544296930459408
1386 1.0930012001091094
1387 1.0930012001091094
1388 3.3970669466278576
1389 3.3970669466278576
1390 3.2822737278929006
1391 3.2822737278929006
1392 4.345599487853509
1393 4.345599487853509
1394 2.880037926887722
1395 2.880037926887722
1396 3.788435043195836
1397 3.788435043195836
1398 3.9839572283911493
1399 3.9839572283911493
1400 5.043114413144598
1401 5.043114413144598
1402 3.7277951251968804
1403 3.7277951251968804
1404 5.0942830009643165
1405 5.0942830009643165
1406 3.9975781289104066
1407 3.9975781289104066
1408 3.5839221220369604
1409 3.5839221220369604
1410 3.1554706670868113
1411 3.1554706670868113
1412 3.9291149067702955
1413 3.9291149067702955
1414 3.5728898387166224
1415 3.5728898387166224
1416 3.7786251222311362
1417 3.7786251222311362
1418 4.531980988336401
1419 4.531980988336401
1420 3.36220014121775
1421 3.36220014121775
1422 3.7334487460819408
1423 3.7334487460819408
1424 4.265863747494275
1425 4.265863747494275
1426 3.9149111865626214
1427 3.9149111865626214
1428 3.955189476435253
1429 3.955189476435253
1430 3.874342737840705
1431 3.874342737840705
1432 5.772090015893188
1433 5.772090015893188
1434 4.5708049942773625
1435 4.5708049942773625
1436 3.4345060515822867
1437 3.4345060515822867
1438 4.207166355161644
1439 4.207166355161644
1440 3.3030447769892683
1441 3.3030447769892683
1442 4.8338838005640765
1443 4.8338838005640765
1444 3.7389557989530107
1445 3.7389557989530107
1446 3.2253280857098954
1447 3.2253280857098954
1448 5.002154070323219
1449 5.002154070323219
1450 4.1001776818793205
1451 4.1001776818793205
1452 4.368711768563878
1453 4.368711768563878
1454 3.63641804146376
1455 3.63641804146376
1456 3.58422043215913
1457 3.58422043215913
1458 4.823922954619287
1459 4.823922954619287
1460 3.909819092366091
1461 3.909819092366091
1462 4.970314334534514
1463 4.970314334534514
1464 3.7236324373953007
1465 3.7236324373953007
1466 3.935557112244416
1467 3.935557112244416
1468 3.064018995241953
1469 3.064018995241953
1470 2.7335683161431374
1471 2.7335683161431374
1472 3.4346109468511523
1473 3.4346109468511523
1474 4.081125626487416
1475 4.081125626487416
1476 3.1469081806258936
1477 3.1469081806258936
1478 3.8973429592618842
1479 3.8973429592618842
1480 3.737804128509171
1481 3.737804128509171
1482 3.3861288053668024
1483 1.2156161069457023
1484 1.2156161069457023
1485 1.560548893239184
1486 1.560548893239184
1487 1.665343519726303
1488 1.665343519726303
1489 1.4289998913464803
1490 1.4289998913464803
1491 1.7211641335117576
1492 1.7211641335117576
1493 1.4255177694472638
1494 1.4255177694472638
1495 1.4700525991618563
1496 1.4700525991618563
1497 1.3750929138925292
1498 1.3750929138925292
1499 1.7528362411426444
1500 1.7528362411426444
1501 1.3818088304559522
1502 1.3818088304559522
1503 2.236187437616521
1504 2.236187437616521
1505 1.5944181462405635
1506 1.5944181462405635
1507 1.3548795937909035
1508 1.3548795937909035
1509 1.4070638993344384
1510 1.4070638993344384
1511 1.216560238036226
1512 1.216560238036226
1513 1.574648444103083
1514 1.574648444103083
1515 1.536390440491093
1516 1.536390440491093
1517 1.715566131338196
1518 1.715566131338196
1519 1.2375254971851337
1520 1.2375254971851337
1521 1.5126674537915366
1522 1.5126674537915366
1523 1.9106580244554958
1524 1.9106580244554958
1525 1.3495758554259691
1526 1.3495758554259691
1527 1.5435462387930432
1528 1.5435462387930432
1529 1.9845512432374992
1530 1.9845512432374992
1531 1.744309845634577
1532 1.744309845634577
1533 1.4831603499022328
1534 1.4831603499022328
1535 1.7132306245478277
1536 1.7132306245478277
1537 1.6066715357015195
1538 1.6066715357015195
1539 1.1107888592487973
1540 1.1107888592487973
1541 1.4168634662958808
1542 1.4168634662958808
1543 1.5740287370070303
1544 1.5740287370070303
1545 1.886054532922847
1546 1.886054532922847
1547 1.684240071836549
1548 1.684240071836549
1549 1.8203827581812502
1550 1.8203827581812502
1551 1.519613653281173
1552 1.519613653281173
1553 1.7123075139735264
1554 1.7123075139735264
1555 1.4518526916847132
1556 1.4518526916847132
1557 1.6879928552715846
1558 1.6879928552715846
1559 1.6028967718565172
1560 1.6028967718565172
1561 1.4793492050175236
1562 1.4793492050175236
1563 1.2801379223003102
1564 1.2801379223003102
1565 1.4039837981214467
1566 1.4039837981214467
1567 1.4306613040728937
1568 1.4306613040728937
1569 1.42777082933413
1570 1.42777082933413
1571 1.8997208051570895
1572 1.8997208051570895
1573 1.190270102275949
1574 1.190270102275949
1575 1.4212461276574448
1576 1.4212461276574448
1577 1.691836346361994
1578 1.691836346361994
1579 1.7566568928078867
1580 1.7566568928078867
1581 1.4294045658133152
1582 1.4294045658133152
1583 1.383628019473501
1584 1.383628019473501
1585 2.70158441511225
1586 2.70158441511225
1587 3.8438958626862085
1588 3.8438958626862085
1589 3.8681262403192234
1590 3.8681262403192234
1591 3.2133647583521787
1592 3.2133647583521787
1593 3.807450070964253
1594 3.807450070964253
1595 3.1814759443951455
1596 3.1814759443951455
1597 2.6486496703927553
1598 2.6486496703927553
1599 1.9476130282822541
1600 1.9476130282822541
1601 3.4806537105338364
1602 3.4806537105338364
1603 3.512246983981401
1604 3.512246983981401
1605 2.9339178479532286
1606 2.9339178479532286
1607 4.435410195860203
1608 4.435410195860203
1609 3.344589627678228
1610 3.344589627678228
1611 4.307824749327822
1612 4.307824749327822
1613 3.1485265691905533
1614 3.1485265691905533
1615 3.8626632586806178
1616 3.8626632586806178
1617 3.822143368308133
1618 3.822143368308133
1619 3.1933796756909785
1620 3.1933796756909785
1621 3.514669898912929
1622 3.514669898912929
1623 1.9615890108780962
1624 1.9615890108780962
1625 2.3510373114698426
1626 2.3510373114698426
1627 1.9359848975463188
1628 1.9359848975463188
1629 2.28914479098456
1630 2.28914479098456
1631 2.3386341019204
1632 2.3386341019204
1633 1.5831251781503513
1634 1.5831251781503513
1635 1.8474535519696076
1636 1.8474535519696076
1637 1.9670842250475584
1638 1.9670842250475584
1639 2.334329894541002
1640 2.334329894541002
1641 1.5353176564585294
1642 1.5353176564585294
1643 2.093997781240922
1644 1.4146187284333271
1645 1.4146187284333271
1646 1.2747690126621183
1647 1.2747690126621183
1648 1.788248763222254
1649 1.788248763222254
1650 1.2598915772701935
1651 1.2598915772701935
1652 1.3279069121249572
1653 1.3279069121249572
1654 1.4796727988733553
1655 1.4796727988733553
1656 1.6962644157909925
1657 1.6962644157909925
1658 1.6650008313670748
1659 1.6650008313670748
1660 1.7417361687804387
1661 1.7417361687804387
1662 1.098420549817458
1663 1.098420549817458
1664 1.5431343264588009
1665 1.5431343264588009
1666 1.511238998127367
1667 1.511238998127367
1668 2.1272892620247306
1669 2.1272892620247306
1670 1.2549434244948907
1671 1.2549434244948907
1672 1.3033079707437019
1673 1.3033079707437019
1674 1.6890994104223889
1675 1.6890994104223889
1676 1.701236369051308
1677 1.701236369051308
1678 1.831364367399593
1679 1.831364367399593
1680 1.8614107577540295
1681 1.8614107577540295
1682 1.6362122902628642
1683 1.6362122902628642
1684 1.9216821021583053
1685 1.9216821021583053
1686 1.9195782518530993
1687 1.9195782518530993
1688 1.5334742663966165
1689 1.5334742663966165
1690 1.3422197354421692
1691 1.3422197354421692
1692 1.3522985423411003
1693 1.3522985423411003
1694 1.4341072794988972
1695 1.4341072794988972
1696 1.3268053495159873
1697 1.3268053495159873
1698 1.762518822735071
1699 1.762518822735071
1700 1.9556484467039819
1701 1.9556484467039819
1702 1.366407333123145
1703 1.366407333123145
1704 1.2984263933942788
1705 1.2984263933942788
1706 1.6231797755035517
1707 1.6231797755035517
1708 1.1715426549697445
1709 1.1715426549697445
1710 1.5955889066949183
1711 1.5955889066949183
1712 1.9962526070260374
1713 1.9962526070260374
1714 1.5932563401808804
1715 1.5932563401808804
1716 1.8682724002179112
1717 1.8682724002179112
1718 1.6072299176416835
1719 1.6072299176416835
1720 1.3192094626989095
1721 1.3192094626989095
1722 1.8216506819085627
1723 1.8216506819085627
1724 1.5166495327077512
1725 1.5166495327077512
1726 1.836692418442908
1727 1.836692418442908
1728 1.3553343256442147
1729 1.3553343256442147
1730 1.578553342953736
1731 1.578553342953736
1732 1.9839561095928537
1733 1.9839561095928537
1734 1.6632284295575412
1735 1.6632284295575412
1736 1.9326874610246803
1737 1.9326874610246803
1738 1.738576150104706
1739 1.738576150104706
1740 1.3613391574845846
1741 1.3613391574845846
1742 1.1869043552352643
1743 1.1869043552352643
1744 1.7584513926091092
1745 1.7584513926091092
1746 1.3464217846811923
1747 1.3464217846811923
1748 1.5702692606990873
1749 1.5702692606990873
1750 1.3958395115437547
1751 1.3958395115437547
1752 1.684337427796944
1753 1.684337427796944
1754 1.5864775719364839
1755 1.5864775719364839
1756 1.3997507032273986
1757 1.3997507032273986
1758 1.9847353490657056
1759 1.9847353490657056
1760 1.5475530308789611
1761 1.5475530308789611
1762 1.5058146449711904
1763 1.5058146449711904
1764 1.413277017996724
1765 1.413277017996724
1766 1.8929936646903984
1767 1.8929936646903984
1768 1.5624215730541375
1769 1.5624215730541375
1770 2.086929553439853
1771 2.086929553439853
1772 1.535481169672018
1773 1.535481169672018
1774 1.8004512034472382
1775 1.8004512034472382
1776 1.8120580133057904
1777 1.8120580133057904
1778 1.4242823282172954
1779 1.4242823282172954
1780 1.7360278243628908
1781 1.7360278243628908
1782 1.4826978337696002
1783 1.4826978337696002
1784 1.521967881654167
1785 1.521967881654167
1786 1.3157254513054417
1787 1.3157254513054417
1788 1.1480916590905217
1789 1.1480916590905217
1790 1.9413460457060114
1791 1.9413460457060114
1792 1.6561655540302396
1793 1.6561655540302396
1794 1.5112614501245223
1795 1.5112614501245223
1796 1.9600136865072517
1797 1.9600136865072517
1798 1.5188622630556015
1799 1.5188622630556015
1800 1.4091702549166596
1801 1.4091702549166596
1802 1.7095066469224074
1803 1.7095066469224074
1804 0.9116653323485229
1805 0.9116653323485229
1806 1.60700907186838
1807 1.60700907186838
1808 1.6294968295385583
1809 1.6294968295385583
1810 1.20061024607717
1811 1.20061024607717
1812 1.5563214774131713
1813 1.5563214774131713
1814 0.8768697547626934
1815 0.8768697547626934
1816 1.418946991202574
1817 1.418946991202574
1818 1.8696871049748116
1819 1.8696871049748116
1820 1.321775507481737
1821 1.321775507481737
1822 1.4336643282517705
1823 1.4336643282517705
1824 1.3305925240752943
1825 1.3305925240752943
1826 1.5982830592596777
1827 1.5982830592596777
1828 1.8050738107962927
1829 1.8050738107962927
1830 1.3790658574614794
1831 1.3790658574614794
1832 1.543297231299601
1833 1.543297231299601
1834 1.4460476295690001
1835 1.4460476295690001
1836 1.5192656861620633
1837 1.5192656861620633
1838 2.065936670829398
1839 2.065936670829398
1840 1.6856243413021839
1841 1.6856243413021839
1842 1.8417131786171586
1843 1.8417131786171586
1844 1.6168914643431949
1845 1.6168914643431949
1846 0.9931734529316302
1847 0.9931734529316302
1848 1.7252009988530823
1849 1.7252009988530823
1850 1.2630190114666893
1851 1.2630190114666893
1852 1.897207017221335
1853 1.897207017221335
1854 1.4891830152904466
1855 1.4891830152904466
1856 1.9864711552158953
1857 1.9864711552158953
1858 1.5650966880213881
1859 1.5650966880213881
1860 1.9238456765790708
1861 1.9238456765790708
1862 1.4307028234837442
1863 1.4307028234837442
1864 1.7182398316026029
1865 1.7182398316026029
1866 1.5170345643178924
1867 1.5170345643178924
1868 1.9215048915950956
1869 1.9215048915950956
1870 1.4044054721545611
1871 1.4044054721545611
1872 2.103991638166256
1873 2.103991638166256
1874 1.6385245084836737
1875 1.6385245084836737
1876 1.6901107691092907
1877 1.6901107691092907
1878 1.497623363560065
1879 1.497623363560065
1880 1.6670505528357467
1881 1.6670505528357467
1882 1.4826213634467977
1883 1.4826213634467977
1884 1.553825010279847
1885 1.553825010279847
1886 1.3596302752939335
1887 1.3596302752939335
1888 1.2629461584808828
1889 1.2629461584808828
1890 1.6946371660388764
1891 1.6946371660388764
1892 1.430394315682973
1893 1.430394315682973
1894 1.6834197611754507
1895 1.6834197611754507
1896 1.4209133528235227
1897 1.4209133528235227
1898 1.608097009150367
1899 3.4859224667280793
1900 3.4859224667280793
1901 3.722040777118202
1902 3.722040777118202
1903 3.6383451032540757
1904 3.6383451032540757
1905 3.2209219617778277
1906 3.2209219617778277
1907 3.3845646214736447
1908 3.3845646214736447
1909 3.398415355634211
1910 3.398415355634211
1911 3.8082329140290256
1912 3.8082329140290256
1913 4.578603674793703
1914 4.578603674793703
1915 3.1137197189269474
1916 3.1137197189269474
1917 3.85787120916548
1918 3.85787120916548
1919 4.1099286961243475
1920 4.1099286961243475
1921 3.400257167489118
1922 3.400257167489118
1923 3.6571754914080064
1924 3.6571754914080064
1925 3.3284557176831995
1926 3.3284557176831995
1927 3.4567679264589577
1928 3.4567679264589577
1929 3.0363461751380463
1930 3.0363461751380463
1931 4.067133046730164
1932 4.067133046730164
1933 4.005620866146279
1934 4.005620866146279
1935 2.9514681270654397
1936 2.9514681270654397
1937 2.476502545086623
1938 2.476502545086623
1939 3.814956635505791
1940 3.814956635505791
1941 3.1914519704893234
1942 3.1914519704893234
1943 3.0547170090099165
1944 3.0547170090099165
1945 2.7625577106919748
1946 2.7625577106919748
1947 2.664190630146079
1948 2.664190630146079
1949 2.6480233353338587
1950 2.6480233353338587
1951 3.958040736729552
1952 3.958040736729552
1953 3.5515393381733844
1954 3.5515393381733844
1955 3.1637707693591772
1956 3.1637707693591772
1957 3.1500970240825925
1958 3.1500970240825925
1959 3.0325614577866844
1960 3.0325614577866844
1961 2.409388943636545
1962 2.409388943636545
1963 2.7476977709715658
1964 2.7476977709715658
1965 2.7306104504674344
1966 1.6078959015540322
1967 1.195697892652495
1968 1.195697892652495
1969 1.0166392160003843
1970 1.0166392160003843
1971 0.924560079889563
1972 0.924560079889563
1973 0.9772762325559999
1974 0.9772762325559999
1975 0.9914774554562538
1976 0.9914774554562538
1977 1.4604433039659845
1978 1.4604433039659845
1979 1.2566813151970504
1980 1.2566813151970504
1981 1.3964350394354121
1982 1.3964350394354121
1983 1.1870040433345455
1984 1.1870040433345455
1985 1.166615690290534
1986 1.166615690290534
1987 1.2456167326391205
1988 1.2456167326391205
1989 3.9388826151248177
1990 3.9388826151248177
1991 4.252150917006525
1992 4.252150917006525
1993 2.863143302428078
1994 2.863143302428078
1995 4.141991930819859
1996 4.141991930819859
1997 3.353582054401168
1998 3.353582054401168
1999 5.2755329150487755
