0 1.6601105286048812
1 1.6601105286048812
2 1.6601105286048812
3 1.6601105286048812
4 1.6601105286048812
5 1.3576093937458267
6 1.3576093937458267
7 1.3576093937458267
8 1.3576093937458267
9 1.3576093937458267
10 0.5590298805542664
11 0.5590298805542664
12 1.9322943305383353
13 1.9322943305383353
14 1.9322943305383353
15 1.9322943305383353
16 1.9322943305383353
17 5.284994395558132
18 5.284994395558132
19 5.284994395558132
20 0.7764928452190221
21 0.7764928452190221
22 0.7764928452190221
23 0.7764928452190221
24 0.7764928452190221
25 0.7618573650098449
26 0.7618573650098449
27 0.7618573650098449
28 0.7618573650098449
29 0.7618573650098449
30 0.6045873913443187
31 0.6045873913443187
32 0.6045873913443187
33 0.6045873913443187
34 0.6045873913443187
35 0.7254552420894869
36 0.7254552420894869
37 0.7254552420894869
38 0.7254552420894869
39 0.7254552420894869
40 0.21775638900166328
41 0.21775638900166328
42 0.21775638900166328
43 0.21775638900166328
44 0.21775638900166328
45 0.814918136261376
46 0.814918136261376
47 0.814918136261376
48 0.814918136261376
49 0.814918136261376
50 0.5778741080667136
51 0.5778741080667136
52 0.5778741080667136
53 0.5778741080667136
54 0.5778741080667136
55 0.9454345370394062
56 0.9454345370394062
57 0.9454345370394062
58 0.9454345370394062
59 0.9454345370394062
60 0.7404120622230057
61 0.7404120622230057
62 0.7404120622230057
63 0.7404120622230057
64 0.7404120622230057
65 0.7582018021479546
66 0.7582018021479546
67 0.7582018021479546
68 0.7582018021479546
69 0.7582018021479546
70 1.1941729931712326
71 1.1941729931712326
72 1.1941729931712326
73 1.1941729931712326
74 1.1941729931712326
75 0.36228040812808276
76 0.36228040812808276
77 0.36228040812808276
78 0.36228040812808276
79 0.36228040812808276
80 0.669264498375983
81 0.669264498375983
82 0.669264498375983
83 0.669264498375983
84 0.669264498375983
85 0.6634956108062032
86 0.6634956108062032
87 0.6634956108062032
88 0.6634956108062032
89 0.6634956108062032
90 0.5377365332679632
91 3.9371480958078977
92 3.9371480958078977
93 3.9371480958078977
94 3.9371480958078977
95 3.9371480958078977
96 3.8099846138099873
97 3.8099846138099873
98 3.8099846138099873
99 3.8099846138099873
100 3.8099846138099873
101 5.131772175118079
102 5.131772175118079
103 5.131772175118079
104 5.131772175118079
105 5.131772175118079
106 3.703134550869071
107 3.703134550869071
108 3.703134550869071
109 3.703134550869071
110 3.703134550869071
111 2.1666821332572264
112 2.1666821332572264
113 2.1666821332572264
114 2.1666821332572264
115 2.1666821332572264
116 1.6235585664483247
117 1.6235585664483247
118 1.6235585664483247
119 1.6235585664483247
120 1.6235585664483247
121 6.759305279449427
122 6.759305279449427
123 6.759305279449427
124 6.759305279449427
125 6.759305279449427
126 3.041638265548788
127 3.041638265548788
128 3.041638265548788
129 3.041638265548788
130 3.041638265548788
131 1.4723312556668269
132 3.603755232188835
133 3.603755232188835
134 3.603755232188835
135 3.603755232188835
136 3.603755232188835
137 2.7775705926182552
138 2.7775705926182552
139 2.7775705926182552
140 2.7775705926182552
141 2.7775705926182552
142 2.933697564560353
143 2.933697564560353
144 2.933697564560353
145 2.933697564560353
146 2.933697564560353
147 1.9244735523172194
148 1.9244735523172194
149 1.9244735523172194
150 1.9244735523172194
151 1.9244735523172194
152 3.3053720233534203
153 3.3053720233534203
154 3.3053720233534203
155 3.3053720233534203
156 2.1674664087451743
157 2.1674664087451743
158 2.1674664087451743
159 2.1674664087451743
160 2.1674664087451743
161 2.014621581821054
162 2.014621581821054
163 2.014621581821054
164 2.014621581821054
165 2.014621581821054
166 1.64794325505157
167 1.64794325505157
168 1.64794325505157
169 1.64794325505157
170 1.64794325505157
171 2.0631465673140514
172 2.0631465673140514
173 2.0631465673140514
174 2.0631465673140514
175 2.0631465673140514
176 2.3684790822179167
177 2.3684790822179167
178 2.3684790822179167
179 2.3684790822179167
180 2.3684790822179167
181 1.574781035991119
182 1.574781035991119
183 1.574781035991119
184 1.574781035991119
185 1.574781035991119
186 1.33011452399945
187 1.33011452399945
188 1.33011452399945
189 1.33011452399945
190 1.33011452399945
191 2.1805040426830145
192 2.1805040426830145
193 2.1805040426830145
194 2.1805040426830145
195 2.1805040426830145
196 1.4004260734592138
197 1.4004260734592138
198 1.4004260734592138
199 1.4004260734592138
200 1.4004260734592138
201 1.183919830341403
202 1.183919830341403
203 1.183919830341403
204 1.183919830341403
205 1.183919830341403
206 3.507925601928033
207 3.507925601928033
208 3.507925601928033
209 3.507925601928033
210 3.507925601928033
211 3.251184498303686
212 3.251184498303686
213 3.251184498303686
214 3.251184498303686
215 3.251184498303686
216 2.088395357854367
217 2.088395357854367
218 2.088395357854367
219 2.088395357854367
220 2.088395357854367
221 2.6194498290429813
222 2.6194498290429813
223 2.6194498290429813
224 2.6194498290429813
225 2.6194498290429813
226 2.015456080861494
227 2.015456080861494
228 2.015456080861494
229 2.015456080861494
230 2.015456080861494
231 3.206270629243897
232 3.206270629243897
233 3.206270629243897
234 3.206270629243897
235 3.206270629243897
236 1.0161252401631486
237 1.0161252401631486
238 1.0161252401631486
239 1.0161252401631486
240 1.0161252401631486
241 2.414251531302784
242 2.414251531302784
243 2.414251531302784
244 2.414251531302784
245 2.414251531302784
246 2.0262922620743637
247 2.0262922620743637
248 2.0262922620743637
249 2.0262922620743637
250 2.0262922620743637
251 2.3173594339307497
252 2.3173594339307497
253 2.3173594339307497
254 2.3173594339307497
255 2.3173594339307497
256 2.985490816114859
257 2.985490816114859
258 2.985490816114859
259 2.985490816114859
260 2.985490816114859
261 1.8430381836198904
262 1.8430381836198904
263 1.8430381836198904
264 1.8430381836198904
265 1.8430381836198904
266 2.394845039973284
267 2.394845039973284
268 2.394845039973284
269 2.394845039973284
270 2.394845039973284
271 1.764477343039598
272 1.764477343039598
273 1.764477343039598
274 1.764477343039598
275 1.764477343039598
276 2.489592316610532
277 2.489592316610532
278 2.489592316610532
279 2.489592316610532
280 2.489592316610532
281 4.393352623157055
282 4.393352623157055
283 4.393352623157055
284 4.393352623157055
285 4.393352623157055
286 2.8371524215676818
287 2.8371524215676818
288 2.8371524215676818
289 2.8371524215676818
290 2.8371524215676818
291 0.9874234245792104
292 0.9874234245792104
293 0.9874234245792104
294 0.9874234245792104
295 0.9874234245792104
296 2.7387891093255643
297 2.7387891093255643
298 2.7387891093255643
299 2.7387891093255643
300 2.7387891093255643
301 1.2176885012466245
302 1.2176885012466245
303 1.2176885012466245
304 1.2176885012466245
305 1.2176885012466245
306 1.6283749386787512
307 1.6283749386787512
308 1.6283749386787512
309 1.6283749386787512
310 1.6283749386787512
311 1.7293938829457405
312 1.7293938829457405
313 0.1576396076204942
314 0.1576396076204942
315 0.1576396076204942
316 0.1576396076204942
317 0.1576396076204942
318 0.1
319 0.1
320 0.1
321 0.1
322 0.1
323 0.17498698049750572
324 0.17498698049750572
325 0.17498698049750572
326 0.17498698049750572
327 0.17498698049750572
328 0.1
329 3.140974345814871
330 3.140974345814871
331 3.140974345814871
332 3.140974345814871
333 3.140974345814871
334 1.279847556129859
335 1.279847556129859
336 1.279847556129859
337 1.279847556129859
338 1.279847556129859
339 2.600655680429564
340 2.600655680429564
341 2.600655680429564
342 1.6322344071405321
343 1.6322344071405321
344 1.6322344071405321
345 1.6322344071405321
346 1.6322344071405321
347 1.8774889280542018
348 1.8774889280542018
349 1.8774889280542018
350 1.8774889280542018
351 1.8774889280542018
352 2.3471918174935604
353 2.3471918174935604
354 2.3471918174935604
355 2.3471918174935604
356 2.3471918174935604
357 0.1
358 0.1
359 0.1
360 0.1
361 0.1
362 0.8122326423454854
363 0.8122326423454854
364 0.8122326423454854
365 0.8122326423454854
366 0.8122326423454854
367 1.8881168845111316
368 1.8881168845111316
369 1.8881168845111316
370 1.8881168845111316
371 1.8881168845111316
372 0.9587735032351604
373 0.9587735032351604
374 0.9587735032351604
375 0.9587735032351604
376 0.9587735032351604
377 2.7585502056974924
378 4.754084095520073
379 4.754084095520073
380 4.754084095520073
381 4.754084095520073
382 4.754084095520073
383 1.118707443579703
384 1.118707443579703
385 1.118707443579703
386 1.118707443579703
387 1.118707443579703
388 0.1507644682046212
389 0.1507644682046212
390 0.1507644682046212
391 0.1507644682046212
392 0.1507644682046212
393 3.422300801372738
394 3.422300801372738
395 3.422300801372738
396 3.422300801372738
397 3.422300801372738
398 0.3758843318429228
399 0.3758843318429228
400 0.3758843318429228
401 0.3758843318429228
402 0.3758843318429228
403 5.893747465036173
404 5.893747465036173
405 5.893747465036173
406 5.893747465036173
407 5.893747465036173
408 4.290135365368984
409 4.290135365368984
410 4.290135365368984
411 4.290135365368984
412 4.290135365368984
413 4.292552869083535
414 4.292552869083535
415 4.292552869083535
416 4.292552869083535
417 4.292552869083535
418 6.57917673302629
419 6.57917673302629
420 6.57917673302629
421 6.57917673302629
422 6.57917673302629
423 4.369769884163076
424 4.369769884163076
425 4.369769884163076
426 4.369769884163076
427 4.369769884163076
428 1.468018823306574
429 1.468018823306574
430 1.468018823306574
431 1.468018823306574
432 1.468018823306574
433 4.214640369778572
434 4.214640369778572
435 4.214640369778572
436 4.214640369778572
437 4.214640369778572
438 4.73022487824961
439 4.73022487824961
440 4.73022487824961
441 4.73022487824961
442 4.73022487824961
443 5.888079221521682
444 5.888079221521682
445 5.888079221521682
446 5.888079221521682
447 5.888079221521682
448 4.279826293986004
449 4.279826293986004
450 4.279826293986004
451 4.279826293986004
452 4.279826293986004
453 4.571143719596808
454 1.206520973679662
455 1.206520973679662
456 1.206520973679662
457 1.206520973679662
458 1.206520973679662
459 0.7013357246928921
460 0.7013357246928921
461 0.7013357246928921
462 0.7013357246928921
463 0.7013357246928921
464 0.5459104669888479
465 0.5459104669888479
466 0.5459104669888479
467 0.5459104669888479
468 0.5459104669888479
469 1.0991718201278977
470 1.0991718201278977
471 1.0991718201278977
472 1.0991718201278977
473 1.0991718201278977
474 1.0251186332735742
475 1.0251186332735742
476 1.0251186332735742
477 1.0251186332735742
478 0.21406661863554863
479 0.21406661863554863
480 0.21406661863554863
481 0.21406661863554863
482 0.21406661863554863
483 0.1
484 0.1
485 0.1
486 0.1
487 0.1
488 0.2915360491661192
489 0.2915360491661192
490 0.2915360491661192
491 0.2915360491661192
492 0.2915360491661192
493 0.4215674303970577
494 0.4215674303970577
495 0.4215674303970577
496 0.4215674303970577
497 0.4215674303970577
498 0.18212678637934412
499 0.18212678637934412
500 0.18212678637934412
501 0.18212678637934412
502 0.18212678637934412
503 0.15178228924155657
504 0.15178228924155657
505 0.15178228924155657
506 0.15178228924155657
507 0.15178228924155657
508 0.3142644703388643
509 0.3142644703388643
510 0.3142644703388643
511 0.3142644703388643
512 0.3142644703388643
513 0.18379498716093312
514 0.18379498716093312
515 0.18379498716093312
516 0.18379498716093312
517 0.18379498716093312
518 0.30662986867621134
519 0.30662986867621134
520 0.30662986867621134
521 0.30662986867621134
522 0.30662986867621134
523 0.2288824941461555
524 0.2288824941461555
525 0.2288824941461555
526 0.2288824941461555
527 0.2288824941461555
528 0.1
529 0.1
530 0.1
531 0.1
532 0.1
533 0.1
534 0.1
535 0.1
536 0.1
537 0.44653314348009054
538 0.44653314348009054
539 0.44653314348009054
540 0.44653314348009054
541 0.44653314348009054
542 0.1
543 0.1
544 0.1
545 0.1
546 0.1
547 2.656604480969635
548 2.656604480969635
549 2.656604480969635
550 2.656604480969635
551 2.656604480969635
552 0.4759190361547945
553 0.4759190361547945
554 0.4759190361547945
555 0.4759190361547945
556 0.4759190361547945
557 0.5910800942727166
558 0.5910800942727166
559 0.5910800942727166
560 0.5910800942727166
561 0.5910800942727166
562 1.0046406489426538
563 1.0046406489426538
564 3.1088014817400644
565 3.1088014817400644
566 3.1088014817400644
567 3.1088014817400644
568 3.1088014817400644
569 2.226369548914733
570 2.226369548914733
571 2.226369548914733
572 2.226369548914733
573 2.226369548914733
574 2.0167430240116277
575 0.4001346759591953
576 2.9352901981986967
577 2.9352901981986967
578 2.9352901981986967
579 2.9352901981986967
580 2.9352901981986967
581 2.789546754912951
582 2.789546754912951
583 2.789546754912951
584 2.789546754912951
585 2.789546754912951
586 1.9099041329431832
587 1.9099041329431832
588 1.9099041329431832
589 1.9099041329431832
590 1.9099041329431832
591 7.010503475268241
592 7.010503475268241
593 7.010503475268241
594 0.15529610905982438
595 0.15529610905982438
596 0.15529610905982438
597 0.15529610905982438
598 0.15529610905982438
599 1.9279830131586988
600 1.9279830131586988
601 1.9279830131586988
602 1.9279830131586988
603 1.9279830131586988
604 1.5306948823342954
605 1.5306948823342954
606 1.5306948823342954
607 1.5306948823342954
608 1.5306948823342954
609 0.1
610 0.1
611 0.1
612 0.1
613 0.1
614 2.5626306970991064
615 2.5626306970991064
616 2.5626306970991064
617 2.5626306970991064
618 2.5626306970991064
619 1.7433388339224984
620 1.7433388339224984
621 1.7433388339224984
622 1.7433388339224984
623 1.7433388339224984
624 1.0513333111023773
625 1.0513333111023773
626 1.0513333111023773
627 1.0513333111023773
628 1.0513333111023773
629 0.5028440076578085
630 0.5028440076578085
631 0.5028440076578085
632 0.5028440076578085
633 0.5028440076578085
634 1.52168614751371
635 1.52168614751371
636 1.52168614751371
637 1.52168614751371
638 1.52168614751371
639 0.9416876446017746
640 0.9416876446017746
641 0.9416876446017746
642 0.9416876446017746
643 0.9416876446017746
644 1.608819484338948
645 1.608819484338948
646 1.608819484338948
647 1.608819484338948
648 1.608819484338948
649 2.0727587907374785
650 2.0727587907374785
651 2.0727587907374785
652 2.0727587907374785
653 2.0727587907374785
654 0.7707214163250306
655 0.7707214163250306
656 0.7707214163250306
657 0.7707214163250306
658 0.7707214163250306
659 1.3540494334237616
660 1.3540494334237616
661 1.3540494334237616
662 1.3540494334237616
663 1.3540494334237616
664 1.1085673642779614
665 1.1085673642779614
666 1.1085673642779614
667 1.1085673642779614
668 1.1085673642779614
669 2.127883562890411
670 2.127883562890411
671 2.127883562890411
672 2.127883562890411
673 2.127883562890411
674 1.5238690148387979
675 1.5238690148387979
676 1.5238690148387979
677 1.5238690148387979
678 1.5238690148387979
679 1.0897282683503888
680 1.0897282683503888
681 1.0897282683503888
682 1.0897282683503888
683 0.37592194192076633
684 0.37592194192076633
685 0.37592194192076633
686 0.37592194192076633
687 0.37592194192076633
688 0.535045883724155
689 0.535045883724155
690 0.535045883724155
691 0.535045883724155
692 0.535045883724155
693 0.5304141586770598
694 0.5304141586770598
695 0.5304141586770598
696 0.5304141586770598
697 0.5304141586770598
698 0.9489074083438358
699 0.9489074083438358
700 0.9489074083438358
701 0.9489074083438358
702 0.9489074083438358
703 0.6208575507093518
704 0.6208575507093518
705 0.6208575507093518
706 0.6208575507093518
707 0.6208575507093518
708 0.5447003851051313
709 0.5447003851051313
710 0.5447003851051313
711 0.5447003851051313
712 0.5447003851051313
713 0.1
714 0.1
715 0.1
716 0.1
717 0.1
718 0.6958015441942286
719 0.6958015441942286
720 0.6958015441942286
721 0.6958015441942286
722 0.6958015441942286
723 0.7274409977943407
724 0.7274409977943407
725 0.7274409977943407
726 0.5858912050115326
727 0.5858912050115326
728 0.5858912050115326
729 0.5858912050115326
730 0.5858912050115326
731 1.7852079626763673
732 1.5969103437587107
733 1.5969103437587107
734 1.5969103437587107
735 1.5969103437587107
736 1.5969103437587107
737 1.042811207481216
738 1.042811207481216
739 1.042811207481216
740 1.042811207481216
741 1.042811207481216
742 3.0995530671217866
743 3.0995530671217866
744 3.0995530671217866
745 3.0995530671217866
746 3.0995530671217866
747 3.755036971748015
748 3.755036971748015
749 3.755036971748015
750 3.755036971748015
751 3.755036971748015
752 0.8704018383577836
753 0.8704018383577836
754 0.8704018383577836
755 0.8704018383577836
756 0.8704018383577836
757 2.1549514717165703
758 2.1549514717165703
759 2.1549514717165703
760 2.1549514717165703
761 2.1549514717165703
762 3.852749826597914
763 3.852749826597914
764 3.852749826597914
765 3.852749826597914
766 3.852749826597914
767 2.5080681840644763
768 2.5080681840644763
769 2.5080681840644763
770 2.5080681840644763
771 2.5080681840644763
772 4.92399100590454
773 4.92399100590454
774 4.92399100590454
775 4.92399100590454
776 4.92399100590454
777 2.9389011473610136
778 2.9389011473610136
779 2.9389011473610136
780 2.9389011473610136
781 2.9389011473610136
782 4.094009922653014
783 4.094009922653014
784 4.773152250344482
785 4.773152250344482
786 4.773152250344482
787 4.773152250344482
788 4.773152250344482
789 3.2217600317541306
790 3.2217600317541306
791 3.2217600317541306
792 3.2217600317541306
793 3.2217600317541306
794 2.776973720595927
795 2.776973720595927
796 2.776973720595927
797 2.776973720595927
798 2.776973720595927
799 4.642209110881331
800 4.642209110881331
801 4.642209110881331
802 4.642209110881331
803 4.642209110881331
804 3.7243772324375746
805 3.7243772324375746
806 3.7243772324375746
807 3.7243772324375746
808 3.7243772324375746
809 4.703586780689597
810 4.703586780689597
811 4.703586780689597
812 4.703586780689597
813 4.703586780689597
814 3.4748859202175497
815 3.4748859202175497
816 3.4748859202175497
817 3.4748859202175497
818 3.4748859202175497
819 6.23969278031811
820 6.23969278031811
821 6.23969278031811
822 6.23969278031811
823 6.23969278031811
824 3.566755889763371
825 3.566755889763371
826 3.566755889763371
827 3.566755889763371
828 3.566755889763371
829 2.2258223268489377
830 2.2258223268489377
831 2.2258223268489377
832 2.2258223268489377
833 2.2258223268489377
834 6.236953068778143
835 6.236953068778143
836 6.236953068778143
837 6.236953068778143
838 1.525454308188135
839 1.525454308188135
840 1.525454308188135
841 1.525454308188135
842 1.525454308188135
843 1.0470230315487496
844 1.0470230315487496
845 1.0470230315487496
846 1.0470230315487496
847 1.0470230315487496
848 1.4488133713588158
849 1.4488133713588158
850 1.4488133713588158
851 1.4488133713588158
852 1.4488133713588158
853 2.399286577080636
854 2.399286577080636
855 2.399286577080636
856 2.399286577080636
857 2.399286577080636
858 0.6360629342566405
859 0.6360629342566405
860 0.6360629342566405
861 0.6360629342566405
862 0.6360629342566405
863 1.1907266771424616
864 1.1907266771424616
865 1.1907266771424616
866 1.1907266771424616
867 1.1907266771424616
868 1.1309421012605432
869 1.1309421012605432
870 1.1309421012605432
871 1.1309421012605432
872 1.1309421012605432
873 0.9388219216364753
874 0.9388219216364753
875 0.9388219216364753
876 0.9388219216364753
877 0.9388219216364753
878 1.377955005556999
879 1.377955005556999
880 2.700511039080511
881 2.700511039080511
882 2.700511039080511
883 2.700511039080511
884 2.700511039080511
885 4.9017399361271625
886 4.9017399361271625
887 4.9017399361271625
888 4.9017399361271625
889 4.9017399361271625
890 2.66249595419658
891 2.66249595419658
892 2.66249595419658
893 2.66249595419658
894 2.66249595419658
895 2.6252382357633497
896 2.6252382357633497
897 2.6252382357633497
898 1.8285563501326019
899 1.8285563501326019
900 1.8285563501326019
901 1.8285563501326019
902 1.8285563501326019
903 0.9718368276825293
904 0.9718368276825293
905 0.9718368276825293
906 0.9718368276825293
907 0.9718368276825293
908 0.9159036539559008
909 0.9159036539559008
910 0.9159036539559008
911 0.9159036539559008
912 0.9159036539559008
913 0.5664694359385907
914 0.5664694359385907
915 0.5664694359385907
916 0.5664694359385907
917 0.5664694359385907
918 0.3088760934335415
919 0.3088760934335415
920 0.3088760934335415
921 0.3088760934335415
922 0.3088760934335415
923 0.3780737095854938
924 0.3780737095854938
925 0.3780737095854938
926 0.3780737095854938
927 0.3780737095854938
928 0.9084329668603849
929 0.9084329668603849
930 0.9084329668603849
931 0.9084329668603849
932 0.9084329668603849
933 1.2487640162642106
934 1.2487640162642106
935 1.2487640162642106
936 1.2487640162642106
937 1.2487640162642106
938 1.8303453570231918
939 1.8303453570231918
940 1.8303453570231918
941 1.8303453570231918
942 1.8303453570231918
943 1.0911701201509731
944 1.0911701201509731
945 1.0911701201509731
946 1.0911701201509731
947 1.0911701201509731
948 1.5498377203002633
949 1.5498377203002633
950 5.428597303364613
951 5.428597303364613
952 2.0302393852506087
953 2.0302393852506087
954 2.0302393852506087
955 2.0302393852506087
956 2.0302393852506087
957 0.7551776567059689
958 0.7551776567059689
959 0.7551776567059689
960 0.7551776567059689
961 0.7551776567059689
962 1.1206351186641688
963 1.1206351186641688
964 1.1206351186641688
965 1.1206351186641688
966 1.1206351186641688
967 1.256881272119866
968 1.256881272119866
969 1.256881272119866
970 1.256881272119866
971 1.256881272119866
972 0.7210843029712882
973 0.7210843029712882
974 0.7210843029712882
975 0.7210843029712882
976 0.7210843029712882
977 1.071037315819917
978 1.071037315819917
979 1.071037315819917
980 1.071037315819917
981 1.071037315819917
982 1.275147276304498
983 1.275147276304498
984 1.275147276304498
985 1.275147276304498
986 1.275147276304498
987 1.0740913087748603
988 1.0740913087748603
989 1.0740913087748603
990 1.0740913087748603
991 1.0740913087748603
992 1.87371840051474
993 1.87371840051474
994 1.87371840051474
995 5.1467647889838695
996 5.1467647889838695
997 5.1467647889838695
998 5.1467647889838695
999 5.1467647889838695
1000 4.625388264617757
1001 4.625388264617757
1002 4.625388264617757
1003 4.625388264617757
1004 4.625388264617757
1005 3.8570303762009295
1006 3.8570303762009295
1007 3.8570303762009295
1008 3.8570303762009295
1009 3.8570303762009295
1010 2.7418185180374013
1011 2.7418185180374013
1012 2.7418185180374013
1013 2.7418185180374013
1014 2.7295412741086436
1015 2.7295412741086436
1016 2.7295412741086436
1017 2.7295412741086436
1018 2.7295412741086436
1019 0.41598746876963566
1020 0.7126602805748183
1021 0.7126602805748183
1022 0.7126602805748183
1023 0.7126602805748183
1024 0.7126602805748183
1025 0.5577471860634382
1026 0.5577471860634382
1027 0.5577471860634382
1028 0.5577471860634382
1029 0.5577471860634382
1030 1.5065479852719443
1031 1.5065479852719443
1032 1.5065479852719443
1033 1.5065479852719443
1034 3.08457989503246
1035 3.08457989503246
1036 3.08457989503246
1037 3.08457989503246
1038 3.08457989503246
1039 3.6037060995517023
1040 1.5921092280178157
1041 1.5921092280178157
1042 1.5921092280178157
1043 1.5921092280178157
1044 1.5921092280178157
1045 1.109974051856838
1046 1.109974051856838
1047 0.1273739156426429
1048 0.1273739156426429
1049 0.1273739156426429
1050 0.1273739156426429
1051 0.1273739156426429
1052 0.47651832264525046
1053 0.47651832264525046
1054 0.47651832264525046
1055 0.47651832264525046
1056 0.47651832264525046
1057 0.9475936267339753
1058 0.9475936267339753
1059 0.9475936267339753
1060 0.9475936267339753
1061 0.9475936267339753
1062 0.4677847544661867
1063 0.4677847544661867
1064 0.4677847544661867
1065 0.4677847544661867
1066 0.4677847544661867
1067 0.1
1068 0.1
1069 0.1
1070 0.1
1071 0.1
1072 0.9083105618327747
1073 0.9083105618327747
1074 0.9083105618327747
1075 0.9083105618327747
1076 0.9083105618327747
1077 0.8462406203591292
1078 0.8462406203591292
1079 0.8462406203591292
1080 0.8462406203591292
1081 0.8462406203591292
1082 0.8630080484797841
1083 0.8630080484797841
1084 0.8630080484797841
1085 0.8630080484797841
1086 0.8630080484797841
1087 0.43399638099003507
1088 0.43399638099003507
1089 0.43399638099003507
1090 0.43399638099003507
1091 0.43399638099003507
1092 0.7460384775000942
1093 0.7460384775000942
1094 0.7460384775000942
1095 0.7460384775000942
1096 0.7460384775000942
1097 0.4935133501158434
1098 0.4935133501158434
1099 0.4935133501158434
1100 0.4935133501158434
1101 0.4935133501158434
1102 0.47889334702506375
1103 0.47889334702506375
1104 0.47889334702506375
1105 0.47889334702506375
1106 0.47889334702506375
1107 0.8105482612732546
1108 0.8105482612732546
1109 0.8105482612732546
1110 0.8105482612732546
1111 0.8105482612732546
1112 0.7640161480905254
1113 0.7640161480905254
1114 0.7640161480905254
1115 0.7640161480905254
1116 0.7640161480905254
1117 0.826970272483128
1118 0.826970272483128
1119 0.826970272483128
1120 0.826970272483128
1121 0.826970272483128
1122 0.909734745204388
1123 0.909734745204388
1124 0.909734745204388
1125 0.909734745204388
1126 0.909734745204388
1127 0.42821527635769596
1128 0.42821527635769596
1129 0.42821527635769596
1130 0.42821527635769596
1131 0.42821527635769596
1132 1.0671852093748246
1133 1.0671852093748246
1134 1.1202631407123602
1135 1.1202631407123602
1136 1.1202631407123602
1137 1.1202631407123602
1138 1.1202631407123602
1139 2.4390585487629997
1140 2.4390585487629997
1141 4.609090743119621
1142 4.609090743119621
1143 4.609090743119621
1144 4.609090743119621
1145 4.609090743119621
1146 6.204455873575462
1147 6.204455873575462
1148 6.204455873575462
1149 6.204455873575462
1150 6.204455873575462
1151 0.1
1152 0.1
1153 0.1
1154 0.1
1155 0.1
1156 2.773954924336123
1157 2.773954924336123
1158 2.773954924336123
1159 2.773954924336123
1160 2.773954924336123
1161 3.0905670414912367
1162 3.0905670414912367
1163 3.0905670414912367
1164 3.0905670414912367
1165 3.0905670414912367
1166 1.1602980486803218
1167 1.1602980486803218
1168 1.1602980486803218
1169 0.629623478942007
1170 0.629623478942007
1171 0.629623478942007
1172 0.629623478942007
1173 0.629623478942007
1174 2.5740838165819353
1175 2.5740838165819353
1176 2.5740838165819353
1177 2.5740838165819353
1178 2.5740838165819353
1179 2.319562623908744
1180 2.319562623908744
1181 2.319562623908744
1182 2.319562623908744
1183 2.319562623908744
1184 0.6045241115971831
1185 0.6045241115971831
1186 0.6045241115971831
1187 0.6045241115971831
1188 0.6045241115971831
1189 2.2747913296884814
1190 2.2747913296884814
1191 2.2747913296884814
1192 2.2747913296884814
1193 2.2747913296884814
1194 2.1293513303341447
1195 2.1293513303341447
1196 2.1293513303341447
1197 2.1293513303341447
1198 2.1293513303341447
1199 2.125683902442969
1200 2.125683902442969
1201 2.125683902442969
1202 2.125683902442969
1203 2.125683902442969
1204 2.5081434668848757
1205 2.5081434668848757
1206 2.5081434668848757
1207 2.5081434668848757
1208 2.5081434668848757
1209 2.677122015778482
1210 2.677122015778482
1211 2.677122015778482
1212 2.677122015778482
1213 2.677122015778482
1214 2.725505766698707
1215 2.725505766698707
1216 2.725505766698707
1217 2.725505766698707
1218 2.725505766698707
1219 2.4136660993823886
1220 2.4136660993823886
1221 2.4136660993823886
1222 2.4136660993823886
1223 2.4136660993823886
1224 2.0014698532314674
1225 2.0014698532314674
1226 2.0014698532314674
1227 2.0014698532314674
1228 2.0014698532314674
1229 2.318046480277336
1230 2.318046480277336
1231 2.318046480277336
1232 2.318046480277336
1233 2.318046480277336
1234 1.123544900915751
1235 1.123544900915751
1236 1.123544900915751
1237 1.123544900915751
1238 1.123544900915751
1239 1.4364036732410446
1240 1.4364036732410446
1241 1.4364036732410446
1242 1.4364036732410446
1243 1.4364036732410446
1244 1.1858581371025791
1245 1.1858581371025791
1246 1.1858581371025791
1247 1.1858581371025791
1248 1.1858581371025791
1249 1.628342695424308
1250 1.628342695424308
1251 1.628342695424308
1252 1.628342695424308
1253 1.628342695424308
1254 2.1499405905141415
1255 2.1499405905141415
1256 2.1499405905141415
1257 2.1499405905141415
1258 2.1499405905141415
1259 0.4747950055591126
1260 0.4747950055591126
1261 0.4747950055591126
1262 0.4747950055591126
1263 0.4747950055591126
1264 2.748569158444166
1265 2.748569158444166
1266 2.748569158444166
1267 2.748569158444166
1268 2.748569158444166
1269 3.1755516209528762
1270 3.1755516209528762
1271 4.344495790056806
1272 4.344495790056806
1273 4.344495790056806
1274 4.344495790056806
1275 4.344495790056806
1276 3.945303398136273
1277 3.945303398136273
1278 3.945303398136273
1279 3.945303398136273
1280 3.945303398136273
1281 0.9938965861909606
1282 0.9938965861909606
1283 0.9938965861909606
1284 0.9938965861909606
1285 0.9938965861909606
1286 0.17611874276310502
1287 0.17611874276310502
1288 0.17611874276310502
1289 0.17611874276310502
1290 0.17611874276310502
1291 4.574616710034839
1292 4.574616710034839
1293 4.574616710034839
1294 4.574616710034839
1295 4.574616710034839
1296 4.754542454717866
1297 4.754542454717866
1298 4.754542454717866
1299 4.754542454717866
1300 4.754542454717866
1301 0.1
1302 0.1
1303 0.1
1304 0.1
1305 0.1
1306 4.204284046850395
1307 4.204284046850395
1308 4.204284046850395
1309 4.204284046850395
1310 4.204284046850395
1311 1.9797838302139021
1312 1.9797838302139021
1313 1.9797838302139021
1314 1.9797838302139021
1315 1.9797838302139021
1316 5.658743712467945
1317 5.658743712467945
1318 5.658743712467945
1319 5.658743712467945
1320 5.658743712467945
1321 2.6539502129079597
1322 2.6539502129079597
1323 2.6539502129079597
1324 2.6539502129079597
1325 2.6539502129079597
1326 5.966988000012563
1327 5.966988000012563
1328 5.966988000012563
1329 5.966988000012563
1330 5.966988000012563
1331 3.6973220765390598
1332 3.6973220765390598
1333 3.6973220765390598
1334 3.6973220765390598
1335 3.6973220765390598
1336 6.972270231844499
1337 6.972270231844499
1338 6.972270231844499
1339 6.972270231844499
1340 6.972270231844499
1341 4.458923408117082
1342 4.458923408117082
1343 4.458923408117082
1344 4.458923408117082
1345 3.4656721543300004
1346 3.4656721543300004
1347 3.4656721543300004
1348 3.4656721543300004
1349 3.4656721543300004
1350 2.4915636098362004
1351 2.4915636098362004
1352 2.4915636098362004
1353 2.4915636098362004
1354 2.4915636098362004
1355 2.439569202914632
1356 2.439569202914632
1357 2.439569202914632
1358 2.439569202914632
1359 2.439569202914632
1360 3.0210798503960405
1361 3.0210798503960405
1362 3.0210798503960405
1363 3.0210798503960405
1364 3.0210798503960405
1365 2.5363038340169544
1366 2.5363038340169544
1367 2.5363038340169544
1368 2.5363038340169544
1369 2.5363038340169544
1370 2.626549849810368
1371 2.626549849810368
1372 2.626549849810368
1373 2.626549849810368
1374 2.626549849810368
1375 4.18425710405746
1376 4.18425710405746
1377 4.18425710405746
1378 4.18425710405746
1379 4.18425710405746
1380 3.2090906892725917
1381 3.2090906892725917
1382 3.2090906892725917
1383 3.2090906892725917
1384 3.2090906892725917
1385 4.154090452604326
1386 4.154090452604326
1387 4.154090452604326
1388 4.154090452604326
1389 4.154090452604326
1390 5.25530567352413
1391 5.25530567352413
1392 5.25530567352413
1393 5.25530567352413
1394 5.25530567352413
1395 4.207085944645491
1396 4.207085944645491
1397 4.207085944645491
1398 4.207085944645491
1399 4.207085944645491
1400 3.960547549376714
1401 3.960547549376714
1402 3.960547549376714
1403 3.960547549376714
1404 3.960547549376714
1405 4.337489849347726
1406 4.337489849347726
1407 4.337489849347726
1408 4.337489849347726
1409 4.337489849347726
1410 2.248935728355239
1411 2.248935728355239
1412 2.248935728355239
1413 2.248935728355239
1414 2.248935728355239
1415 2.3655437735184366
1416 2.3655437735184366
1417 2.3655437735184366
1418 2.3655437735184366
1419 2.3655437735184366
1420 3.0418701881428594
1421 3.0418701881428594
1422 3.0418701881428594
1423 3.0418701881428594
1424 3.0418701881428594
1425 4.198702048642247
1426 4.198702048642247
1427 4.198702048642247
1428 4.198702048642247
1429 4.198702048642247
1430 2.010290685299124
1431 2.010290685299124
1432 2.010290685299124
1433 2.010290685299124
1434 2.010290685299124
1435 1.9689526005461913
1436 1.9689526005461913
1437 1.9689526005461913
1438 1.9689526005461913
1439 1.9689526005461913
1440 3.5142233889823133
1441 3.5142233889823133
1442 3.5142233889823133
1443 3.5142233889823133
1444 3.5142233889823133
1445 2.933754800665889
1446 2.933754800665889
1447 0.8994193822856524
1448 0.8994193822856524
1449 0.8994193822856524
1450 0.8994193822856524
1451 0.8994193822856524
1452 1.789256588222579
1453 1.789256588222579
1454 1.789256588222579
1455 1.789256588222579
1456 1.789256588222579
1457 3.070583891521811
1458 3.070583891521811
1459 3.070583891521811
1460 3.070583891521811
1461 3.070583891521811
1462 1.341117621955219
1463 1.341117621955219
1464 1.341117621955219
1465 1.341117621955219
1466 1.341117621955219
1467 2.6201937347354867
1468 2.6201937347354867
1469 2.6201937347354867
1470 2.6201937347354867
1471 2.6201937347354867
1472 2.5525844148898162
1473 2.5525844148898162
1474 2.5525844148898162
1475 2.5525844148898162
1476 2.5525844148898162
1477 1.040629977979009
1478 1.040629977979009
1479 1.040629977979009
1480 1.040629977979009
1481 1.040629977979009
1482 0.4522689263074411
1483 0.4522689263074411
1484 0.4522689263074411
1485 0.4522689263074411
1486 0.4522689263074411
1487 0.7665131307115106
1488 0.7665131307115106
1489 0.7665131307115106
1490 0.7665131307115106
1491 0.7665131307115106
1492 1.6058250797128895
1493 1.6058250797128895
1494 1.6058250797128895
1495 1.6058250797128895
1496 1.6058250797128895
1497 1.8420416263948183
1498 1.8420416263948183
1499 1.8420416263948183
1500 1.8420416263948183
1501 1.8420416263948183
1502 2.4301383041345077
1503 2.4301383041345077
1504 2.4301383041345077
1505 2.4301383041345077
1506 0.8757176397370185
1507 0.8757176397370185
1508 0.8757176397370185
1509 0.8757176397370185
1510 0.8757176397370185
1511 0.7650423737574104
1512 0.7650423737574104
1513 0.7650423737574104
1514 0.7650423737574104
1515 0.7650423737574104
1516 0.7022042989576107
1517 0.7022042989576107
1518 0.7022042989576107
1519 0.7022042989576107
1520 0.7022042989576107
1521 0.7613965867486587
1522 0.7613965867486587
1523 0.7613965867486587
1524 0.7613965867486587
1525 0.7613965867486587
1526 0.8952136803904531
1527 0.8952136803904531
1528 0.8952136803904531
1529 0.8952136803904531
1530 0.8952136803904531
1531 1.1605519064279082
1532 1.1605519064279082
1533 1.1605519064279082
1534 1.1605519064279082
1535 1.1605519064279082
1536 0.8355580859329264
1537 0.8355580859329264
1538 0.8355580859329264
1539 0.8355580859329264
1540 0.8355580859329264
1541 0.5934656719225854
1542 0.5934656719225854
1543 0.5934656719225854
1544 0.5934656719225854
1545 0.5934656719225854
1546 0.6349078301100908
1547 0.6349078301100908
1548 0.6349078301100908
1549 0.6349078301100908
1550 0.6349078301100908
1551 0.46598764670208925
1552 0.46598764670208925
1553 0.46598764670208925
1554 0.46598764670208925
1555 0.46598764670208925
1556 0.8268365609170778
1557 0.8268365609170778
1558 0.8268365609170778
1559 0.8268365609170778
1560 0.8268365609170778
1561 0.5639006338141169
1562 0.5639006338141169
1563 0.5639006338141169
1564 0.5639006338141169
1565 0.5639006338141169
1566 0.8649975189915242
1567 0.8649975189915242
1568 0.8649975189915242
1569 0.8649975189915242
1570 0.8649975189915242
1571 0.12544726671307982
1572 0.12544726671307982
1573 0.12544726671307982
1574 0.12544726671307982
1575 0.12544726671307982
1576 0.32837070844420496
1577 0.32837070844420496
1578 0.32837070844420496
1579 0.32837070844420496
1580 0.32837070844420496
1581 0.9257455971054551
1582 0.9257455971054551
1583 0.9257455971054551
1584 0.9257455971054551
1585 0.9257455971054551
1586 0.5010527336827855
1587 0.5010527336827855
1588 0.5010527336827855
1589 0.5010527336827855
1590 0.5010527336827855
1591 0.7810550773317547
1592 0.7810550773317547
1593 0.7810550773317547
1594 0.7810550773317547
1595 0.7810550773317547
1596 0.8871836711738054
1597 0.8871836711738054
1598 0.8871836711738054
1599 0.8871836711738054
1600 0.8871836711738054
1601 0.9418357374939532
1602 0.9418357374939532
1603 0.9418357374939532
1604 0.9418357374939532
1605 0.9418357374939532
1606 0.7554761778447294
1607 0.7554761778447294
1608 0.7554761778447294
1609 0.7554761778447294
1610 0.7554761778447294
1611 0.8058401549767904
1612 0.8058401549767904
1613 0.8058401549767904
1614 0.8058401549767904
1615 0.8058401549767904
1616 0.33962896527528946
1617 0.33962896527528946
1618 0.33962896527528946
1619 0.33962896527528946
1620 0.33962896527528946
1621 0.3052734342983306
1622 0.3052734342983306
1623 0.3052734342983306
1624 0.3052734342983306
1625 0.3052734342983306
1626 1.2466675032950874
1627 1.2466675032950874
1628 1.2466675032950874
1629 1.2466675032950874
1630 1.2466675032950874
1631 0.7602211086701375
1632 0.7602211086701375
1633 0.7602211086701375
1634 0.7602211086701375
1635 0.7602211086701375
1636 2.130650606470189
1637 2.130650606470189
1638 2.130650606470189
1639 2.130650606470189
1640 2.130650606470189
1641 0.21583360103852334
1642 0.21583360103852334
1643 0.21583360103852334
1644 0.21583360103852334
1645 0.21583360103852334
1646 0.18784027582883334
1647 0.18784027582883334
1648 0.18784027582883334
1649 0.18784027582883334
1650 0.18784027582883334
1651 1.230705766872621
1652 1.230705766872621
1653 1.230705766872621
1654 1.230705766872621
1655 1.230705766872621
1656 2.924384518521302
1657 2.924384518521302
1658 2.924384518521302
1659 2.924384518521302
1660 2.924384518521302
1661 2.319779713447559
1662 2.319779713447559
1663 2.319779713447559
1664 2.319779713447559
1665 2.319779713447559
1666 2.7208837902152725
1667 2.7208837902152725
1668 2.7208837902152725
1669 2.7208837902152725
1670 2.7208837902152725
1671 1.1889677416654132
1672 1.1889677416654132
1673 1.1889677416654132
1674 1.1889677416654132
1675 1.1889677416654132
1676 2.5577759558997952
1677 2.5577759558997952
1678 2.5577759558997952
1679 2.5577759558997952
1680 2.5577759558997952
1681 0.5908154855408103
1682 0.5908154855408103
1683 0.5908154855408103
1684 0.5908154855408103
1685 0.5908154855408103
1686 1.3387589147619663
1687 1.3387589147619663
1688 1.3387589147619663
1689 1.3387589147619663
1690 1.3387589147619663
1691 2.519706284044108
1692 2.519706284044108
1693 2.519706284044108
1694 2.519706284044108
1695 2.519706284044108
1696 3.511889164035719
1697 3.511889164035719
1698 3.511889164035719
1699 3.511889164035719
1700 3.511889164035719
1701 1.4751015425799967
1702 1.4751015425799967
1703 1.4751015425799967
1704 1.4751015425799967
1705 4.466164322645971
1706 4.466164322645971
1707 4.466164322645971
1708 4.466164322645971
1709 4.466164322645971
1710 0.4745693474580941
1711 0.4745693474580941
1712 0.4745693474580941
1713 0.4745693474580941
1714 0.4745693474580941
1715 2.4508857562168207
1716 2.4508857562168207
1717 2.4508857562168207
1718 2.4508857562168207
1719 2.4508857562168207
1720 3.828061172140213
1721 3.828061172140213
1722 3.828061172140213
1723 3.828061172140213
1724 3.828061172140213
1725 0.5005059984755968
1726 0.5005059984755968
1727 0.5005059984755968
1728 0.5005059984755968
1729 0.5005059984755968
1730 0.7750642651597159
1731 0.7750642651597159
1732 0.7750642651597159
1733 0.7750642651597159
1734 0.7750642651597159
1735 2.5084100670374307
1736 2.5084100670374307
1737 2.5084100670374307
1738 2.5084100670374307
1739 2.5084100670374307
1740 2.2294054040112723
1741 2.2294054040112723
1742 2.2294054040112723
1743 2.2294054040112723
1744 2.2294054040112723
1745 3.4252184892253013
1746 3.4252184892253013
1747 3.4252184892253013
1748 3.4252184892253013
1749 3.4252184892253013
1750 1.963638322345033
1751 1.963638322345033
1752 1.963638322345033
1753 1.963638322345033
1754 1.963638322345033
1755 3.5541191856573513
1756 3.5541191856573513
1757 3.5541191856573513
1758 3.5541191856573513
1759 3.5541191856573513
1760 2.5540964753563786
1761 2.5540964753563786
1762 2.5540964753563786
1763 2.5540964753563786
1764 2.5540964753563786
1765 3.814336164458692
1766 3.814336164458692
1767 3.814336164458692
1768 3.814336164458692
1769 3.814336164458692
1770 3.5388046593519427
1771 3.5388046593519427
1772 3.5388046593519427
1773 3.5388046593519427
1774 3.5388046593519427
1775 1.8946578693008331
1776 1.8946578693008331
1777 1.8946578693008331
1778 1.8946578693008331
1779 1.8946578693008331
1780 1.3874767266270545
1781 1.3874767266270545
1782 1.3874767266270545
1783 1.3874767266270545
1784 1.3874767266270545
1785 1.3193160241374102
1786 1.3193160241374102
1787 1.3193160241374102
1788 1.3193160241374102
1789 1.3193160241374102
1790 2.3278228056453614
1791 2.3278228056453614
1792 3.063093494428692
1793 3.063093494428692
1794 3.063093494428692
1795 3.063093494428692
1796 3.063093494428692
1797 2.159940152328654
1798 2.159940152328654
1799 2.159940152328654
1800 2.159940152328654
1801 2.159940152328654
1802 1.6465834972415545
1803 1.6465834972415545
1804 1.6465834972415545
1805 1.6465834972415545
1806 1.6465834972415545
1807 2.8912217914292766
1808 2.8912217914292766
1809 2.8912217914292766
1810 2.8912217914292766
1811 2.8912217914292766
1812 4.317991630579498
1813 4.317991630579498
1814 4.317991630579498
1815 4.317991630579498
1816 4.317991630579498
1817 6.888054086756986
1818 6.888054086756986
1819 6.888054086756986
1820 6.888054086756986
1821 6.888054086756986
1822 3.1730367830259136
1823 3.1730367830259136
1824 3.1730367830259136
1825 3.1730367830259136
1826 3.1730367830259136
1827 2.878216230625169
1828 2.878216230625169
1829 2.878216230625169
1830 2.878216230625169
1831 2.878216230625169
1832 0.9963000574537448
1833 0.9963000574537448
1834 0.9963000574537448
1835 0.9963000574537448
1836 0.9963000574537448
1837 0.6254280429736861
1838 0.6254280429736861
1839 0.6254280429736861
1840 0.6254280429736861
1841 0.6254280429736861
1842 0.16495220392003968
1843 0.16495220392003968
1844 0.16495220392003968
1845 0.16495220392003968
1846 0.16495220392003968
1847 0.6210074317458083
1848 0.6210074317458083
1849 0.6210074317458083
1850 0.6210074317458083
1851 0.6210074317458083
1852 0.45536130384797946
1853 0.45536130384797946
1854 0.45536130384797946
1855 0.45536130384797946
1856 0.45536130384797946
1857 0.8563315483420035
1858 0.8563315483420035
1859 0.8563315483420035
1860 0.8563315483420035
1861 0.8563315483420035
1862 0.5360206229325611
1863 0.5360206229325611
1864 0.5360206229325611
1865 0.5360206229325611
1866 0.5360206229325611
1867 0.5441737268494351
1868 0.5441737268494351
1869 0.5441737268494351
1870 0.5441737268494351
1871 0.5441737268494351
1872 0.40556806889384733
1873 0.40556806889384733
1874 0.40556806889384733
1875 0.40556806889384733
1876 0.40556806889384733
1877 0.9920175337185935
1878 0.9920175337185935
1879 0.9920175337185935
1880 0.9920175337185935
1881 0.9920175337185935
1882 0.6934955517557123
1883 0.6934955517557123
1884 0.6934955517557123
1885 0.6934955517557123
1886 0.6934955517557123
1887 0.9798719141260355
1888 0.9798719141260355
1889 0.9798719141260355
1890 0.9798719141260355
1891 0.9798719141260355
1892 0.6373678651357014
1893 0.6373678651357014
1894 0.6373678651357014
1895 3.98242033079917
1896 3.98242033079917
1897 3.98242033079917
1898 3.98242033079917
1899 3.98242033079917
1900 1.3474302740787814
1901 1.3474302740787814
1902 1.3474302740787814
1903 1.3474302740787814
1904 1.3474302740787814
1905 2.732367926008759
1906 2.732367926008759
1907 2.732367926008759
1908 2.732367926008759
1909 2.732367926008759
1910 2.8512693775902545
1911 2.8512693775902545
1912 2.8512693775902545
1913 2.8512693775902545
1914 2.8512693775902545
1915 5.909509120864823
1916 5.909509120864823
1917 5.909509120864823
1918 5.909509120864823
1919 5.909509120864823
1920 2.903139607846775
1921 2.903139607846775
1922 2.903139607846775
1923 2.903139607846775
1924 2.903139607846775
1925 2.3267940055337895
1926 2.3267940055337895
1927 2.3267940055337895
1928 2.3267940055337895
1929 2.3267940055337895
1930 3.7407786810115997
1931 3.7407786810115997
1932 3.7407786810115997
1933 3.7407786810115997
1934 3.7407786810115997
1935 2.5054492797211427
1936 2.5054492797211427
1937 2.5054492797211427
1938 2.5054492797211427
1939 2.5054492797211427
1940 4.00929350335659
1941 4.00929350335659
1942 4.00929350335659
1943 4.00929350335659
1944 4.00929350335659
1945 2.438463109085741
1946 2.438463109085741
1947 2.438463109085741
1948 2.438463109085741
1949 2.438463109085741
1950 4.932370602533643
1951 4.932370602533643
1952 4.932370602533643
1953 4.932370602533643
1954 4.932370602533643
1955 3.703569440937477
1956 3.703569440937477
1957 3.703569440937477
1958 3.703569440937477
1959 3.703569440937477
1960 1.6510165964919705
1961 1.6510165964919705
1962 1.6510165964919705
1963 1.6510165964919705
1964 1.6510165964919705
1965 3.908604110056413
1966 3.908604110056413
1967 3.908604110056413
1968 3.908604110056413
1969 3.908604110056413
1970 4.586194665689877
1971 4.586194665689877
1972 4.586194665689877
1973 4.586194665689877
1974 4.586194665689877
1975 4.447858600427253
1976 4.447858600427253
1977 4.447858600427253
1978 4.447858600427253
1979 4.447858600427253
1980 3.244363658023636
1981 3.244363658023636
1982 3.244363658023636
1983 3.244363658023636
1984 3.244363658023636
1985 4.059808106600473
1986 4.059808106600473
1987 4.059808106600473
1988 4.059808106600473
1989 4.059808106600473
1990 2.2532993430949793
1991 2.2532993430949793
1992 2.2532993430949793
1993 2.2532993430949793
1994 2.2532993430949793
1995 3.7282261697968346
1996 3.7282261697968346
1997 3.7282261697968346
1998 3.7282261697968346
1999 3.7282261697968346
