0 3.0628757573391967
1 3.0628757573391967
2 3.0628757573391967
3 3.8262823171180766
4 3.8262823171180766
5 3.8262823171180766
6 2.711855588126502
7 2.711855588126502
8 2.711855588126502
9 4.176523416147095
10 4.176523416147095
11 4.176523416147095
12 3.9029680734971848
13 3.9029680734971848
14 3.9029680734971848
15 4.3126058909041305
16 4.3126058909041305
17 4.3126058909041305
18 2.694602746906974
19 2.694602746906974
20 2.694602746906974
21 4.085622227668619
22 4.085622227668619
23 4.085622227668619
24 4.371601974686897
25 4.371601974686897
26 4.371601974686897
27 2.6807589591789682
28 2.6807589591789682
29 2.6807589591789682
30 3.6700443820079567
31 3.6700443820079567
32 3.6700443820079567
33 3.735122571277401
34 3.735122571277401
35 3.735122571277401
36 4.044203386684074
37 4.044203386684074
38 4.044203386684074
39 3.3175375094646897
40 3.3175375094646897
41 3.3175375094646897
42 2.6180603499624304
43 2.6180603499624304
44 2.6180603499624304
45 3.6974774537143014
46 3.6974774537143014
47 3.6974774537143014
48 3.894121217145017
49 3.894121217145017
50 3.894121217145017
51 4.132210638147586
52 4.132210638147586
53 4.132210638147586
54 1.818703874307483
55 1.818703874307483
56 1.818703874307483
57 3.513395050823196
58 3.513395050823196
59 3.513395050823196
60 4.008410904502769
61 4.008410904502769
62 4.008410904502769
63 2.228650188313045
64 2.228650188313045
65 2.228650188313045
66 3.7435135965694135
67 3.7435135965694135
68 3.7435135965694135
69 1.9620934106631196
70 1.9620934106631196
71 1.9620934106631196
72 1.2104761005908837
73 1.2104761005908837
74 1.2104761005908837
75 1.6116168724583582
76 1.6116168724583582
77 1.6116168724583582
78 2.7617421286701127
79 2.7617421286701127
80 2.7617421286701127
81 2.557201279253401
82 2.557201279253401
83 2.557201279253401
84 2.6173871134574407
85 2.6173871134574407
86 2.6173871134574407
87 2.538638055527583
88 2.538638055527583
89 2.538638055527583
90 2.033917896577275
91 2.033917896577275
92 2.033917896577275
93 1.5217917981615166
94 1.5217917981615166
95 1.5217917981615166
96 1.7075666022310856
97 1.7075666022310856
98 1.7075666022310856
99 2.2829591159143705
100 2.2829591159143705
101 2.2829591159143705
102 2.0394631905237204
103 2.0394631905237204
104 2.0394631905237204
105 2.027119623535376
106 2.027119623535376
107 2.027119623535376
108 2.1041549345212043
109 2.1041549345212043
110 2.1041549345212043
111 2.4982866120310465
112 2.4982866120310465
113 2.4982866120310465
114 2.8224277337018533
115 2.8224277337018533
116 2.8224277337018533
117 1.7412175685771532
118 1.7412175685771532
119 1.7412175685771532
120 1.6064656917703706
121 1.6064656917703706
122 1.6064656917703706
123 2.0630361885097463
124 2.0630361885097463
125 2.0630361885097463
126 1.4888335751363144
127 1.4888335751363144
128 1.4888335751363144
129 2.8467928497244626
130 2.8467928497244626
131 2.8467928497244626
132 1.9280392093716392
133 1.9280392093716392
134 1.9280392093716392
135 1.3947430687337334
136 1.3947430687337334
137 1.3947430687337334
138 1.8238961130818523
139 1.8238961130818523
140 1.8238961130818523
141 2.310546216520657
142 2.310546216520657
143 2.310546216520657
144 2.3466555116365195
145 2.3466555116365195
146 2.3466555116365195
147 1.827772485200739
148 1.827772485200739
149 1.827772485200739
150 1.7119916850704675
151 1.7119916850704675
152 1.7119916850704675
153 1.8243294093503453
154 1.8243294093503453
155 1.8243294093503453
156 2.7085430888704156
157 2.7085430888704156
158 2.7085430888704156
159 2.132556475683728
160 2.132556475683728
161 2.132556475683728
162 1.511996022354554
163 1.511996022354554
164 1.511996022354554
165 2.8295206908446375
166 2.8295206908446375
167 2.8295206908446375
168 2.27714362181048
169 2.27714362181048
170 2.27714362181048
171 2.724464500275786
172 2.724464500275786
173 2.724464500275786
174 1.482820700617835
175 1.482820700617835
176 1.482820700617835
177 2.9307594653355413
178 2.9307594653355413
179 2.9307594653355413
180 2.578824727340714
181 2.578824727340714
182 2.578824727340714
183 3.825666129952248
184 3.825666129952248
185 3.825666129952248
186 3.097737973811883
187 3.097737973811883
188 3.097737973811883
189 2.9216407099173622
190 2.9216407099173622
191 2.9216407099173622
192 3.342317548364203
193 3.342317548364203
194 3.342317548364203
195 3.6162245812331495
196 3.6162245812331495
197 3.6162245812331495
198 2.5158723823588787
199 2.5158723823588787
200 2.5158723823588787
201 3.7911678875692876
202 3.7911678875692876
203 3.7911678875692876
204 4.759768450203104
205 4.759768450203104
206 4.759768450203104
207 2.0941831574614715
208 2.0941831574614715
209 2.0941831574614715
210 4.641887481169302
211 4.641887481169302
212 4.641887481169302
213 2.8924434561158807
214 2.8924434561158807
215 2.8924434561158807
216 2.967279328340769
217 2.967279328340769
218 2.967279328340769
219 2.916036960190361
220 2.916036960190361
221 2.916036960190361
222 2.3816912313487704
223 2.3816912313487704
224 2.3816912313487704
225 2.9141529204527443
226 2.9141529204527443
227 2.9141529204527443
228 3.563202831129252
229 3.563202831129252
230 3.563202831129252
231 2.245814012871427
232 2.245814012871427
233 2.245814012871427
234 2.47895600431037
235 2.47895600431037
236 2.47895600431037
237 1.634429045853397
238 1.634429045853397
239 1.634429045853397
240 2.6294847502685093
241 2.6294847502685093
242 2.6294847502685093
243 3.3611072243440763
244 3.3611072243440763
245 3.3611072243440763
246 2.901121898511713
247 2.901121898511713
248 2.901121898511713
249 3.418678284799269
250 3.418678284799269
251 3.418678284799269
252 2.8050503420705644
253 2.8050503420705644
254 2.8050503420705644
255 3.3320432904512254
256 3.3320432904512254
257 3.3320432904512254
258 2.5660321160048873
259 2.5660321160048873
260 2.5660321160048873
261 2.222988101474846
262 2.222988101474846
263 2.222988101474846
264 3.5716527200232466
265 3.5716527200232466
266 3.5716527200232466
267 3.2415028530927055
268 3.2415028530927055
269 3.2415028530927055
270 2.482366077550347
271 2.482366077550347
272 2.482366077550347
273 2.9130524369514483
274 2.9130524369514483
275 2.9130524369514483
276 3.2541933069380615
277 3.2541933069380615
278 3.2541933069380615
279 3.116875393728118
280 3.116875393728118
281 3.116875393728118
282 1.7983277840138334
283 1.7983277840138334
284 1.7983277840138334
285 2.608282750201581
286 2.608282750201581
287 2.608282750201581
288 2.190181896031823
289 2.190181896031823
290 2.190181896031823
291 3.065505686724065
292 3.065505686724065
293 3.065505686724065
294 1.6988119168122662
295 1.6988119168122662
296 1.6988119168122662
297 2.6453119715096873
298 2.6453119715096873
299 2.6453119715096873
300 3.070141552259936
301 3.070141552259936
302 3.070141552259936
303 2.5232850865023475
304 2.5232850865023475
305 2.5232850865023475
306 3.0212675794118082
307 3.0212675794118082
308 3.0212675794118082
309 2.889817187453823
310 2.889817187453823
311 2.889817187453823
312 3.003788880081186
313 3.003788880081186
314 3.003788880081186
315 2.2806277255052634
316 2.2806277255052634
317 2.2806277255052634
318 2.464313560824909
319 2.464313560824909
320 2.464313560824909
321 2.36430724672778
322 2.36430724672778
323 2.36430724672778
324 2.087228907816086
325 2.087228907816086
326 2.087228907816086
327 3.0953228535025175
328 3.0953228535025175
329 3.0953228535025175
330 2.5390501628194038
331 2.5390501628194038
332 2.5390501628194038
333 2.424093594154385
334 2.424093594154385
335 2.424093594154385
336 3.0436771979033046
337 3.0436771979033046
338 3.0436771979033046
339 2.640429817456626
340 2.640429817456626
341 2.640429817456626
342 3.4885580506760494
343 3.4885580506760494
344 3.4885580506760494
345 2.852351275431136
346 2.852351275431136
347 2.852351275431136
348 1.8618571143553615
349 1.8618571143553615
350 1.8618571143553615
351 3.2137257648858046
352 3.2137257648858046
353 3.2137257648858046
354 2.322233215997423
355 2.322233215997423
356 2.322233215997423
357 1.9722662169387193
358 1.9722662169387193
359 1.9722662169387193
360 2.3795812294127887
361 2.3795812294127887
362 2.3795812294127887
363 2.229544661986193
364 2.229544661986193
365 2.229544661986193
366 2.516592349059826
367 2.516592349059826
368 2.516592349059826
369 2.524537328490519
370 2.524537328490519
371 2.524537328490519
372 3.1826667799410244
373 2.0696667576613765
374 2.0696667576613765
375 2.0696667576613765
376 1.630942521070876
377 1.630942521070876
378 1.630942521070876
379 2.07886799058211
380 2.07886799058211
381 0.6061276579529346
382 0.6061276579529346
383 0.6061276579529346
384 0.5081304191016839
385 0.5081304191016839
386 0.5081304191016839
387 0.7464235249847269
388 0.7464235249847269
389 0.7464235249847269
390 0.8580665761151697
391 0.8580665761151697
392 0.8580665761151697
393 0.6747389293600372
394 0.6747389293600372
395 0.6747389293600372
396 0.6420197451647862
397 0.6420197451647862
398 0.6420197451647862
399 0.809472694362084
400 0.809472694362084
401 0.809472694362084
402 0.6375292243069551
403 0.6375292243069551
404 0.6375292243069551
405 0.8834259856377018
406 0.8834259856377018
407 0.8834259856377018
408 0.7676531194657897
409 0.7676531194657897
410 0.7676531194657897
411 0.5866484586246272
412 0.5866484586246272
413 0.5866484586246272
414 0.7460981756478829
415 0.7460981756478829
416 0.7460981756478829
417 0.5469883196141465
418 0.5469883196141465
419 0.5469883196141465
420 0.5268981543842763
421 0.5268981543842763
422 0.5268981543842763
423 0.4719301714210325
424 0.4719301714210325
425 0.4719301714210325
426 0.7003093772754351
427 0.7003093772754351
428 0.7003093772754351
429 0.7766707420650572
430 0.7766707420650572
431 0.7766707420650572
432 0.8272448531585758
433 0.8272448531585758
434 0.8272448531585758
435 0.5074207792936823
436 0.5074207792936823
437 0.5074207792936823
438 0.7796676901544332
439 0.7796676901544332
440 0.7796676901544332
441 0.5792830501882358
442 0.5792830501882358
443 0.5792830501882358
444 0.8556493025172598
445 0.8556493025172598
446 0.8556493025172598
447 0.5712330692392048
448 0.5712330692392048
449 0.5712330692392048
450 0.6366094603116002
451 0.6366094603116002
452 0.6366094603116002
453 0.7609590692776369
454 0.7609590692776369
455 0.7609590692776369
456 0.5657710076622228
457 0.5657710076622228
458 0.5657710076622228
459 0.6537470785011396
460 0.6537470785011396
461 0.6537470785011396
462 0.6549306490108642
463 0.6549306490108642
464 0.6549306490108642
465 0.5087744060050299
466 0.5087744060050299
467 0.5087744060050299
468 0.5555743070377238
469 0.5555743070377238
470 0.5555743070377238
471 0.7448168188622537
472 0.7448168188622537
473 0.7448168188622537
474 0.4986519383472968
475 0.4986519383472968
476 0.4986519383472968
477 0.5331544900080731
478 0.5331544900080731
479 0.5331544900080731
480 0.7212125963607937
481 0.7212125963607937
482 0.7212125963607937
483 0.6880906387817795
484 0.6880906387817795
485 0.6880906387817795
486 0.5548997390695599
487 0.5548997390695599
488 0.5548997390695599
489 0.5382500289903582
490 0.5382500289903582
491 0.5382500289903582
492 0.5397347076434073
493 0.5397347076434073
494 0.5397347076434073
495 0.5572187704377184
496 0.5572187704377184
497 0.5572187704377184
498 0.64588944657716
499 0.64588944657716
500 0.64588944657716
501 0.436572785133752
502 0.436572785133752
503 0.436572785133752
504 0.6467985174403166
505 0.6467985174403166
506 0.6467985174403166
507 0.6540278596296571
508 0.6540278596296571
509 0.6540278596296571
510 0.5499868043244962
511 0.5499868043244962
512 0.5499868043244962
513 0.4998567999530833
514 0.4998567999530833
515 0.4998567999530833
516 0.7617252748552716
517 0.7617252748552716
518 0.7617252748552716
519 0.3084861642111457
520 0.3084861642111457
521 0.3084861642111457
522 1.953491495084497
523 1.953491495084497
524 1.953491495084497
525 2.048925007060771
526 2.048925007060771
527 2.048925007060771
528 1.192286451326331
529 1.192286451326331
530 1.192286451326331
531 2.049184938459145
532 2.049184938459145
533 2.049184938459145
534 1.3080294672450634
535 1.3080294672450634
536 1.3080294672450634
537 1.1910350840683273
538 1.1910350840683273
539 1.1910350840683273
540 1.6286456997525534
541 1.6286456997525534
542 1.6286456997525534
543 2.1720583191564042
544 2.1720583191564042
545 2.1720583191564042
546 1.2159225129941493
547 1.2159225129941493
548 1.2159225129941493
549 1.946806013268787
550 1.946806013268787
551 1.946806013268787
552 1.5934335525960501
553 0.1883435641646297
554 0.1883435641646297
555 0.1883435641646297
556 0.23001753790348775
557 0.23001753790348775
558 0.23001753790348775
559 0.2485939928486402
560 0.2485939928486402
561 0.2485939928486402
562 0.1799219139037184
563 0.1799219139037184
564 0.1799219139037184
565 0.20554568523390365
566 0.20554568523390365
567 0.20554568523390365
568 0.26126616665802604
569 0.26126616665802604
570 0.26126616665802604
571 0.170430908305559
572 0.170430908305559
573 0.170430908305559
574 0.21629279175078206
575 0.21629279175078206
576 0.21629279175078206
577 0.2161832052947639
578 0.2161832052947639
579 0.2161832052947639
580 0.2028460865920594
581 0.2028460865920594
582 0.2028460865920594
583 0.15225588704979623
584 0.15225588704979623
585 0.15225588704979623
586 0.21592990270631057
587 0.21592990270631057
588 0.21592990270631057
589 0.10832470701046018
590 0.10832470701046018
591 0.10832470701046018
592 0.24290013773671545
593 0.24290013773671545
594 0.24290013773671545
595 0.20697507202768628
596 0.20697507202768628
597 0.20697507202768628
598 0.24503715524718567
599 0.24503715524718567
600 0.24503715524718567
601 0.1901032399273274
602 0.1901032399273274
603 0.1901032399273274
604 0.2619436134583627
605 0.2619436134583627
606 0.2619436134583627
607 0.16277505265525755
608 0.16277505265525755
609 0.16277505265525755
610 0.18473873738531119
611 0.18473873738531119
612 0.18473873738531119
613 0.18011393532619424
614 0.18011393532619424
615 0.18011393532619424
616 0.2467344603750184
617 0.2467344603750184
618 0.2467344603750184
619 0.167438819751886
620 0.167438819751886
621 0.167438819751886
622 0.2403651071192658
623 0.2403651071192658
624 0.2403651071192658
625 0.2207883571470974
626 0.2207883571470974
627 0.2207883571470974
628 0.21859654183379956
629 0.21859654183379956
630 0.21859654183379956
631 0.22649166802853637
632 0.22649166802853637
633 0.22649166802853637
634 0.2826189907829523
635 0.2826189907829523
636 0.2826189907829523
637 0.21620237524436267
638 0.21620237524436267
639 0.21620237524436267
640 0.25167757221182085
641 0.25167757221182085
642 0.25167757221182085
643 0.1915576653339077
644 0.1915576653339077
645 0.1915576653339077
646 0.13566512116775709
647 0.13566512116775709
648 0.13566512116775709
649 0.19043808655217045
650 0.19043808655217045
651 0.19043808655217045
652 0.13594184923979657
653 0.13594184923979657
654 0.13594184923979657
655 0.1
656 0.1
657 0.1
658 0.20923924113398656
659 0.20923924113398656
660 0.20923924113398656
661 0.21086688246958413
662 0.21086688246958413
663 0.21086688246958413
664 0.24258290489976797
665 0.24258290489976797
666 0.24258290489976797
667 0.12603832519110542
668 0.12603832519110542
669 0.12603832519110542
670 0.2332467797354977
671 0.2332467797354977
672 0.2332467797354977
673 0.1396276036711494
674 0.1396276036711494
675 0.1396276036711494
676 0.2392071007553602
677 0.2392071007553602
678 0.2392071007553602
679 0.1194616222222911
680 0.1194616222222911
681 0.1194616222222911
682 0.19871225064427178
683 0.19871225064427178
684 0.19871225064427178
685 0.17068599939681953
686 0.17068599939681953
687 0.17068599939681953
688 0.14562513409969963
689 0.14562513409969963
690 0.14562513409969963
691 0.24043066913034644
692 0.24043066913034644
693 0.24043066913034644
694 0.16296434102550578
695 0.16296434102550578
696 3.3834283383810586
697 3.3834283383810586
698 3.3834283383810586
699 4.434549891633533
700 4.434549891633533
701 0.7798176846941981
702 0.7798176846941981
703 0.7798176846941981
704 0.624786190147275
705 0.624786190147275
706 0.624786190147275
707 0.7483680009893887
708 0.7483680009893887
709 0.7483680009893887
710 0.41357666482443106
711 0.41357666482443106
712 0.41357666482443106
713 0.6375801846392636
714 0.6375801846392636
715 0.6375801846392636
716 0.5886845912100972
717 0.5886845912100972
718 0.5886845912100972
719 0.6852016652462918
720 0.6852016652462918
721 0.6852016652462918
722 0.6851466517403958
723 0.6851466517403958
724 0.6851466517403958
725 0.6000806545167781
726 0.6000806545167781
727 0.6000806545167781
728 0.806769564190619
729 0.806769564190619
730 0.806769564190619
731 0.6177996567836082
732 0.6177996567836082
733 0.6177996567836082
734 0.6099625073209927
735 0.6099625073209927
736 0.6099625073209927
737 0.6661711652281671
738 0.6661711652281671
739 0.6661711652281671
740 0.5441152702168592
741 0.5441152702168592
742 0.5441152702168592
743 0.5630396084884132
744 0.5630396084884132
745 0.5630396084884132
746 0.6397778101192185
747 0.6397778101192185
748 0.6397778101192185
749 0.7831471112163049
750 0.7831471112163049
751 0.7831471112163049
752 0.6798271855895957
753 0.6798271855895957
754 0.6798271855895957
755 0.677163386016013
756 0.677163386016013
757 0.677163386016013
758 0.5580335486276256
759 0.5580335486276256
760 0.5580335486276256
761 0.5397331356772148
762 0.5397331356772148
763 0.5397331356772148
764 0.7622671800322184
765 0.7622671800322184
766 0.7622671800322184
767 0.6614644298799018
768 0.6614644298799018
769 0.6614644298799018
770 0.8383365946957086
771 0.8383365946957086
772 0.8383365946957086
773 0.8101454158362877
774 0.8101454158362877
775 0.8101454158362877
776 0.6929494977300583
777 0.6929494977300583
778 0.6929494977300583
779 0.6235586205050744
780 0.6235586205050744
781 0.6235586205050744
782 0.4140776489942962
783 0.4140776489942962
784 0.4140776489942962
785 0.6873079099643805
786 0.6873079099643805
787 0.6873079099643805
788 0.6762573600487113
789 0.6762573600487113
790 0.6762573600487113
791 0.7609936141706661
792 0.7609936141706661
793 0.7609936141706661
794 0.4583757126831872
795 0.4583757126831872
796 1.0308265936375278
797 1.0308265936375278
798 1.0308265936375278
799 1.067262208830828
800 1.067262208830828
801 1.067262208830828
802 0.9671133997236208
803 0.9671133997236208
804 0.9671133997236208
805 1.097637640687089
806 1.097637640687089
807 1.097637640687089
808 1.2885885315497276
809 1.2885885315497276
810 1.2885885315497276
811 1.4009600479158604
812 1.4009600479158604
813 1.4009600479158604
814 1.2246515977784045
815 1.2246515977784045
816 1.2246515977784045
817 1.2162371162159211
818 1.2162371162159211
819 1.2162371162159211
820 0.800433012348962
821 0.800433012348962
822 0.800433012348962
823 1.1456534569021057
824 1.1456534569021057
825 1.1456534569021057
826 1.1268438110700416
827 1.1268438110700416
828 1.1268438110700416
829 1.0615527614486786
830 1.0615527614486786
831 1.0615527614486786
832 0.8680845942917422
833 0.8680845942917422
834 0.8680845942917422
835 1.2334019369533942
836 1.2334019369533942
837 1.2334019369533942
838 1.3566037080015325
839 1.3566037080015325
840 1.3566037080015325
841 1.5306023318856474
842 1.5306023318856474
843 1.5306023318856474
844 1.0780402960054296
845 1.0780402960054296
846 1.0780402960054296
847 0.7086598462075453
848 0.7086598462075453
849 0.7086598462075453
850 0.6352992120138142
851 0.6352992120138142
852 3.9583189106145644
853 3.9583189106145644
854 3.9583189106145644
855 3.6298939130612182
856 3.6298939130612182
857 3.6298939130612182
858 3.4439582671713334
859 3.4439582671713334
860 3.4439582671713334
861 2.629923054874472
862 2.629923054874472
863 2.629923054874472
864 3.3296652226935413
865 3.3296652226935413
866 3.3296652226935413
867 4.004951910853964
868 4.004951910853964
869 4.004951910853964
870 3.9548774686913997
871 3.9548774686913997
872 3.9548774686913997
873 4.232412492723624
874 4.232412492723624
875 4.232412492723624
876 3.530638661482739
877 3.530638661482739
878 3.530638661482739
879 4.347577702883553
880 4.347577702883553
881 4.347577702883553
882 2.7592166936702163
883 2.7592166936702163
884 2.7592166936702163
885 2.4640551515494606
886 2.4640551515494606
887 2.4640551515494606
888 1.0240132419141064
889 1.0240132419141064
890 1.0240132419141064
891 1.375582583719874
892 1.375582583719874
893 1.375582583719874
894 1.118139956934605
895 1.118139956934605
896 1.118139956934605
897 0.6911436909459558
898 0.6911436909459558
899 0.6911436909459558
900 0.948798951323127
901 0.948798951323127
902 0.948798951323127
903 1.0105464507539133
904 1.0105464507539133
905 1.0105464507539133
906 1.3835465609388256
907 1.3835465609388256
908 1.3835465609388256
909 1.0421261144403546
910 1.0421261144403546
911 1.0421261144403546
912 1.0728096279854946
913 1.0728096279854946
914 1.0728096279854946
915 0.9078753691351418
916 0.9078753691351418
917 0.9078753691351418
918 1.3569058179341669
919 1.3569058179341669
920 1.3569058179341669
921 1.1019141541577224
922 1.1019141541577224
923 1.1019141541577224
924 2.210551863687822
925 2.210551863687822
926 2.210551863687822
927 1.901818250552168
928 1.901818250552168
929 1.901818250552168
930 2.991207403484708
931 2.991207403484708
932 2.991207403484708
933 3.7689983990700027
934 3.7689983990700027
935 3.7689983990700027
936 2.7648086066968953
937 2.7648086066968953
938 2.7648086066968953
939 2.1805416576791545
940 2.1805416576791545
941 2.1805416576791545
942 2.032688469407014
943 2.032688469407014
944 2.032688469407014
945 3.2153959529627705
946 3.2153959529627705
947 3.2153959529627705
948 2.9832707483510292
949 2.9832707483510292
950 2.9832707483510292
951 2.6406531753100877
952 2.6406531753100877
953 2.6406531753100877
954 2.824585353751041
955 2.824585353751041
956 2.824585353751041
957 2.507947153223986
958 2.507947153223986
959 2.507947153223986
960 2.7714352829441298
961 2.7714352829441298
962 2.7714352829441298
963 2.2152880260492367
964 2.2152880260492367
965 2.2152880260492367
966 2.683369904494402
967 2.683369904494402
968 2.683369904494402
969 1.8974689451882094
970 1.8974689451882094
971 1.8974689451882094
972 2.518976319502728
973 2.518976319502728
974 2.518976319502728
975 2.544097374755999
976 2.544097374755999
977 2.544097374755999
978 2.465412433597786
979 2.465412433597786
980 2.465412433597786
981 2.7778406186045226
982 2.7778406186045226
983 2.7778406186045226
984 3.024106426090932
985 3.024106426090932
986 3.024106426090932
987 2.0707157970181047
988 2.0707157970181047
989 2.0707157970181047
990 2.9798422256615136
991 2.9798422256615136
992 2.9798422256615136
993 2.2465648851918565
994 2.2465648851918565
995 2.2465648851918565
996 2.1183744180675688
997 2.1183744180675688
998 2.1183744180675688
999 2.566067763023494
1000 2.566067763023494
1001 2.566067763023494
1002 2.8439487401369186
1003 2.8439487401369186
1004 2.8439487401369186
1005 3.3137068577127473
1006 3.3137068577127473
1007 3.3137068577127473
1008 3.0183347273990426
1009 3.0183347273990426
1010 3.0183347273990426
1011 2.647719143347267
1012 2.647719143347267
1013 2.647719143347267
1014 1.3472092144386427
1015 1.3472092144386427
1016 1.3472092144386427
1017 2.111903383571831
1018 2.111903383571831
1019 2.111903383571831
1020 2.185774511095404
1021 2.185774511095404
1022 2.185774511095404
1023 2.296261706664457
1024 2.296261706664457
1025 2.296261706664457
1026 2.978617332494559
1027 2.978617332494559
1028 2.978617332494559
1029 2.3437831564000224
1030 2.3437831564000224
1031 2.3437831564000224
1032 2.8029034951077985
1033 2.8029034951077985
1034 2.8029034951077985
1035 1.292898352107825
1036 1.292898352107825
1037 1.292898352107825
1038 3.641442023615852
1039 3.641442023615852
1040 3.641442023615852
1041 2.5640458526822787
1042 2.5640458526822787
1043 2.5640458526822787
1044 2.481117567053858
1045 2.481117567053858
1046 2.481117567053858
1047 2.04214335477979
1048 2.04214335477979
1049 2.04214335477979
1050 2.3652114455779354
1051 2.3652114455779354
1052 2.3652114455779354
1053 1.2494499799916774
1054 1.2494499799916774
1055 1.2494499799916774
1056 2.5521579030577044
1057 2.5521579030577044
1058 2.5521579030577044
1059 2.235914236136953
1060 2.235914236136953
1061 2.235914236136953
1062 2.7793704453149597
1063 2.7793704453149597
1064 2.7793704453149597
1065 2.244223778113136
1066 2.244223778113136
1067 2.244223778113136
1068 2.091793812294601
1069 2.091793812294601
1070 2.091793812294601
1071 2.7982512348285873
1072 2.7982512348285873
1073 2.7982512348285873
1074 2.348820389237309
1075 2.348820389237309
1076 2.348820389237309
1077 2.6286764899609394
1078 2.6286764899609394
1079 2.6286764899609394
1080 2.735176827854536
1081 2.735176827854536
1082 2.735176827854536
1083 3.2268051924501604
1084 3.2268051924501604
1085 3.2268051924501604
1086 2.4464861662020168
1087 2.4464861662020168
1088 2.4464861662020168
1089 2.2715668091914525
1090 2.2715668091914525
1091 2.2715668091914525
1092 2.6022853419131673
1093 2.6022853419131673
1094 2.6022853419131673
1095 2.577128691305123
1096 2.577128691305123
1097 2.577128691305123
1098 1.220217911269919
1099 1.220217911269919
1100 1.220217911269919
1101 2.0673380923517373
1102 2.0673380923517373
1103 2.0673380923517373
1104 2.78651541795
1105 2.78651541795
1106 2.78651541795
1107 2.1812281903065336
1108 2.1812281903065336
1109 2.1812281903065336
1110 2.7890930481631795
1111 2.7890930481631795
1112 2.7890930481631795
1113 2.7154787641531537
1114 2.7154787641531537
1115 2.7154787641531537
1116 1.3164377805461007
1117 1.3164377805461007
1118 1.3164377805461007
1119 2.179088428572188
1120 2.179088428572188
1121 2.179088428572188
1122 2.8036022477757845
1123 2.8036022477757845
1124 2.8036022477757845
1125 2.318928242575206
1126 2.318928242575206
1127 2.318928242575206
1128 2.4282945051814746
1129 2.4282945051814746
1130 2.4282945051814746
1131 2.5205435937754155
1132 2.5205435937754155
1133 2.5205435937754155
1134 2.3863720498538634
1135 2.3863720498538634
1136 2.3863720498538634
1137 2.600674824868406
1138 2.600674824868406
1139 2.600674824868406
1140 2.5160228614337043
1141 2.5160228614337043
1142 2.5160228614337043
1143 2.753799743423458
1144 2.753799743423458
1145 2.753799743423458
1146 3.5572132221020496
1147 3.5572132221020496
1148 3.5572132221020496
1149 2.9564760524168685
1150 2.9564760524168685
1151 2.9564760524168685
1152 1.9090795840635173
1153 1.9090795840635173
1154 1.9090795840635173
1155 3.531939456297107
1156 3.531939456297107
1157 3.531939456297107
1158 2.1369748807130278
1159 2.1369748807130278
1160 2.1369748807130278
1161 1.545660965671173
1162 1.545660965671173
1163 1.545660965671173
1164 2.5085251540034914
1165 2.5085251540034914
1166 2.5085251540034914
1167 2.7877957506680096
1168 2.7877957506680096
1169 2.7877957506680096
1170 2.8843757358358446
1171 2.8843757358358446
1172 2.8843757358358446
1173 2.6467440223451884
1174 2.6467440223451884
1175 2.6467440223451884
1176 2.847885789871114
1177 2.847885789871114
1178 2.847885789871114
1179 2.5674300396733694
1180 2.5674300396733694
1181 2.5674300396733694
1182 3.0077037671253533
1183 3.0077037671253533
1184 3.0077037671253533
1185 1.4522311497023996
1186 1.4522311497023996
1187 1.4522311497023996
1188 2.334461370964035
1189 2.334461370964035
1190 2.334461370964035
1191 2.2814363826139537
1192 2.2814363826139537
1193 2.2814363826139537
1194 2.459860773440212
1195 2.459860773440212
1196 2.459860773440212
1197 2.599089983257791
1198 2.599089983257791
1199 2.599089983257791
1200 2.6555999826878334
1201 2.6555999826878334
1202 2.6555999826878334
1203 1.1699992360132072
1204 1.1699992360132072
1205 1.1699992360132072
1206 2.317773344656816
1207 2.317773344656816
1208 2.317773344656816
1209 1.9615999377309166
1210 1.9615999377309166
1211 5.553402651152069
1212 5.553402651152069
1213 5.553402651152069
1214 4.60278518681694
1215 4.60278518681694
1216 4.60278518681694
1217 3.196302465742129
1218 3.196302465742129
1219 3.196302465742129
1220 5.347675312355517
1221 5.347675312355517
1222 5.347675312355517
1223 3.083957397145886
1224 3.083957397145886
1225 3.083957397145886
1226 4.62097504142068
1227 4.62097504142068
1228 4.62097504142068
1229 3.5316137745530476
1230 3.5316137745530476
1231 3.5316137745530476
1232 5.442427583562626
1233 5.442427583562626
1234 5.442427583562626
1235 2.502984373397117
1236 2.502984373397117
1237 2.502984373397117
1238 4.034777453689609
1239 4.034777453689609
1240 4.034777453689609
1241 5.178798649930642
1242 2.701904266677897
1243 2.701904266677897
1244 2.701904266677897
1245 2.4710236896005426
1246 2.4710236896005426
1247 2.4710236896005426
1248 3.0854593994117017
1249 3.0854593994117017
1250 3.0854593994117017
1251 2.6250860278131705
1252 2.6250860278131705
1253 2.6250860278131705
1254 1.8317756127615143
1255 1.8317756127615143
1256 1.8317756127615143
1257 2.4533726032895786
1258 2.4533726032895786
1259 2.4533726032895786
1260 2.947128744620676
1261 2.947128744620676
1262 2.947128744620676
1263 2.2625933255559465
1264 2.2625933255559465
1265 2.2625933255559465
1266 2.2298832014946344
1267 2.2298832014946344
1268 2.2298832014946344
1269 1.8085852916455192
1270 1.5430171579360095
1271 1.5430171579360095
1272 1.5430171579360095
1273 1.6130214414184316
1274 1.6130214414184316
1275 1.6130214414184316
1276 1.4949500536026217
1277 1.4949500536026217
1278 1.4949500536026217
1279 2.0125078718837472
1280 2.0125078718837472
1281 2.0125078718837472
1282 1.9231717343218486
1283 1.9231717343218486
1284 1.9231717343218486
1285 1.8356798709890703
1286 1.8356798709890703
1287 1.8356798709890703
1288 1.8135890948806817
1289 1.8135890948806817
1290 1.8135890948806817
1291 2.0460117968895797
1292 2.0460117968895797
1293 2.0460117968895797
1294 1.709316880363952
1295 1.709316880363952
1296 1.709316880363952
1297 1.5558708239377184
1298 1.5558708239377184
1299 1.5558708239377184
1300 1.5006796064750125
1301 1.5006796064750125
1302 1.5006796064750125
1303 1.8582059024949718
1304 1.8582059024949718
1305 1.8582059024949718
1306 1.4212228816042827
1307 1.4212228816042827
1308 1.4212228816042827
1309 1.3525780598489743
1310 1.3525780598489743
1311 1.3525780598489743
1312 1.7752550492280441
1313 1.7752550492280441
1314 1.7752550492280441
1315 1.412107351046943
1316 1.412107351046943
1317 1.412107351046943
1318 1.659501268551062
1319 1.659501268551062
1320 1.659501268551062
1321 1.6055265573760602
1322 1.6055265573760602
1323 1.6055265573760602
1324 1.3594375496280422
1325 1.3594375496280422
1326 1.3594375496280422
1327 1.2090432069311865
1328 1.2090432069311865
1329 1.2090432069311865
1330 1.6652711385093306
1331 1.6652711385093306
1332 1.6652711385093306
1333 1.0365331080909304
1334 1.0365331080909304
1335 1.0365331080909304
1336 1.7032875854428484
1337 1.7032875854428484
1338 1.7032875854428484
1339 1.9201362078540811
1340 1.9201362078540811
1341 1.9201362078540811
1342 1.3739445736177303
1343 1.3739445736177303
1344 1.3739445736177303
1345 1.757774185516527
1346 1.757774185516527
1347 1.757774185516527
1348 1.2279572874078615
1349 1.2279572874078615
1350 1.2279572874078615
1351 2.1454667649829826
1352 2.1454667649829826
1353 2.1454667649829826
1354 2.4700979094009328
1355 2.4700979094009328
1356 2.4700979094009328
1357 1.6747853824314325
1358 1.6747853824314325
1359 1.6747853824314325
1360 2.6517180022071924
1361 2.6517180022071924
1362 2.6517180022071924
1363 1.9334874432567286
1364 1.9334874432567286
1365 1.9334874432567286
1366 2.3501248166885484
1367 2.3501248166885484
1368 2.3501248166885484
1369 2.311808766414709
1370 2.311808766414709
1371 2.311808766414709
1372 2.6142735772601053
1373 2.6142735772601053
1374 2.6142735772601053
1375 1.8258830000305386
1376 1.8258830000305386
1377 1.8258830000305386
1378 2.047531260461364
1379 2.047531260461364
1380 2.047531260461364
1381 2.025923258330484
1382 2.025923258330484
1383 2.025923258330484
1384 2.024644812800406
1385 2.024644812800406
1386 2.024644812800406
1387 2.0779414323033922
1388 2.0779414323033922
1389 2.0779414323033922
1390 1.7077185404104733
1391 1.7077185404104733
1392 1.7077185404104733
1393 2.0642776711222472
1394 2.0642776711222472
1395 2.0642776711222472
1396 2.2528565305353414
1397 2.2528565305353414
1398 2.2528565305353414
1399 2.2421535842538547
1400 2.2421535842538547
1401 2.2421535842538547
1402 2.508777144831905
1403 2.508777144831905
1404 2.508777144831905
1405 1.9228411208050844
1406 1.9228411208050844
1407 1.9228411208050844
1408 2.010240239854487
1409 2.010240239854487
1410 2.010240239854487
1411 2.4969440637786087
1412 2.4969440637786087
1413 2.4969440637786087
1414 2.0518719243652206
1415 2.0518719243652206
1416 2.0518719243652206
1417 1.3758052372656486
1418 1.3758052372656486
1419 1.3758052372656486
1420 1.8495632769853978
1421 1.8495632769853978
1422 1.8495632769853978
1423 2.146834972182109
1424 2.146834972182109
1425 2.146834972182109
1426 2.0638944095134035
1427 2.0638944095134035
1428 2.0638944095134035
1429 1.7459003426918671
1430 1.7459003426918671
1431 1.7459003426918671
1432 1.8162765447218765
1433 1.8162765447218765
1434 1.8162765447218765
1435 1.6965854934385023
1436 0.6230711056707628
1437 0.6230711056707628
1438 0.6230711056707628
1439 0.7079689508718987
1440 0.7079689508718987
1441 0.7079689508718987
1442 0.8298687143729409
1443 0.8298687143729409
1444 0.8298687143729409
1445 0.5940264036371442
1446 0.5940264036371442
1447 0.5940264036371442
1448 0.7324339708418117
1449 0.7324339708418117
1450 0.7324339708418117
1451 0.9250420128285046
1452 0.9250420128285046
1453 0.9250420128285046
1454 0.6427213673508717
1455 0.6427213673508717
1456 0.6427213673508717
1457 0.5606197111037876
1458 0.5606197111037876
1459 0.5606197111037876
1460 0.6926260410357566
1461 0.6926260410357566
1462 0.6926260410357566
1463 0.5014486755866757
1464 0.5014486755866757
1465 0.5014486755866757
1466 0.661322738876208
1467 0.661322738876208
1468 0.661322738876208
1469 0.8377766046447799
1470 0.8377766046447799
1471 0.8377766046447799
1472 0.17290920458304265
1473 0.17290920458304265
1474 0.17290920458304265
1475 0.2112462334875553
1476 0.2112462334875553
1477 0.2112462334875553
1478 0.1252229541711527
1479 0.1252229541711527
1480 0.1252229541711527
1481 0.2127647521191358
1482 0.2127647521191358
1483 0.2127647521191358
1484 0.22039927609878213
1485 0.22039927609878213
1486 0.22039927609878213
1487 0.21311147306026823
1488 0.21311147306026823
1489 0.21311147306026823
1490 0.13555591259314603
1491 0.13555591259314603
1492 0.13555591259314603
1493 0.19318552812593612
1494 0.19318552812593612
1495 0.19318552812593612
1496 0.2817176593420557
1497 0.2817176593420557
1498 0.2817176593420557
1499 0.1999660052403174
1500 0.1999660052403174
1501 0.1999660052403174
1502 0.22289532146154845
1503 0.22289532146154845
1504 0.22289532146154845
1505 0.22191527995528576
1506 0.22191527995528576
1507 0.22191527995528576
1508 0.2474993555813107
1509 0.2474993555813107
1510 0.2474993555813107
1511 0.15186177130799786
1512 0.15186177130799786
1513 0.15186177130799786
1514 0.18068833764064682
1515 0.18068833764064682
1516 0.18068833764064682
1517 0.2086154844607796
1518 0.2086154844607796
1519 0.2086154844607796
1520 0.21067153771388694
1521 0.21067153771388694
1522 0.21067153771388694
1523 0.22250602441674075
1524 0.22250602441674075
1525 0.22250602441674075
1526 0.24153160391807182
1527 0.24153160391807182
1528 0.24153160391807182
1529 0.27513537165811497
1530 0.27513537165811497
1531 0.27513537165811497
1532 0.2140797338232615
1533 0.2140797338232615
1534 0.2140797338232615
1535 0.2137002059568008
1536 0.2137002059568008
1537 0.2137002059568008
1538 0.16656741542361686
1539 0.16656741542361686
1540 0.16656741542361686
1541 0.18452138330661882
1542 0.18452138330661882
1543 0.18452138330661882
1544 0.22038496953845155
1545 0.22038496953845155
1546 0.22038496953845155
1547 0.18241907480125485
1548 0.18241907480125485
1549 0.18241907480125485
1550 0.13287816008882866
1551 0.13287816008882866
1552 0.13287816008882866
1553 0.28087111377287965
1554 0.28087111377287965
1555 0.28087111377287965
1556 0.24807823594883305
1557 0.24807823594883305
1558 0.24807823594883305
1559 0.2523604884918157
1560 0.2523604884918157
1561 0.2523604884918157
1562 0.2857207897947598
1563 0.2857207897947598
1564 0.2857207897947598
1565 0.20779911966474213
1566 0.20779911966474213
1567 0.20779911966474213
1568 0.1784980974363499
1569 0.1784980974363499
1570 0.1784980974363499
1571 0.15780137135587596
1572 0.15780137135587596
1573 0.15780137135587596
1574 0.21533050926761874
1575 0.21533050926761874
1576 0.21533050926761874
1577 0.2314499028258583
1578 0.2314499028258583
1579 0.2314499028258583
1580 0.14629960987803625
1581 0.14629960987803625
1582 0.14629960987803625
1583 0.2814845966033452
1584 0.2814845966033452
1585 0.2814845966033452
1586 0.23656576536519291
1587 0.23656576536519291
1588 0.23656576536519291
1589 0.2389712068220082
1590 0.2389712068220082
1591 0.2389712068220082
1592 0.21533612810789332
1593 0.21533612810789332
1594 0.21533612810789332
1595 0.1601157161931464
1596 0.1601157161931464
1597 0.1601157161931464
1598 0.225255503944492
1599 0.225255503944492
1600 0.225255503944492
1601 0.18515717343654145
1602 0.18515717343654145
1603 0.18515717343654145
1604 0.20270448086166867
1605 0.20270448086166867
1606 0.20270448086166867
1607 0.16145920171764244
1608 0.16145920171764244
1609 0.16145920171764244
1610 0.13867999232017938
1611 0.13867999232017938
1612 0.13867999232017938
1613 0.16730815198646487
1614 0.16730815198646487
1615 0.16730815198646487
1616 0.20043626565798267
1617 0.20043626565798267
1618 0.20043626565798267
1619 0.22098768714972805
1620 0.22098768714972805
1621 0.22098768714972805
1622 0.22839925610504813
1623 0.22839925610504813
1624 0.22839925610504813
1625 0.13241326739790038
1626 0.13241326739790038
1627 0.13241326739790038
1628 0.2212343421579553
1629 0.2212343421579553
1630 0.2212343421579553
1631 0.21164983556455325
1632 0.7887074047669662
1633 0.7887074047669662
1634 0.7887074047669662
1635 0.7787660498449605
1636 0.7787660498449605
1637 0.7787660498449605
1638 0.7911988733893829
1639 0.7911988733893829
1640 0.7911988733893829
1641 0.7192982639026638
1642 0.7192982639026638
1643 0.7192982639026638
1644 0.639896237364177
1645 0.639896237364177
1646 0.639896237364177
1647 0.511982797806322
1648 0.511982797806322
1649 0.511982797806322
1650 0.6505489778250677
1651 0.6505489778250677
1652 0.6505489778250677
1653 0.7576735990506507
1654 0.7576735990506507
1655 0.7576735990506507
1656 0.8008224256410562
1657 0.8008224256410562
1658 0.8008224256410562
1659 0.7566148879864866
1660 0.7566148879864866
1661 0.7566148879864866
1662 0.7013541681594737
1663 0.7013541681594737
1664 0.7013541681594737
1665 0.6364736275328566
1666 0.6364736275328566
1667 0.6364736275328566
1668 0.7628423509780011
1669 0.7628423509780011
1670 0.7628423509780011
1671 0.6156549413681194
1672 0.6156549413681194
1673 0.6156549413681194
1674 0.4635276971779991
1675 0.4635276971779991
1676 0.4635276971779991
1677 0.6849587193986592
1678 0.6849587193986592
1679 0.6849587193986592
1680 0.5030739183361406
1681 0.5030739183361406
1682 0.5030739183361406
1683 0.743568993336251
1684 0.743568993336251
1685 0.743568993336251
1686 0.46040379591678504
1687 0.46040379591678504
1688 0.46040379591678504
1689 0.5334066184182801
1690 0.5334066184182801
1691 0.5334066184182801
1692 0.8977528889851095
1693 0.8977528889851095
1694 0.8977528889851095
1695 0.8331990181705724
1696 0.8331990181705724
1697 0.8331990181705724
1698 0.7978095466467472
1699 0.7978095466467472
1700 0.7978095466467472
1701 0.55250586827417
1702 0.55250586827417
1703 0.55250586827417
1704 0.6768578711379727
1705 0.6768578711379727
1706 0.6768578711379727
1707 0.5105298530732869
1708 0.5105298530732869
1709 0.5105298530732869
1710 0.7700632112375024
1711 0.7700632112375024
1712 0.7700632112375024
1713 0.5360900025148401
1714 0.5360900025148401
1715 0.5360900025148401
1716 0.640864725923503
1717 0.640864725923503
1718 0.640864725923503
1719 0.8721804104435116
1720 0.8721804104435116
1721 0.8721804104435116
1722 0.631921167302115
1723 0.631921167302115
1724 0.631921167302115
1725 0.5511492530833862
1726 0.5511492530833862
1727 0.5511492530833862
1728 0.6153519064940864
1729 0.6153519064940864
1730 0.6153519064940864
1731 0.8064453293360762
1732 0.8064453293360762
1733 0.8064453293360762
1734 0.7813416754873355
1735 0.7813416754873355
1736 0.7813416754873355
1737 0.5957853895787606
1738 0.5957853895787606
1739 0.5957853895787606
1740 0.6696306134575888
1741 0.6696306134575888
1742 0.6696306134575888
1743 0.641856635988083
1744 0.641856635988083
1745 0.641856635988083
1746 0.5741838664093086
1747 0.5741838664093086
1748 0.5741838664093086
1749 0.8253116759277906
1750 0.8253116759277906
1751 0.8253116759277906
1752 0.7009372693488568
1753 0.7009372693488568
1754 0.7009372693488568
1755 0.4310514168814982
1756 0.4310514168814982
1757 0.4310514168814982
1758 0.6154808949753147
1759 0.6154808949753147
1760 0.6154808949753147
1761 0.40999554459733467
1762 0.40999554459733467
1763 0.40999554459733467
1764 0.6284509258732046
1765 0.6284509258732046
1766 0.6284509258732046
1767 0.6784969509226934
1768 0.6784969509226934
1769 0.6784969509226934
1770 0.45827065434189795
1771 0.45827065434189795
1772 0.45827065434189795
1773 0.5277248120656878
1774 0.5277248120656878
1775 0.5277248120656878
1776 0.5353110265003642
1777 0.5353110265003642
1778 0.5353110265003642
1779 0.4626555703576287
1780 0.4626555703576287
1781 0.4626555703576287
1782 0.6225959551530238
1783 0.6225959551530238
1784 0.6225959551530238
1785 0.693011500632115
1786 0.693011500632115
1787 0.693011500632115
1788 0.6533918478264105
1789 0.6533918478264105
1790 0.6533918478264105
1791 0.7629830107845943
1792 0.7629830107845943
1793 0.7629830107845943
1794 0.6082902069011816
1795 0.6082902069011816
1796 0.6082902069011816
1797 0.6318785953427377
1798 0.6318785953427377
1799 0.6318785953427377
1800 0.529501108403692
1801 0.529501108403692
1802 0.529501108403692
1803 0.5291971563500668
1804 0.5291971563500668
1805 0.5291971563500668
1806 0.7510602498651441
1807 0.7510602498651441
1808 0.7510602498651441
1809 0.6211341820294117
1810 0.6211341820294117
1811 0.6211341820294117
1812 0.7461655542052072
1813 0.7461655542052072
1814 0.7461655542052072
1815 2.281886738301774
1816 2.281886738301774
1817 2.281886738301774
1818 2.3942098269535377
1819 2.3942098269535377
1820 2.3942098269535377
1821 3.2672875474445475
1822 3.2672875474445475
1823 3.2672875474445475
1824 2.6380488418969703
1825 2.6380488418969703
1826 2.6380488418969703
1827 2.8671137317743542
1828 2.8671137317743542
1829 2.8671137317743542
1830 2.54585156413674
1831 2.54585156413674
1832 2.54585156413674
1833 1.7699916288085231
1834 1.7699916288085231
1835 1.7699916288085231
1836 3.333844782391454
1837 3.333844782391454
1838 3.333844782391454
1839 2.4879021836028516
1840 2.4879021836028516
1841 2.4879021836028516
1842 2.658000271294105
1843 2.658000271294105
1844 2.658000271294105
1845 2.210003200028811
1846 2.210003200028811
1847 2.210003200028811
1848 2.070128384120938
1849 2.070128384120938
1850 2.070128384120938
1851 1.1849307484662241
1852 1.1849307484662241
1853 1.1849307484662241
1854 0.9344061082034624
1855 0.9344061082034624
1856 0.9344061082034624
1857 1.5194669012910356
1858 1.5194669012910356
1859 1.5194669012910356
1860 1.506584049557444
1861 1.506584049557444
1862 1.506584049557444
1863 1.3851864233429252
1864 1.3851864233429252
1865 1.3851864233429252
1866 1.0117824546678016
1867 1.0117824546678016
1868 1.0117824546678016
1869 0.9688227123859113
1870 0.9688227123859113
1871 0.9688227123859113
1872 1.0710589795481278
1873 1.0710589795481278
1874 1.0710589795481278
1875 0.891978534771204
1876 0.891978534771204
1877 0.891978534771204
1878 1.502458275449083
1879 1.502458275449083
1880 1.502458275449083
1881 1.0401272702780182
1882 1.0401272702780182
1883 1.0401272702780182
1884 1.149204621541244
1885 1.149204621541244
1886 1.149204621541244
1887 1.090721196754159
1888 1.090721196754159
1889 1.090721196754159
1890 0.9191506747055757
1891 0.9191506747055757
1892 0.9191506747055757
1893 0.7144515268692604
1894 0.7144515268692604
1895 0.7144515268692604
1896 1.185509161921373
1897 1.185509161921373
1898 1.185509161921373
1899 1.75935246840626
1900 1.75935246840626
1901 1.75935246840626
1902 1.4704872626694205
1903 1.4704872626694205
1904 1.4704872626694205
1905 1.3829898149881685
1906 1.3829898149881685
1907 1.3829898149881685
1908 0.9211686981979681
1909 0.9211686981979681
1910 0.9211686981979681
1911 1.0937812367829125
1912 1.0937812367829125
1913 1.0937812367829125
1914 1.3482705473313958
1915 1.3482705473313958
1916 1.3482705473313958
1917 1.47593369442548
1918 1.47593369442548
1919 1.47593369442548
1920 1.3846450199295275
1921 1.3846450199295275
1922 1.3846450199295275
1923 0.9062612092759774
1924 0.9062612092759774
1925 0.9062612092759774
1926 0.9927223491932525
1927 0.9927223491932525
1928 0.9927223491932525
1929 1.0519096810377255
1930 1.0519096810377255
1931 1.0519096810377255
1932 1.0736585923378266
1933 1.0736585923378266
1934 1.0736585923378266
1935 0.8575142378141437
1936 0.8575142378141437
1937 0.8575142378141437
1938 1.265710910205033
1939 1.265710910205033
1940 1.265710910205033
1941 1.1583857669311868
1942 1.1583857669311868
1943 1.1583857669311868
1944 1.4924119694956712
1945 1.4924119694956712
1946 1.4924119694956712
1947 0.9026966904551964
1948 0.9026966904551964
1949 0.9026966904551964
1950 0.8140946936782798
1951 0.8140946936782798
1952 0.8140946936782798
1953 1.4046589280420734
1954 1.4046589280420734
1955 1.4046589280420734
1956 0.913093491655568
1957 0.913093491655568
1958 0.913093491655568
1959 1.0921994999547224
1960 1.0921994999547224
1961 1.0921994999547224
1962 1.0972345865667907
1963 1.0972345865667907
1964 1.0972345865667907
1965 1.331117769447594
1966 1.331117769447594
1967 1.331117769447594
1968 1.8232469572495509
1969 1.8232469572495509
1970 1.8232469572495509
1971 1.1095681067517988
1972 1.1095681067517988
1973 1.1095681067517988
1974 0.9872274880873917
1975 0.9872274880873917
1976 0.9872274880873917
1977 1.0197476069099856
1978 1.0197476069099856
1979 1.0197476069099856
1980 1.1664739649627143
1981 1.1664739649627143
1982 1.1664739649627143
1983 0.9640898934583176
1984 0.9640898934583176
1985 0.9640898934583176
1986 1.2245177636936162
1987 1.2245177636936162
1988 1.2245177636936162
1989 0.9150605087044674
1990 0.9150605087044674
1991 0.9150605087044674
1992 0.9269614442094563
1993 0.9269614442094563
1994 0.9269614442094563
1995 0.7899949644420996
1996 0.7899949644420996
1997 0.7899949644420996
1998 1.0786920235051685
1999 1.0786920235051685
