0 2.1318244754998403
1 2.1318244754998403
2 2.1318244754998403
3 1.6217558469107445
4 1.6217558469107445
5 1.6217558469107445
6 2.1785333199958865
7 2.1785333199958865
8 2.1785333199958865
9 2.1866472780884996
10 2.1866472780884996
11 2.1866472780884996
12 2.1206498503641518
13 2.1206498503641518
14 2.1206498503641518
15 1.889022450720754
16 1.889022450720754
17 1.889022450720754
18 0.9389344829697743
19 0.9389344829697743
20 0.9389344829697743
21 0.8231636076246576
22 0.8231636076246576
23 0.8231636076246576
24 2.1747436495572656
25 2.1747436495572656
26 2.1747436495572656
27 1.5418719474236067
28 1.5418719474236067
29 1.5418719474236067
30 2.528501477466085
31 2.528501477466085
32 2.528501477466085
33 2.1848456135568695
34 2.1848456135568695
35 2.1848456135568695
36 2.1926241027354134
37 2.1926241027354134
38 2.1926241027354134
39 2.1859009563597267
40 2.1859009563597267
41 2.1859009563597267
42 1.1597497564534267
43 1.1597497564534267
44 1.1597497564534267
45 1.924181278847912
46 1.924181278847912
47 1.924181278847912
48 1.6862785447215307
49 1.6862785447215307
50 1.6862785447215307
51 2.5147683939181276
52 2.5147683939181276
53 2.5147683939181276
54 2.0991251145596617
55 2.0991251145596617
56 2.0991251145596617
57 1.4494507198618485
58 1.4494507198618485
59 1.4494507198618485
60 2.3557295614582316
61 2.3557295614582316
62 2.3557295614582316
63 2.4623191598940792
64 2.4623191598940792
65 2.4623191598940792
66 1.662950734953387
67 1.662950734953387
68 1.662950734953387
69 1.7380861206822287
70 1.7380861206822287
71 1.7380861206822287
72 2.082980200146582
73 2.082980200146582
74 2.082980200146582
75 2.226193253706689
76 2.226193253706689
77 2.226193253706689
78 1.6063146525376812
79 1.6063146525376812
80 1.6063146525376812
81 1.700945119069302
82 1.700945119069302
83 1.700945119069302
84 3.0193356996668834
85 3.0193356996668834
86 3.0193356996668834
87 1.3964273031882075
88 1.3964273031882075
89 1.3964273031882075
90 1.3982239219688388
91 1.3982239219688388
92 1.3982239219688388
93 1.911898273820437
94 1.911898273820437
95 1.911898273820437
96 2.720388311447613
97 2.720388311447613
98 2.720388311447613
99 1.5802456578711435
100 1.5802456578711435
101 1.5802456578711435
102 2.1594226575601994
103 2.1594226575601994
104 2.1594226575601994
105 2.1638575230503303
106 2.1638575230503303
107 2.1638575230503303
108 1.2501640020537748
109 1.2501640020537748
110 1.2501640020537748
111 0.8140067812110894
112 0.8140067812110894
113 0.8140067812110894
114 2.102033009263687
115 2.102033009263687
116 2.102033009263687
117 2.248250630245028
118 2.248250630245028
119 2.248250630245028
120 1.928333145329966
121 1.928333145329966
122 1.928333145329966
123 2.518531946116337
124 2.518531946116337
125 2.518531946116337
126 2.4662873043492186
127 2.4662873043492186
128 2.4662873043492186
129 1.876870995950541
130 1.876870995950541
131 1.876870995950541
132 1.7321973380737057
133 1.7321973380737057
134 1.7321973380737057
135 2.5275568610921875
136 2.5275568610921875
137 2.5275568610921875
138 1.974329042520691
139 1.974329042520691
140 1.974329042520691
141 0.9170698955096532
142 0.9170698955096532
143 0.9170698955096532
144 1.544196008991734
145 1.544196008991734
146 1.544196008991734
147 1.6968838036480758
148 1.6968838036480758
149 1.6968838036480758
150 3.205476854296947
151 3.205476854296947
152 3.205476854296947
153 2.256271999177428
154 2.256271999177428
155 2.256271999177428
156 2.085045323461183
157 0.17009490370955954
158 0.17009490370955954
159 0.17009490370955954
160 0.1450610992773255
161 0.1450610992773255
162 0.1450610992773255
163 0.19505959895655547
164 0.19505959895655547
165 0.19505959895655547
166 0.24556398265378346
167 0.24556398265378346
168 0.9576676802666663
169 0.9576676802666663
170 0.9576676802666663
171 0.7828939624920956
172 0.7828939624920956
173 0.7828939624920956
174 1.2784908309714949
175 1.2784908309714949
176 1.2784908309714949
177 1.3861666676497195
178 1.3861666676497195
179 1.3861666676497195
180 1.615955386080042
181 1.615955386080042
182 1.615955386080042
183 0.9543784634020036
184 0.9543784634020036
185 0.9543784634020036
186 1.3134855124837865
187 1.3134855124837865
188 1.3134855124837865
189 0.9958102110494349
190 0.9958102110494349
191 0.9958102110494349
192 0.8573990842291801
193 0.8573990842291801
194 0.8573990842291801
195 1.0906964813369915
196 1.0906964813369915
197 1.0906964813369915
198 1.529584728062231
199 1.529584728062231
200 1.529584728062231
201 0.6302958546452428
202 0.6302958546452428
203 0.6302958546452428
204 1.376185340643064
205 1.376185340643064
206 1.376185340643064
207 1.6046083142345942
208 1.6046083142345942
209 1.6046083142345942
210 1.4941311647709714
211 1.4941311647709714
212 1.4941311647709714
213 0.8197173855243436
214 0.8197173855243436
215 0.8197173855243436
216 1.221626732229864
217 1.221626732229864
218 1.221626732229864
219 0.9749088068486669
220 0.9749088068486669
221 0.9749088068486669
222 0.8515113504821467
223 0.8515113504821467
224 0.8515113504821467
225 1.11091855580363
226 1.11091855580363
227 1.11091855580363
228 0.7644917595352392
229 0.7644917595352392
230 0.7644917595352392
231 0.7979234150569483
232 0.7979234150569483
233 0.7979234150569483
234 0.3624957822724183
235 0.3624957822724183
236 0.3624957822724183
237 1.3299904847495434
238 1.3299904847495434
239 1.3299904847495434
240 0.9797120958553138
241 0.9797120958553138
242 1.3429292995632915
243 1.3429292995632915
244 1.3429292995632915
245 1.6643710941613796
246 1.6643710941613796
247 1.6643710941613796
248 1.4654162261409562
249 1.4654162261409562
250 1.4654162261409562
251 1.546592791648638
252 1.546592791648638
253 1.546592791648638
254 1.1939734944473757
255 1.1939734944473757
256 1.1939734944473757
257 2.087756066170529
258 2.087756066170529
259 2.087756066170529
260 0.9873547278591692
261 0.9873547278591692
262 0.9873547278591692
263 1.6068345382146194
264 1.6068345382146194
265 1.6068345382146194
266 1.77085397422698
267 1.77085397422698
268 1.77085397422698
269 1.3151222181690905
270 1.3151222181690905
271 1.3151222181690905
272 1.8894913945512135
273 1.8894913945512135
274 1.8894913945512135
275 1.697758055630114
276 1.697758055630114
277 1.697758055630114
278 1.4723700692038428
279 1.4723700692038428
280 1.4723700692038428
281 0.8150558959151334
282 0.8150558959151334
283 0.8150558959151334
284 1.4481361744165535
285 1.4481361744165535
286 1.4481361744165535
287 0.8923832441912412
288 0.8923832441912412
289 0.8923832441912412
290 1.5981892208832318
291 1.5981892208832318
292 1.5981892208832318
293 0.5345644314539304
294 0.5345644314539304
295 0.5345644314539304
296 1.0565558899393932
297 1.0565558899393932
298 1.0565558899393932
299 1.5754750999772877
300 1.5754750999772877
301 1.5754750999772877
302 1.6990219080355793
303 1.6990219080355793
304 1.6990219080355793
305 1.3969450627783182
306 1.3969450627783182
307 1.3969450627783182
308 1.142662611203161
309 1.142662611203161
310 1.142662611203161
311 1.4602339149059032
312 1.4602339149059032
313 1.4602339149059032
314 1.258142226977875
315 1.258142226977875
316 1.258142226977875
317 1.5337332220362874
318 1.5337332220362874
319 1.5337332220362874
320 2.0007374573516072
321 2.0007374573516072
322 2.0007374573516072
323 1.596322707990684
324 1.596322707990684
325 1.596322707990684
326 1.6935557591607615
327 1.6935557591607615
328 1.6935557591607615
329 1.5487563401756772
330 1.5487563401756772
331 1.5487563401756772
332 1.5424942191127127
333 1.5424942191127127
334 1.5424942191127127
335 1.786041219516988
336 1.786041219516988
337 1.786041219516988
338 1.1365065195492776
339 1.1365065195492776
340 1.1365065195492776
341 0.9490301293694017
342 0.9490301293694017
343 0.9490301293694017
344 1.8358205745358758
345 1.8358205745358758
346 1.8358205745358758
347 1.349123982748
348 1.349123982748
349 1.349123982748
350 0.7614221937780912
351 0.7614221937780912
352 0.7614221937780912
353 1.1052676470839162
354 1.1052676470839162
355 1.1052676470839162
356 1.6304038464550679
357 1.6304038464550679
358 1.6304038464550679
359 1.9762532378382875
360 1.9762532378382875
361 1.9762532378382875
362 1.3589950528743273
363 1.3589950528743273
364 1.3589950528743273
365 1.3842214149743814
366 1.3842214149743814
367 1.3842214149743814
368 1.709495959468399
369 1.709495959468399
370 1.709495959468399
371 1.8681663581112407
372 1.8681663581112407
373 1.8681663581112407
374 1.6735071154998657
375 1.6735071154998657
376 1.6735071154998657
377 1.7873164499611445
378 1.7873164499611445
379 1.7873164499611445
380 1.3423314491109766
381 1.3423314491109766
382 1.3423314491109766
383 1.437565272472863
384 1.437565272472863
385 1.437565272472863
386 2.1252909431770037
387 2.1252909431770037
388 2.1252909431770037
389 1.8082098207510273
390 1.8082098207510273
391 1.8082098207510273
392 1.2062397487673722
393 1.2062397487673722
394 1.2062397487673722
395 1.0739275925145078
396 1.0739275925145078
397 1.0739275925145078
398 1.718952183143071
399 1.718952183143071
400 1.718952183143071
401 1.1345422643027474
402 1.1345422643027474
403 1.1345422643027474
404 1.7312011096850242
405 1.7312011096850242
406 1.7312011096850242
407 1.5998325172582122
408 1.5998325172582122
409 1.5998325172582122
410 1.9160099839361746
411 1.9160099839361746
412 1.9160099839361746
413 1.148029761672087
414 1.148029761672087
415 1.148029761672087
416 0.6292020795447196
417 0.6292020795447196
418 0.6292020795447196
419 1.1448788176630504
420 1.1448788176630504
421 1.1448788176630504
422 1.3897266908640562
423 1.3897266908640562
424 1.3897266908640562
425 1.3425637090376654
426 1.3425637090376654
427 1.3425637090376654
428 1.2075318595222782
429 1.2075318595222782
430 1.2075318595222782
431 1.1814619845922574
432 1.1814619845922574
433 1.1814619845922574
434 2.738325502440937
435 2.738325502440937
436 2.738325502440937
437 1.3694328458408163
438 1.3694328458408163
439 3.4491956842276092
440 3.4491956842276092
441 3.4491956842276092
442 2.8072117485161594
443 2.8072117485161594
444 2.8072117485161594
445 3.4696267798887934
446 3.4696267798887934
447 3.4696267798887934
448 3.4336546318876655
449 3.4336546318876655
450 3.4336546318876655
451 2.978875069212992
452 2.978875069212992
453 2.978875069212992
454 2.5821815779277144
455 2.5821815779277144
456 2.5821815779277144
457 2.468145863472372
458 2.468145863472372
459 2.468145863472372
460 3.423972816330588
461 3.423972816330588
462 3.423972816330588
463 2.638025109907546
464 2.638025109907546
465 2.638025109907546
466 5.249484915657609
467 5.249484915657609
468 5.249484915657609
469 2.1151430015645274
470 2.1151430015645274
471 2.1151430015645274
472 4.685243284128899
473 4.685243284128899
474 4.685243284128899
475 4.5783444533668085
476 4.5783444533668085
477 4.5783444533668085
478 5.360845289872377
479 5.360845289872377
480 5.360845289872377
481 4.010204066937543
482 4.010204066937543
483 4.010204066937543
484 4.902748589106881
485 4.902748589106881
486 4.902748589106881
487 5.234844235977635
488 5.234844235977635
489 5.234844235977635
490 3.695306553410702
491 3.695306553410702
492 3.695306553410702
493 6.396737046348338
494 6.396737046348338
495 6.396737046348338
496 5.02268950861125
497 5.02268950861125
498 5.02268950861125
499 2.4187183510582093
500 2.4187183510582093
501 2.4187183510582093
502 3.383181248173051
503 3.383181248173051
504 3.383181248173051
505 4.840134898981243
506 4.840134898981243
507 4.840134898981243
508 3.4621884498654616
509 3.4621884498654616
510 3.4621884498654616
511 3.5409623848812255
512 3.5409623848812255
513 3.5409623848812255
514 4.61750120809376
515 4.61750120809376
516 4.61750120809376
517 4.413434193135014
518 4.413434193135014
519 4.413434193135014
520 5.2893169725162
521 5.2893169725162
522 5.2893169725162
523 2.086727307267639
524 2.086727307267639
525 2.086727307267639
526 2.873809706375012
527 2.873809706375012
528 2.873809706375012
529 4.050923042122283
530 4.050923042122283
531 4.050923042122283
532 3.1998672652920015
533 3.1998672652920015
534 3.1998672652920015
535 4.507746826236095
536 4.507746826236095
537 4.507746826236095
538 4.128816031467125
539 4.128816031467125
540 4.128816031467125
541 2.388576716460572
542 2.388576716460572
543 2.388576716460572
544 2.1629261022473636
545 2.1629261022473636
546 2.1629261022473636
547 2.1270905803290847
548 2.1270905803290847
549 2.1270905803290847
550 2.493215176016023
551 2.493215176016023
552 2.493215176016023
553 1.7812347990546753
554 1.7812347990546753
555 1.7812347990546753
556 2.482363408012796
557 2.482363408012796
558 2.482363408012796
559 2.433559741359573
560 2.433559741359573
561 2.433559741359573
562 2.169618832466147
563 2.169618832466147
564 2.169618832466147
565 2.8041126393302966
566 2.8041126393302966
567 2.8041126393302966
568 1.9606798392070428
569 1.9606798392070428
570 1.9606798392070428
571 3.078995540127975
572 3.078995540127975
573 3.078995540127975
574 2.083599687996141
575 2.083599687996141
576 2.083599687996141
577 1.3202967231193137
578 1.3202967231193137
579 1.3202967231193137
580 2.0870478170520403
581 2.0870478170520403
582 2.0870478170520403
583 2.1499584139997023
584 2.1499584139997023
585 2.1499584139997023
586 2.141711904672935
587 2.141711904672935
588 2.141711904672935
589 1.1558934937688785
590 1.1558934937688785
591 1.1558934937688785
592 1.7172000851519444
593 1.7172000851519444
594 1.7172000851519444
595 3.1542739713233985
596 3.1542739713233985
597 3.1542739713233985
598 1.7681998336586346
599 1.7681998336586346
600 1.7681998336586346
601 2.3966312191410393
602 2.3966312191410393
603 2.3966312191410393
604 1.752043158078977
605 1.752043158078977
606 1.752043158078977
607 2.3880823015476076
608 2.3880823015476076
609 2.3880823015476076
610 2.148789011426259
611 2.148789011426259
612 2.148789011426259
613 2.0957875288553818
614 2.0957875288553818
615 2.0957875288553818
616 2.842088289744915
617 2.842088289744915
618 2.842088289744915
619 1.5833837998154596
620 1.5833837998154596
621 1.5833837998154596
622 2.3323325765604137
623 2.3323325765604137
624 2.3323325765604137
625 2.4042791317149366
626 2.4042791317149366
627 2.4042791317149366
628 2.0839602441808913
629 2.0839602441808913
630 2.0839602441808913
631 2.533573741959068
632 2.533573741959068
633 2.533573741959068
634 2.330765480625274
635 2.330765480625274
636 2.330765480625274
637 1.662786423086759
638 1.662786423086759
639 1.662786423086759
640 2.341747939840802
641 2.341747939840802
642 2.341747939840802
643 2.29793155241112
644 2.29793155241112
645 2.29793155241112
646 1.5430851517545585
647 1.5430851517545585
648 0.3161781976937424
649 0.3161781976937424
650 0.3161781976937424
651 0.8689305015777542
652 0.8689305015777542
653 0.8689305015777542
654 0.7041966322147798
655 0.7041966322147798
656 0.7041966322147798
657 0.6172097880798242
658 0.6172097880798242
659 0.6172097880798242
660 0.6278876304851042
661 0.6278876304851042
662 0.6278876304851042
663 0.6813452436917947
664 0.6813452436917947
665 0.6813452436917947
666 0.6604827028059969
667 0.6604827028059969
668 0.6604827028059969
669 0.5846938944027968
670 0.5846938944027968
671 0.5846938944027968
672 0.9484403916877668
673 0.9484403916877668
674 0.9484403916877668
675 0.8075717150218766
676 1.3539701443735175
677 1.3539701443735175
678 1.3539701443735175
679 0.5423034397353975
680 0.5423034397353975
681 0.5423034397353975
682 0.8528804275773766
683 0.8528804275773766
684 0.8528804275773766
685 1.5771705303686852
686 1.5771705303686852
687 1.5771705303686852
688 1.1872009086762025
689 1.1872009086762025
690 1.1872009086762025
691 1.1756309200813744
692 1.1756309200813744
693 1.1756309200813744
694 0.4522170291420694
695 0.4522170291420694
696 0.4522170291420694
697 0.8037087365261217
698 0.8037087365261217
699 0.8037087365261217
700 1.1662730670508743
701 1.1662730670508743
702 1.1662730670508743
703 1.3192419171748655
704 1.3192419171748655
705 1.3192419171748655
706 0.9737565597519193
707 0.9737565597519193
708 0.9737565597519193
709 1.6884760564240433
710 1.6884760564240433
711 1.6884760564240433
712 0.9044656730694656
713 2.3382614679854803
714 2.3382614679854803
715 2.3382614679854803
716 1.263152449554311
717 1.263152449554311
718 1.263152449554311
719 4.0500957443674785
720 4.0500957443674785
721 4.0500957443674785
722 1.0760807965384727
723 1.0760807965384727
724 1.0760807965384727
725 2.8585704728311967
726 2.8585704728311967
727 2.8585704728311967
728 2.701912064545363
729 2.701912064545363
730 2.701912064545363
731 2.4892382933261934
732 2.4892382933261934
733 2.4892382933261934
734 2.7704717670427073
735 2.7704717670427073
736 2.7704717670427073
737 1.9942385941232224
738 1.9942385941232224
739 1.9942385941232224
740 2.6108023071725683
741 2.6108023071725683
742 2.6108023071725683
743 1.468820032688253
744 1.468820032688253
745 1.468820032688253
746 2.8162824957873167
747 2.8162824957873167
748 2.8162824957873167
749 2.622834334288572
750 2.622834334288572
751 2.622834334288572
752 3.7010333258171983
753 3.7010333258171983
754 3.7010333258171983
755 1.7176518970260815
756 1.7176518970260815
757 1.7176518970260815
758 3.3829564738245947
759 3.3829564738245947
760 3.3829564738245947
761 0.6190201654882772
762 1.5924650009048478
763 1.5924650009048478
764 1.5924650009048478
765 2.006765380758236
766 2.006765380758236
767 2.006765380758236
768 1.8893524044752028
769 1.8893524044752028
770 1.8893524044752028
771 1.1653111966490688
772 1.1653111966490688
773 1.1653111966490688
774 1.3198936953801412
775 1.3198936953801412
776 1.3198936953801412
777 1.2449168901477257
778 1.2449168901477257
779 1.2449168901477257
780 1.6882469495690227
781 1.6882469495690227
782 1.6882469495690227
783 1.8401454820340095
784 1.8401454820340095
785 1.8401454820340095
786 1.8250567746975952
787 1.8250567746975952
788 1.8250567746975952
789 1.4920787204840613
790 1.4920787204840613
791 1.4920787204840613
792 2.3202857895914537
793 2.3202857895914537
794 2.3202857895914537
795 1.688613098804436
796 1.688613098804436
797 1.688613098804436
798 1.2548363392465591
799 1.2548363392465591
800 1.2548363392465591
801 2.306667367261644
802 2.306667367261644
803 2.306667367261644
804 1.3528806830078408
805 1.3528806830078408
806 1.3528806830078408
807 2.092913560167204
808 2.092913560167204
809 2.092913560167204
810 1.6576757961457738
811 1.6576757961457738
812 2.4246064385370274
813 2.4246064385370274
814 2.4246064385370274
815 2.4480054297917078
816 2.4480054297917078
817 2.4480054297917078
818 2.147918872434747
819 2.147918872434747
820 2.147918872434747
821 2.1680245840656696
822 2.1680245840656696
823 2.1680245840656696
824 2.2963833779376412
825 2.2963833779376412
826 2.2963833779376412
827 1.7663027266951623
828 1.7663027266951623
829 1.7663027266951623
830 1.630002535266822
831 1.630002535266822
832 1.630002535266822
833 1.9943095499451875
834 1.9943095499451875
835 1.9943095499451875
836 2.1521251739519442
837 2.1521251739519442
838 2.1521251739519442
839 2.3043944632765316
840 2.3043944632765316
841 2.3043944632765316
842 2.4818768886519997
843 2.4818768886519997
844 2.4818768886519997
845 1.6873178743608395
846 1.6873178743608395
847 1.6873178743608395
848 2.054644866402512
849 2.054644866402512
850 2.054644866402512
851 2.0810008522826786
852 2.0810008522826786
853 2.0810008522826786
854 1.814055171553918
855 1.814055171553918
856 1.814055171553918
857 1.302388768726569
858 1.302388768726569
859 1.302388768726569
860 0.9349564320237023
861 0.9349564320237023
862 0.9349564320237023
863 1.9083235252618538
864 1.9083235252618538
865 1.9083235252618538
866 1.4610334830874536
867 1.4610334830874536
868 1.4610334830874536
869 1.3601524744379234
870 1.3601524744379234
871 1.3601524744379234
872 1.8554983658908761
873 1.8554983658908761
874 1.8554983658908761
875 1.6247325328742597
876 1.6247325328742597
877 1.6247325328742597
878 2.227431777409011
879 2.227431777409011
880 2.227431777409011
881 1.7440946650910787
882 1.7440946650910787
883 1.7440946650910787
884 2.3556110890794626
885 2.3556110890794626
886 2.3556110890794626
887 1.679264014395054
888 1.679264014395054
889 1.679264014395054
890 1.3847842980903966
891 1.3847842980903966
892 1.3847842980903966
893 2.1864840862533397
894 2.1864840862533397
895 2.1864840862533397
896 2.2985106346415383
897 2.2985106346415383
898 2.2985106346415383
899 2.131107190225599
900 2.131107190225599
901 2.131107190225599
902 2.7771006307803088
903 2.7771006307803088
904 2.7771006307803088
905 2.4888714652288084
906 2.4888714652288084
907 2.4888714652288084
908 2.2627536411130174
909 2.2627536411130174
910 2.2627536411130174
911 2.364866822534168
912 2.364866822534168
913 2.364866822534168
914 1.7014654177260726
915 1.7014654177260726
916 1.7014654177260726
917 1.7859889415928618
918 1.7859889415928618
919 1.7859889415928618
920 2.6791408875017053
921 2.6791408875017053
922 2.6791408875017053
923 1.6997031873944273
924 1.6997031873944273
925 1.6997031873944273
926 1.5607156252899177
927 1.5607156252899177
928 1.5607156252899177
929 2.0300732267405404
930 2.0300732267405404
931 2.0300732267405404
932 1.4065902013381693
933 1.4065902013381693
934 1.4065902013381693
935 2.0189794459706474
936 2.0189794459706474
937 2.0189794459706474
938 1.9377631406125713
939 1.9377631406125713
940 1.9377631406125713
941 1.9994007376066931
942 1.9994007376066931
943 1.9994007376066931
944 2.1097862658030553
945 2.1097862658030553
946 2.1097862658030553
947 2.5530455443034445
948 2.5530455443034445
949 2.5530455443034445
950 2.174264527787213
951 2.174264527787213
952 2.174264527787213
953 2.8700235555672067
954 2.8700235555672067
955 2.8700235555672067
956 2.131297067217568
957 2.131297067217568
958 2.131297067217568
959 2.6918337738693183
960 2.6918337738693183
961 2.6918337738693183
962 1.6001271314081005
963 1.6001271314081005
964 1.6001271314081005
965 2.4697545102944103
966 2.4697545102944103
967 2.4697545102944103
968 1.1555748892419144
969 1.1555748892419144
970 1.1555748892419144
971 1.8828948268384742
972 1.8828948268384742
973 1.8828948268384742
974 2.422409649739005
975 2.422409649739005
976 2.422409649739005
977 1.6209204975980267
978 1.6209204975980267
979 1.6209204975980267
980 2.0227462525552524
981 2.0227462525552524
982 2.0227462525552524
983 2.6414488346716145
984 2.6414488346716145
985 2.6414488346716145
986 1.9167229467058953
987 1.9167229467058953
988 1.9167229467058953
989 2.047076233885244
990 2.047076233885244
991 2.047076233885244
992 1.6228365882741818
993 1.6228365882741818
994 1.6228365882741818
995 1.949637241886324
996 1.949637241886324
997 1.949637241886324
998 2.515633104193067
999 2.515633104193067
1000 2.515633104193067
1001 2.330623051167797
1002 2.330623051167797
1003 2.330623051167797
1004 2.0214467797314213
1005 2.0214467797314213
1006 2.0214467797314213
1007 1.5204289236768886
1008 1.5204289236768886
1009 1.5204289236768886
1010 2.40704344890914
1011 2.40704344890914
1012 2.40704344890914
1013 2.328137045218384
1014 2.328137045218384
1015 2.328137045218384
1016 2.773588747596897
1017 2.773588747596897
1018 2.773588747596897
1019 2.0665013636239835
1020 2.0665013636239835
1021 2.0665013636239835
1022 2.618371625287589
1023 2.618371625287589
1024 2.618371625287589
1025 1.9844788360524401
1026 1.9844788360524401
1027 1.9844788360524401
1028 1.6743364434471373
1029 1.6743364434471373
1030 1.6743364434471373
1031 1.2549180811999878
1032 1.2549180811999878
1033 1.2549180811999878
1034 0.36073958570007925
1035 0.36073958570007925
1036 0.36073958570007925
1037 2.4116598296935683
1038 2.4116598296935683
1039 2.4116598296935683
1040 2.2258262264781568
1041 2.2258262264781568
1042 2.2258262264781568
1043 2.583098222482493
1044 2.583098222482493
1045 2.583098222482493
1046 2.3923237471737204
1047 2.6932835219352924
1048 2.6932835219352924
1049 2.6932835219352924
1050 3.0498699966256164
1051 3.0498699966256164
1052 3.0498699966256164
1053 2.9158507393237976
1054 2.9158507393237976
1055 2.9158507393237976
1056 3.171064584086281
1057 3.171064584086281
1058 3.171064584086281
1059 1.9974236788740445
1060 1.9974236788740445
1061 1.9974236788740445
1062 5.303203201940364
1063 5.303203201940364
1064 5.303203201940364
1065 1.9072099758537053
1066 1.9072099758537053
1067 1.9072099758537053
1068 2.9576515981403584
1069 2.9576515981403584
1070 2.9576515981403584
1071 1.3664909359093542
1072 1.3664909359093542
1073 1.3664909359093542
1074 3.1997683060617392
1075 3.1997683060617392
1076 3.1997683060617392
1077 2.3635195481073117
1078 2.3635195481073117
1079 2.3635195481073117
1080 3.893714080821842
1081 3.893714080821842
1082 3.893714080821842
1083 3.0084666952312946
1084 3.0084666952312946
1085 3.0084666952312946
1086 2.3043912035134086
1087 2.3043912035134086
1088 2.3043912035134086
1089 2.4683203328194687
1090 2.4683203328194687
1091 2.4683203328194687
1092 3.409047687300989
1093 3.409047687300989
1094 3.409047687300989
1095 2.9396867486958635
1096 2.9396867486958635
1097 2.9396867486958635
1098 4.648159377286654
1099 4.648159377286654
1100 4.648159377286654
1101 1.5865395413191605
1102 1.5865395413191605
1103 1.5865395413191605
1104 1.2361813510287722
1105 1.2361813510287722
1106 1.2361813510287722
1107 2.755272221030028
1108 2.755272221030028
1109 2.755272221030028
1110 2.8342371081303366
1111 2.8342371081303366
1112 2.8342371081303366
1113 2.419579438378909
1114 2.419579438378909
1115 2.419579438378909
1116 2.9377729308324083
1117 2.9377729308324083
1118 2.9377729308324083
1119 2.240662446964599
1120 2.240662446964599
1121 2.240662446964599
1122 3.3548827935860652
1123 3.3548827935860652
1124 3.3548827935860652
1125 3.2030380286688946
1126 3.2030380286688946
1127 3.2030380286688946
1128 2.9616878556181616
1129 2.9616878556181616
1130 2.9616878556181616
1131 2.890824332923017
1132 2.890824332923017
1133 2.890824332923017
1134 2.958288200625541
1135 2.958288200625541
1136 2.958288200625541
1137 3.0239536991656495
1138 3.0239536991656495
1139 3.0239536991656495
1140 4.72119860511928
1141 4.72119860511928
1142 4.72119860511928
1143 2.5387762297788146
1144 2.5387762297788146
1145 2.5387762297788146
1146 2.8347746398751656
1147 2.8347746398751656
1148 2.8347746398751656
1149 4.106043495619385
1150 4.106043495619385
1151 4.106043495619385
1152 1.8750220670881392
1153 1.8750220670881392
1154 1.8750220670881392
1155 2.2603194859525244
1156 2.2603194859525244
1157 2.2603194859525244
1158 3.0349006708183217
1159 3.0349006708183217
1160 3.0349006708183217
1161 3.2590528716577714
1162 3.2590528716577714
1163 3.2590528716577714
1164 3.2077436579079612
1165 3.2077436579079612
1166 3.2077436579079612
1167 1.8257099255321738
1168 1.8257099255321738
1169 1.8257099255321738
1170 3.083309994441571
1171 3.083309994441571
1172 3.083309994441571
1173 4.274318335530209
1174 4.274318335530209
1175 4.274318335530209
1176 2.1770779672725316
1177 2.1770779672725316
1178 2.1770779672725316
1179 3.647805723274703
1180 3.647805723274703
1181 3.647805723274703
1182 2.798277392082127
1183 2.798277392082127
1184 2.798277392082127
1185 2.8204880593838797
1186 2.8204880593838797
1187 2.8204880593838797
1188 2.9287428327002094
1189 2.9287428327002094
1190 2.9287428327002094
1191 1.5944554173995797
1192 1.5944554173995797
1193 1.5944554173995797
1194 3.236078180152047
1195 3.236078180152047
1196 3.236078180152047
1197 2.870821700681947
1198 2.870821700681947
1199 2.870821700681947
1200 3.8563157063353546
1201 3.8563157063353546
1202 3.8563157063353546
1203 2.3788136413260097
1204 2.3788136413260097
1205 2.3788136413260097
1206 2.8268739510999863
1207 2.8268739510999863
1208 2.8268739510999863
1209 3.7933579532752657
1210 3.7933579532752657
1211 3.7933579532752657
1212 3.2756865434844986
1213 3.2756865434844986
1214 3.2756865434844986
1215 3.0233630518175487
1216 3.0233630518175487
1217 3.0233630518175487
1218 2.6323381265678654
1219 2.6323381265678654
1220 2.6323381265678654
1221 2.942928081819894
1222 2.942928081819894
1223 2.942928081819894
1224 3.0955797550533757
1225 3.0955797550533757
1226 3.0955797550533757
1227 2.799445790100698
1228 2.799445790100698
1229 2.799445790100698
1230 3.7563470890404975
1231 3.7563470890404975
1232 3.7563470890404975
1233 3.396285675060933
1234 3.396285675060933
1235 3.396285675060933
1236 2.7482886121055516
1237 2.7482886121055516
1238 2.7482886121055516
1239 2.9989315192987265
1240 2.9989315192987265
1241 2.9989315192987265
1242 2.7186046775918014
1243 2.7186046775918014
1244 2.7186046775918014
1245 3.048218294543186
1246 3.048218294543186
1247 3.048218294543186
1248 3.3305666340845645
1249 3.3305666340845645
1250 3.3305666340845645
1251 3.133836151647518
1252 3.133836151647518
1253 3.133836151647518
1254 3.481238784096834
1255 3.481238784096834
1256 3.481238784096834
1257 2.3806804225012064
1258 2.3806804225012064
1259 2.3806804225012064
1260 2.063108235202101
1261 2.063108235202101
1262 2.063108235202101
1263 1.9060511274735352
1264 1.9060511274735352
1265 1.9060511274735352
1266 3.691735372035582
1267 3.691735372035582
1268 3.691735372035582
1269 3.1281973836281782
1270 3.1281973836281782
1271 3.1281973836281782
1272 2.663407443149209
1273 2.663407443149209
1274 2.663407443149209
1275 3.36974688011045
1276 3.36974688011045
1277 3.36974688011045
1278 1.8911923532801524
1279 1.8911923532801524
1280 1.8911923532801524
1281 1.990561265402538
1282 1.990561265402538
1283 1.990561265402538
1284 2.8401860560547822
1285 2.8401860560547822
1286 2.8401860560547822
1287 3.15702906715295
1288 3.15702906715295
1289 3.15702906715295
1290 2.35398152975969
1291 2.35398152975969
1292 2.35398152975969
1293 2.3433225121264734
1294 2.3433225121264734
1295 2.3433225121264734
1296 4.880779005886595
1297 4.880779005886595
1298 4.880779005886595
1299 2.3390594983333823
1300 2.3390594983333823
1301 2.3390594983333823
1302 3.4045623981611426
1303 3.4045623981611426
1304 3.4045623981611426
1305 3.5310987764283572
1306 3.5310987764283572
1307 3.5310987764283572
1308 3.622061973205962
1309 3.622061973205962
1310 3.622061973205962
1311 2.986973812671069
1312 2.986973812671069
1313 2.986973812671069
1314 3.6034275235351556
1315 3.6034275235351556
1316 3.6034275235351556
1317 3.018247793404225
1318 3.018247793404225
1319 3.018247793404225
1320 1.9709555654412716
1321 1.9709555654412716
1322 1.9709555654412716
1323 1.2709326924561557
1324 1.2709326924561557
1325 1.2709326924561557
1326 2.381824755321461
1327 2.381824755321461
1328 2.381824755321461
1329 2.9039457073248527
1330 2.9039457073248527
1331 2.9039457073248527
1332 3.2312928787137323
1333 3.2312928787137323
1334 3.2312928787137323
1335 1.8804838833790603
1336 1.8804838833790603
1337 1.8804838833790603
1338 3.29261911980069
1339 3.29261911980069
1340 3.29261911980069
1341 2.2784769388634833
1342 2.2784769388634833
1343 2.2784769388634833
1344 3.2070194462122585
1345 3.2070194462122585
1346 3.2070194462122585
1347 2.6463428316039264
1348 2.6463428316039264
1349 2.6463428316039264
1350 3.1511437039856736
1351 3.1511437039856736
1352 3.1511437039856736
1353 1.7639704659217856
1354 1.7639704659217856
1355 1.7639704659217856
1356 2.7014507101774865
1357 2.7014507101774865
1358 2.7014507101774865
1359 2.932104726504179
1360 2.932104726504179
1361 2.932104726504179
1362 2.4144320265164745
1363 2.4144320265164745
1364 2.4144320265164745
1365 2.535030764791335
1366 2.535030764791335
1367 2.535030764791335
1368 3.389269864714171
1369 3.389269864714171
1370 3.389269864714171
1371 2.3516059697452203
1372 2.3516059697452203
1373 2.3516059697452203
1374 2.404220126174514
1375 2.404220126174514
1376 2.404220126174514
1377 0.8213956769449708
1378 0.8213956769449708
1379 0.8213956769449708
1380 3.55581101690079
1381 3.55581101690079
1382 3.55581101690079
1383 2.36722738353829
1384 2.36722738353829
1385 2.36722738353829
1386 3.1836629880691127
1387 3.1836629880691127
1388 3.1836629880691127
1389 1.7066502542460045
1390 1.7066502542460045
1391 1.7066502542460045
1392 3.315341285677128
1393 3.315341285677128
1394 3.315341285677128
1395 3.8488356605058835
1396 3.8488356605058835
1397 3.8488356605058835
1398 2.4336973081355078
1399 2.4336973081355078
1400 2.4336973081355078
1401 3.002478561617261
1402 3.002478561617261
1403 3.002478561617261
1404 2.450385101621718
1405 2.450385101621718
1406 2.450385101621718
1407 3.518125234426023
1408 3.518125234426023
1409 3.518125234426023
1410 2.2286830209636292
1411 2.2286830209636292
1412 2.2286830209636292
1413 1.9469336221070148
1414 1.9469336221070148
1415 1.9469336221070148
1416 1.8963587524576377
1417 1.8963587524576377
1418 1.8963587524576377
1419 2.787986080319083
1420 2.787986080319083
1421 2.787986080319083
1422 2.495151373342705
1423 2.495151373342705
1424 2.495151373342705
1425 2.756409323588591
1426 2.756409323588591
1427 2.756409323588591
1428 3.5634805567998367
1429 3.5634805567998367
1430 3.5634805567998367
1431 2.0365702829570824
1432 2.0365702829570824
1433 2.0365702829570824
1434 1.6537883327260583
1435 1.6537883327260583
1436 1.6537883327260583
1437 3.3225882920839207
1438 3.3225882920839207
1439 3.3225882920839207
1440 2.1869830790500067
1441 2.1869830790500067
1442 2.1869830790500067
1443 3.347890552327568
1444 3.347890552327568
1445 3.347890552327568
1446 2.4436289148264585
1447 2.4436289148264585
1448 2.4436289148264585
1449 2.620793392210549
1450 2.620793392210549
1451 2.620793392210549
1452 2.4254248345443905
1453 2.4254248345443905
1454 2.4254248345443905
1455 1.409736875369249
1456 1.409736875369249
1457 1.409736875369249
1458 3.190522448065238
1459 3.190522448065238
1460 3.190522448065238
1461 2.7891178204405414
1462 2.7891178204405414
1463 2.7891178204405414
1464 2.8440783506992524
1465 2.8440783506992524
1466 2.8440783506992524
1467 1.1514119852622229
1468 1.1514119852622229
1469 1.1514119852622229
1470 3.291040496053686
1471 3.291040496053686
1472 3.291040496053686
1473 1.8814632533219031
1474 1.8814632533219031
1475 1.8814632533219031
1476 3.304872577068024
1477 3.304872577068024
1478 3.304872577068024
1479 2.991821129236538
1480 2.991821129236538
1481 2.991821129236538
1482 2.4567687969537464
1483 2.4567687969537464
1484 2.4567687969537464
1485 2.658847850070133
1486 2.658847850070133
1487 2.658847850070133
1488 1.7886833142989458
1489 1.7886833142989458
1490 1.7886833142989458
1491 1.7872049421782772
1492 1.7872049421782772
1493 1.7872049421782772
1494 2.9097261574400983
1495 2.9097261574400983
1496 2.9097261574400983
1497 2.9931938376993124
1498 2.9931938376993124
1499 2.9931938376993124
1500 2.5983518927545215
1501 2.5983518927545215
1502 2.5983518927545215
1503 1.924656375171562
1504 1.924656375171562
1505 1.924656375171562
1506 2.127912648684975
1507 2.127912648684975
1508 2.127912648684975
1509 2.1491208388063603
1510 2.1491208388063603
1511 2.1491208388063603
1512 3.483562953376848
1513 3.483562953376848
1514 3.483562953376848
1515 2.936748266489872
1516 2.936748266489872
1517 2.936748266489872
1518 3.054094397252652
1519 3.054094397252652
1520 3.054094397252652
1521 3.2424703992096435
1522 3.2424703992096435
1523 3.2424703992096435
1524 1.8318216141379304
1525 1.8318216141379304
1526 1.8318216141379304
1527 2.9773561245913194
1528 2.9773561245913194
1529 2.9773561245913194
1530 2.1761706396953215
1531 2.1761706396953215
1532 2.1761706396953215
1533 2.4122639013286795
1534 2.4122639013286795
1535 2.4122639013286795
1536 3.10955527834481
1537 3.10955527834481
1538 3.10955527834481
1539 2.9595432708101317
1540 2.9595432708101317
1541 2.9595432708101317
1542 2.9129701920917883
1543 2.9129701920917883
1544 2.9129701920917883
1545 2.767518177318398
1546 2.767518177318398
1547 2.767518177318398
1548 1.515622742743235
1549 1.515622742743235
1550 1.515622742743235
1551 2.2123531909700214
1552 2.2123531909700214
1553 2.2123531909700214
1554 2.3383846223092806
1555 2.3383846223092806
1556 2.3383846223092806
1557 2.74533261196913
1558 2.74533261196913
1559 2.74533261196913
1560 2.288063736728389
1561 2.288063736728389
1562 2.288063736728389
1563 2.418457579589937
1564 2.418457579589937
1565 2.418457579589937
1566 1.303181405188896
1567 1.303181405188896
1568 1.303181405188896
1569 1.8659652485580764
1570 1.8659652485580764
1571 1.8659652485580764
1572 2.5250788404394084
1573 2.5250788404394084
1574 2.5250788404394084
1575 2.1568918969297126
1576 2.1568918969297126
1577 2.1568918969297126
1578 2.732014414874238
1579 2.732014414874238
1580 2.732014414874238
1581 2.8338653058814174
1582 2.8338653058814174
1583 2.8338653058814174
1584 2.4251616246014085
1585 2.4251616246014085
1586 2.4251616246014085
1587 2.264878690749257
1588 2.264878690749257
1589 2.264878690749257
1590 2.703544316706605
1591 2.703544316706605
1592 2.703544316706605
1593 2.1584882138302746
1594 2.1584882138302746
1595 2.1584882138302746
1596 2.123839684143841
1597 2.123839684143841
1598 2.123839684143841
1599 2.9036588201006843
1600 2.9036588201006843
1601 2.9036588201006843
1602 2.4589240529886323
1603 2.4589240529886323
1604 2.4589240529886323
1605 2.4333784890036516
1606 2.4333784890036516
1607 2.4333784890036516
1608 2.2659949535852375
1609 2.2659949535852375
1610 2.2659949535852375
1611 1.3273817711492728
1612 1.3273817711492728
1613 1.3273817711492728
1614 1.8786615058068374
1615 1.8786615058068374
1616 1.8786615058068374
1617 2.079936235865486
1618 2.079936235865486
1619 2.079936235865486
1620 2.0815830156588873
1621 2.0815830156588873
1622 2.0815830156588873
1623 1.6468124727518896
1624 3.4241673922052898
1625 3.4241673922052898
1626 3.4241673922052898
1627 3.318626558262115
1628 3.318626558262115
1629 3.318626558262115
1630 3.224980403257396
1631 3.224980403257396
1632 3.224980403257396
1633 2.3650769148602073
1634 2.3650769148602073
1635 2.3650769148602073
1636 1.6534265871201748
1637 1.6534265871201748
1638 1.6534265871201748
1639 3.2086921149681498
1640 3.2086921149681498
1641 3.2086921149681498
1642 2.277117146542276
1643 2.277117146542276
1644 2.277117146542276
1645 2.9525536201597666
1646 2.9525536201597666
1647 2.9525536201597666
1648 2.3593717438372224
1649 2.3593717438372224
1650 2.3593717438372224
1651 2.9076470896900695
1652 2.9076470896900695
1653 2.9076470896900695
1654 2.4970494524385427
1655 2.4970494524385427
1656 2.4970494524385427
1657 1.7449547794654259
1658 1.7449547794654259
1659 1.7449547794654259
1660 3.2879655558896275
1661 3.2879655558896275
1662 3.2879655558896275
1663 2.3695522924164183
1664 2.3695522924164183
1665 2.3695522924164183
1666 2.777436055364426
1667 2.777436055364426
1668 2.777436055364426
1669 1.924824126938129
1670 1.924824126938129
1671 1.924824126938129
1672 1.9272302219819626
1673 1.9272302219819626
1674 1.9272302219819626
1675 1.856955967557939
1676 1.856955967557939
1677 1.856955967557939
1678 2.4397051703168815
1679 2.4397051703168815
1680 2.4397051703168815
1681 2.345117397643896
1682 2.345117397643896
1683 2.345117397643896
1684 4.38661665262623
1685 4.38661665262623
1686 4.38661665262623
1687 2.2806558560568053
1688 2.2806558560568053
1689 2.2806558560568053
1690 3.015092380846362
1691 3.015092380846362
1692 3.015092380846362
1693 2.267602218528541
1694 2.267602218528541
1695 2.267602218528541
1696 4.369969695774484
1697 4.690427794454087
1698 4.690427794454087
1699 4.690427794454087
1700 4.275358642762253
1701 4.275358642762253
1702 4.275358642762253
1703 4.125583563712729
1704 4.125583563712729
1705 4.125583563712729
1706 3.0668753413162686
1707 3.0668753413162686
1708 3.0668753413162686
1709 3.046839637011352
1710 3.046839637011352
1711 3.046839637011352
1712 4.42205924199929
1713 4.42205924199929
1714 4.42205924199929
1715 4.617275845328728
1716 4.617275845328728
1717 4.617275845328728
1718 4.253772889380956
1719 4.253772889380956
1720 4.253772889380956
1721 5.6515288939177335
1722 5.6515288939177335
1723 5.6515288939177335
1724 3.099339212974745
1725 3.099339212974745
1726 3.099339212974745
1727 3.851085123951423
1728 3.851085123951423
1729 3.851085123951423
1730 2.440539686251328
1731 2.440539686251328
1732 2.440539686251328
1733 2.7527148258074208
1734 2.7527148258074208
1735 2.7527148258074208
1736 2.9630570368772684
1737 2.9630570368772684
1738 2.9630570368772684
1739 4.067719816441023
1740 4.067719816441023
1741 4.067719816441023
1742 2.7914266202878313
1743 2.7914266202878313
1744 2.7914266202878313
1745 4.166018120500786
1746 4.166018120500786
1747 4.166018120500786
1748 4.513182320753432
1749 4.513182320753432
1750 4.513182320753432
1751 3.7267501473161584
1752 3.7267501473161584
1753 3.7267501473161584
1754 4.545618755223583
1755 4.545618755223583
1756 4.545618755223583
1757 4.755721789514362
1758 4.755721789514362
1759 3.0222501306440614
1760 3.0222501306440614
1761 3.0222501306440614
1762 3.469343184661577
1763 3.469343184661577
1764 3.469343184661577
1765 3.540323636540851
1766 3.540323636540851
1767 3.540323636540851
1768 3.488826729349172
1769 3.488826729349172
1770 3.488826729349172
1771 2.7675842354647466
1772 2.7675842354647466
1773 2.7675842354647466
1774 3.1511279881028136
1775 3.1511279881028136
1776 3.1511279881028136
1777 2.5179298947231428
1778 2.5179298947231428
1779 2.5179298947231428
1780 0.15248871562669608
1781 0.15248871562669608
1782 0.15248871562669608
1783 2.609551713507654
1784 2.609551713507654
1785 4.185852902929612
1786 4.185852902929612
1787 4.185852902929612
1788 4.335271636137396
1789 4.335271636137396
1790 4.335271636137396
1791 4.317785861998888
1792 4.317785861998888
1793 4.317785861998888
1794 4.307318117825038
1795 4.307318117825038
1796 4.307318117825038
1797 4.738316953146008
1798 4.738316953146008
1799 4.738316953146008
1800 4.492571170944234
1801 4.492571170944234
1802 4.492571170944234
1803 3.449481189953585
1804 3.449481189953585
1805 3.449481189953585
1806 5.712077001909937
1807 5.712077001909937
1808 5.712077001909937
1809 3.814424582493419
1810 3.814424582493419
1811 3.814424582493419
1812 5.921651962462084
1813 5.921651962462084
1814 5.921651962462084
1815 4.463249911084532
1816 4.463249911084532
1817 4.463249911084532
1818 4.062559197266219
1819 4.062559197266219
1820 4.062559197266219
1821 3.9769367733935233
1822 3.9769367733935233
1823 3.9769367733935233
1824 4.646114267486478
1825 4.646114267486478
1826 4.646114267486478
1827 3.6005775322781686
1828 3.6005775322781686
1829 3.6005775322781686
1830 4.497152217709772
1831 4.497152217709772
1832 0.8059624323464583
1833 0.8059624323464583
1834 0.8059624323464583
1835 0.9639593790448145
1836 0.9639593790448145
1837 0.9639593790448145
1838 1.0131319061652684
1839 1.0131319061652684
1840 1.0131319061652684
1841 1.3563966202315914
1842 1.3563966202315914
1843 1.3563966202315914
1844 0.7213500332464067
1845 0.7213500332464067
1846 0.7213500332464067
1847 0.5518634896689675
1848 0.5518634896689675
1849 0.5518634896689675
1850 1.3096900137538106
1851 1.3096900137538106
1852 1.3096900137538106
1853 1.6463957932047253
1854 1.6463957932047253
1855 1.6463957932047253
1856 0.7360590054888003
1857 0.7360590054888003
1858 0.7360590054888003
1859 0.9057759773331637
1860 0.9057759773331637
1861 0.9057759773331637
1862 0.706851593624741
1863 0.706851593624741
1864 0.706851593624741
1865 0.6278187176565514
1866 0.6278187176565514
1867 0.6278187176565514
1868 0.9572203422052846
1869 0.9572203422052846
1870 0.9572203422052846
1871 1.4693461480796517
1872 1.4693461480796517
1873 1.4693461480796517
1874 1.7956771085744254
1875 1.7956771085744254
1876 1.7956771085744254
1877 1.058684217718854
1878 1.058684217718854
1879 1.058684217718854
1880 1.0767247384216263
1881 0.20281020082693016
1882 0.20281020082693016
1883 0.20281020082693016
1884 0.13684875697449247
1885 0.13684875697449247
1886 0.13684875697449247
1887 0.2164962247972179
1888 0.2164962247972179
1889 0.2164962247972179
1890 0.19920702693916492
1891 0.19920702693916492
1892 0.19920702693916492
1893 0.13140834997013912
1894 0.13140834997013912
1895 0.13140834997013912
1896 0.17492832779352657
1897 0.17492832779352657
1898 0.17492832779352657
1899 0.15956144615661103
1900 0.15956144615661103
1901 0.15956144615661103
1902 0.23206924273177593
1903 0.23206924273177593
1904 0.23206924273177593
1905 0.23574454389560834
1906 0.23574454389560834
1907 0.23574454389560834
1908 0.16595238584443261
1909 0.16595238584443261
1910 0.16595238584443261
1911 0.19678626687655232
1912 0.19678626687655232
1913 0.19678626687655232
1914 0.24484907550912685
1915 0.24484907550912685
1916 0.24484907550912685
1917 0.1
1918 0.1
1919 0.1
1920 0.260014637637026
1921 0.260014637637026
1922 0.260014637637026
1923 3.319893082180797
1924 3.319893082180797
1925 3.319893082180797
1926 2.9029479979266526
1927 2.9029479979266526
1928 2.9029479979266526
1929 3.030220313409859
1930 3.030220313409859
1931 3.030220313409859
1932 2.193156404361738
1933 2.193156404361738
1934 2.193156404361738
1935 3.829307751544464
1936 3.829307751544464
1937 3.829307751544464
1938 2.4311976945871017
1939 2.4311976945871017
1940 2.4311976945871017
1941 2.500476710783792
1942 2.500476710783792
1943 2.500476710783792
1944 2.3399485609364574
1945 2.3399485609364574
1946 2.3399485609364574
1947 2.435826257478773
1948 2.435826257478773
1949 2.435826257478773
1950 3.1730457466666215
1951 3.1730457466666215
1952 3.1730457466666215
1953 2.5535463511265037
1954 2.5535463511265037
1955 2.5535463511265037
1956 4.059811018521534
1957 4.059811018521534
1958 4.059811018521534
1959 2.260815485206049
1960 2.260815485206049
1961 2.260815485206049
1962 3.385460376716214
1963 3.385460376716214
1964 3.385460376716214
1965 3.405682378988974
1966 3.405682378988974
1967 3.405682378988974
1968 3.117742900146565
1969 3.117742900146565
1970 3.117742900146565
1971 3.603274832935823
1972 3.603274832935823
1973 3.603274832935823
1974 4.125331648128152
1975 4.125331648128152
1976 4.125331648128152
1977 2.6642639820730256
1978 2.6642639820730256
1979 2.6642639820730256
1980 3.6613511186718175
1981 3.6613511186718175
1982 3.6613511186718175
1983 1.976308072512362
1984 1.976308072512362
1985 1.976308072512362
1986 2.9224836809408625
1987 2.9224836809408625
1988 2.9224836809408625
1989 1.6611352809610962
1990 1.6611352809610962
1991 1.6611352809610962
1992 2.976047538558802
1993 2.976047538558802
1994 2.976047538558802
1995 3.458326728131806
1996 3.458326728131806
1997 3.458326728131806
1998 3.1041489688535275
1999 3.1041489688535275
