0 1.6834342422856083
1 1.6834342422856083
2 1.7659733986993187
3 1.7659733986993187
4 1.4159033403169765
5 1.4159033403169765
6 1.3814269595040884
7 1.3814269595040884
8 1.2408632521978533
9 1.2408632521978533
10 1.352044707235675
11 1.352044707235675
12 1.856012385499331
13 1.856012385499331
14 1.7269213043658285
15 1.7269213043658285
16 0.9140367804329996
17 0.9140367804329996
18 0.9958920435244489
19 0.9958920435244489
20 0.9642088339529699
21 0.9642088339529699
22 0.7109947092586312
23 0.7109947092586312
24 0.9441229526455416
25 0.9441229526455416
26 1.6113180130659057
27 1.6113180130659057
28 1.3365266181875555
29 1.3365266181875555
30 1.0541907313982433
31 1.0541907313982433
32 1.2567001497420596
33 1.2567001497420596
34 1.2036437530063966
35 1.2036437530063966
36 0.913650673135456
37 0.913650673135456
38 1.6169666796179152
39 1.6169666796179152
40 1.2846541047319313
41 1.2846541047319313
42 1.2985966547188337
43 1.2985966547188337
44 0.8867566356170459
45 0.8867566356170459
46 1.302086498022501
47 1.302086498022501
48 0.9994096831893557
49 0.9994096831893557
50 1.2971758914705664
51 1.2971758914705664
52 0.850628375744918
53 0.850628375744918
54 1.7497679350946682
55 1.7497679350946682
56 1.582499085224402
57 1.582499085224402
58 1.5862192626075422
59 1.5862192626075422
60 0.8600841667732486
61 0.8600841667732486
62 0.9004124345892763
63 0.9004124345892763
64 1.220389083446298
65 1.220389083446298
66 1.509732775056104
67 2.8667334886481584
68 2.8667334886481584
69 1.714985011912769
70 1.714985011912769
71 2.2974356327971064
72 2.2974356327971064
73 2.8107061080657063
74 2.8107061080657063
75 2.2143455527274924
76 2.2143455527274924
77 2.6944928539108925
78 2.6944928539108925
79 2.05304174232361
80 4.608781741749789
81 4.608781741749789
82 4.759890649294107
83 4.759890649294107
84 2.724027895782064
85 2.724027895782064
86 1.942368754962518
87 1.942368754962518
88 1.8134699353663253
89 1.8134699353663253
90 1.988214452494547
91 1.988214452494547
92 2.3560192036904692
93 2.3560192036904692
94 1.2721453142862078
95 1.2721453142862078
96 1.3163055341399128
97 1.3163055341399128
98 2.041368548890274
99 3.126895101176142
100 3.126895101176142
101 3.447267555505732
102 0.5085471274788869
103 0.5085471274788869
104 0.5177069240513836
105 0.5177069240513836
106 0.82881341855256
107 0.82881341855256
108 0.39336391557188893
109 0.39336391557188893
110 0.7823753639220696
111 0.7823753639220696
112 0.989683179108303
113 0.989683179108303
114 0.5967471834816609
115 0.5967471834816609
116 0.4920330612199225
117 0.4920330612199225
118 0.43089363809772685
119 0.43089363809772685
120 0.5454400005109655
121 0.5454400005109655
122 0.6934130479498988
123 0.6934130479498988
124 0.8368169642492447
125 0.8368169642492447
126 0.5899358242934268
127 0.5899358242934268
128 0.642130955595352
129 0.642130955595352
130 0.6169850881560629
131 0.6169850881560629
132 0.6603760233247193
133 0.6603760233247193
134 0.8103845677986962
135 0.8103845677986962
136 0.6784863392977732
137 0.6784863392977732
138 2.7523906062878036
139 2.7523906062878036
140 1.553251358123511
141 1.553251358123511
142 1.8819055724027058
143 1.8819055724027058
144 3.7875273452141505
145 3.7875273452141505
146 1.2274859635517719
147 1.2274859635517719
148 1.9563089624224332
149 1.9563089624224332
150 2.2810206343888373
151 2.2810206343888373
152 3.0893664069384137
153 3.0893664069384137
154 1.2109008424970127
155 1.2109008424970127
156 2.3888837834541734
157 2.3888837834541734
158 2.1477790420733283
159 2.1477790420733283
160 2.9412494965619844
161 2.9412494965619844
162 2.762513186640794
163 2.762513186640794
164 1.6675132037304712
165 1.6675132037304712
166 2.6688117661918818
167 2.6688117661918818
168 1.4026341898662809
169 1.4026341898662809
170 3.517668814267564
171 3.517668814267564
172 1.9495440428751023
173 1.9495440428751023
174 0.89809617074108
175 0.89809617074108
176 3.2329035053497326
177 3.2329035053497326
178 1.520559148152271
179 1.520559148152271
180 2.504543693037508
181 2.504543693037508
182 2.025802019078623
183 2.025802019078623
184 3.50359885521262
185 3.50359885521262
186 1.767155676671691
187 1.767155676671691
188 1.6735693823807511
189 1.6735693823807511
190 2.169307995768929
191 2.169307995768929
192 3.1741738210644788
193 3.1741738210644788
194 2.7859206479291965
195 2.7859206479291965
196 2.7292020591299373
197 2.7292020591299373
198 2.4011498659635446
199 2.4011498659635446
200 2.180424289028755
201 2.180424289028755
202 2.736768722469037
203 2.736768722469037
204 2.1407707345460536
205 2.1407707345460536
206 2.5350913964982453
207 2.5350913964982453
208 3.6812133521513393
209 3.6812133521513393
210 2.2627934828340264
211 2.2627934828340264
212 0.9404312775402062
213 0.9404312775402062
214 2.9770548869622586
215 2.9770548869622586
216 2.4144003717316327
217 2.4144003717316327
218 3.5537296845146984
219 3.5537296845146984
220 2.1969771402162426
221 2.1969771402162426
222 1.7109927346096256
223 1.7109927346096256
224 2.0187522514133995
225 2.0187522514133995
226 2.666666263830214
227 2.666666263830214
228 3.0416804793764265
229 3.0416804793764265
230 2.1947088169211386
231 2.1947088169211386
232 1.35005967672033
233 1.35005967672033
234 2.770397658908852
235 2.770397658908852
236 3.8254929647065543
237 3.8254929647065543
238 2.5009582361442098
239 2.8119697051697115
240 2.8119697051697115
241 2.647404932182657
242 2.647404932182657
243 3.8516034318099783
244 3.8516034318099783
245 2.9685794937153545
246 2.9685794937153545
247 2.4193249941118418
248 2.4193249941118418
249 1.7917153491617483
250 1.7917153491617483
251 4.0333369287920595
252 4.0333369287920595
253 3.381449845064134
254 3.381449845064134
255 3.756116373593496
256 3.756116373593496
257 2.4026839549985106
258 2.4026839549985106
259 2.2276183647019834
260 2.2276183647019834
261 3.1311443604039457
262 3.1311443604039457
263 3.646366694587753
264 3.646366694587753
265 2.620704243941353
266 2.620704243941353
267 2.1435109753175325
268 2.1435109753175325
269 2.6496146966775407
270 2.6496146966775407
271 2.5933897097887635
272 2.5933897097887635
273 2.531280682711156
274 2.531280682711156
275 4.0174629184200334
276 4.0174629184200334
277 2.9898068565677476
278 2.9898068565677476
279 2.552612943256009
280 2.552612943256009
281 2.4572989869962636
282 2.4572989869962636
283 2.960503774291699
284 2.960503774291699
285 3.261266659307093
286 3.261266659307093
287 1.4743640501061857
288 1.4743640501061857
289 3.232189958474957
290 3.232189958474957
291 3.5705893962159
292 3.5705893962159
293 3.373951479274183
294 3.373951479274183
295 2.4758893251604692
296 2.4758893251604692
297 4.105686397220748
298 4.105686397220748
299 3.0088414420510654
300 3.0088414420510654
301 2.9783962403158197
302 2.9783962403158197
303 2.0149171709032574
304 2.0149171709032574
305 3.21419668157223
306 3.21419668157223
307 3.3115031645725392
308 3.3115031645725392
309 3.6246514287165783
310 3.6246514287165783
311 2.6781256365221675
312 2.6781256365221675
313 2.1099413252318193
314 2.1099413252318193
315 3.036032521128571
316 3.036032521128571
317 2.1739130585856707
318 2.1739130585856707
319 3.26987157183422
320 3.26987157183422
321 2.546045191771708
322 2.546045191771708
323 1.950608585252012
324 1.950608585252012
325 2.972998179319151
326 2.972998179319151
327 2.2944390783377098
328 2.2944390783377098
329 2.5664162160346895
330 2.5664162160346895
331 2.3600634625132573
332 2.3600634625132573
333 3.9404381434988625
334 3.9404381434988625
335 2.537868426493894
336 2.537868426493894
337 2.6332840089428107
338 2.6332840089428107
339 1.932879876150671
340 1.932879876150671
341 2.9500154398410627
342 2.9500154398410627
343 2.748010509201208
344 2.748010509201208
345 4.091515169972303
346 4.091515169972303
347 2.4222279863219764
348 2.4222279863219764
349 2.4966491871363097
350 2.4966491871363097
351 3.678362631118594
352 3.678362631118594
353 3.9387732525081
354 3.138014472059103
355 3.138014472059103
356 2.79040856346571
357 2.79040856346571
358 1.702115525882383
359 1.702115525882383
360 2.4396294968975103
361 2.4396294968975103
362 2.564638565592741
363 2.564638565592741
364 3.136632634481719
365 3.136632634481719
366 2.750598764719798
367 2.750598764719798
368 1.1216057154969872
369 1.1216057154969872
370 1.5752701061955876
371 1.5752701061955876
372 1.0598486233919322
373 1.0598486233919322
374 1.4093731196025558
375 1.4093731196025558
376 2.1020457878121985
377 2.1020457878121985
378 2.0020690204210583
379 2.0020690204210583
380 1.490848935940782
381 1.490848935940782
382 2.282047751143502
383 2.282047751143502
384 1.7715784172089113
385 1.7715784172089113
386 2.327067727301037
387 2.327067727301037
388 3.1286651126241933
389 3.1286651126241933
390 3.0090737632419446
391 3.0090737632419446
392 2.8207157386355672
393 2.8207157386355672
394 3.157646807898069
395 3.157646807898069
396 4.591642284513286
397 4.591642284513286
398 3.0372216268073813
399 3.0372216268073813
400 3.886758687749972
401 3.886758687749972
402 0.7297052268603643
403 0.7297052268603643
404 3.6060352145149275
405 3.6060352145149275
406 3.351212195913325
407 3.351212195913325
408 3.1383050403456165
409 3.1383050403456165
410 4.638590067980877
411 4.638590067980877
412 2.9354163572541414
413 2.9354163572541414
414 3.390128447091327
415 3.390128447091327
416 2.841730588867385
417 2.841730588867385
418 2.5997673787489015
419 2.5997673787489015
420 2.8822006346411673
421 2.8822006346411673
422 3.688223688168504
423 3.688223688168504
424 3.869746627875335
425 3.869746627875335
426 4.544375275833048
427 4.544375275833048
428 3.359413237890737
429 3.359413237890737
430 3.269946076108366
431 3.269946076108366
432 4.0911133098365156
433 4.891939137363999
434 4.891939137363999
435 4.424809385087677
436 3.64321513408265
437 3.64321513408265
438 3.33625856667375
439 3.33625856667375
440 2.7507942040137716
441 2.7507942040137716
442 3.521697584259444
443 3.521697584259444
444 3.5367824420656464
445 3.5367824420656464
446 3.979845540148015
447 3.979845540148015
448 3.870473914555392
449 3.870473914555392
450 3.2307666447799366
451 3.2307666447799366
452 4.948344416866049
453 4.948344416866049
454 2.554134402513113
455 2.554134402513113
456 4.560808601474533
457 4.560808601474533
458 3.9576052636974146
459 3.9576052636974146
460 3.444013692070052
461 3.444013692070052
462 2.9347924051392607
463 2.9347924051392607
464 1.9557369676421834
465 1.9557369676421834
466 3.6678159571141684
467 3.6678159571141684
468 3.4766604446987754
469 3.4766604446987754
470 4.846992729419547
471 4.846992729419547
472 3.191966229169268
473 3.191966229169268
474 2.498123519349528
475 2.498123519349528
476 3.082973130351045
477 3.082973130351045
478 4.448694674592279
479 4.448694674592279
480 4.295027006240884
481 4.295027006240884
482 4.619283577998461
483 4.619283577998461
484 4.279778904478949
485 4.279778904478949
486 4.213385148925623
487 4.213385148925623
488 4.207356914541549
489 4.207356914541549
490 2.4882234074998717
491 2.4882234074998717
492 3.445830674622446
493 3.445830674622446
494 2.8392791433845037
495 2.8392791433845037
496 2.6657730573752607
497 2.6657730573752607
498 2.784994162443148
499 2.784994162443148
500 3.2717065593288472
501 3.2717065593288472
502 2.103956543675606
503 2.103956543675606
504 1.3514137413044045
505 1.3514137413044045
506 2.124763009331665
507 2.124763009331665
508 2.796046304397126
509 2.796046304397126
510 2.0120246460262163
511 4.1748973153462865
512 4.1748973153462865
513 2.843647548734454
514 2.843647548734454
515 3.35347251114121
516 3.35347251114121
517 3.3809146294134678
518 3.3809146294134678
519 3.0198303318008137
520 3.0198303318008137
521 2.560274211676742
522 2.560274211676742
523 2.388256113652414
524 2.388256113652414
525 3.5382160104113995
526 3.5382160104113995
527 2.742498915368025
528 2.742498915368025
529 0.9423343974164089
530 0.9423343974164089
531 3.145292192903863
532 3.145292192903863
533 4.49612580950664
534 4.49612580950664
535 2.7483702203733835
536 2.7483702203733835
537 3.9993623805288205
538 3.9993623805288205
539 3.1566190456929513
540 3.1566190456929513
541 1.8999924231475653
542 1.8999924231475653
543 1.9105421659704842
544 1.9105421659704842
545 2.8877604158835477
546 2.8877604158835477
547 3.9549442980055582
548 3.9549442980055582
549 3.143444239827712
550 3.143444239827712
551 1.097247697942131
552 1.097247697942131
553 3.530610492834819
554 3.530610492834819
555 2.5840254414800885
556 2.5840254414800885
557 2.8320483277225366
558 2.8320483277225366
559 3.9113183882905522
560 3.9113183882905522
561 3.219714618508093
562 3.219714618508093
563 3.321136185794896
564 3.321136185794896
565 4.221556747947672
566 4.221556747947672
567 2.7008107556101457
568 2.7008107556101457
569 1.686189244839844
570 1.686189244839844
571 2.452709803240505
572 0.2279754542016163
573 0.2279754542016163
574 0.8258961404009851
575 3.1167148183874724
576 3.1167148183874724
577 2.883113880283016
578 2.883113880283016
579 4.290441796317823
580 4.290441796317823
581 4.366410201427972
582 4.366410201427972
583 5.226089575066748
584 5.226089575066748
585 4.50435549801625
586 4.50435549801625
587 2.281041941813407
588 2.281041941813407
589 1.1781445350311017
590 1.1781445350311017
591 3.7959579770974194
592 3.7959579770974194
593 1.9346786296510565
594 1.9346786296510565
595 2.5357357807606733
596 2.5357357807606733
597 4.139707194278911
598 4.139707194278911
599 3.3183215311227334
600 3.3183215311227334
601 4.0458646962317735
602 4.0458646962317735
603 3.2459620846933976
604 3.2459620846933976
605 3.8117145308539575
606 3.8117145308539575
607 4.323303281844434
608 4.323303281844434
609 4.359619945527222
610 4.359619945527222
611 2.9434577010871563
612 2.9434577010871563
613 3.8757079992208188
614 3.8757079992208188
615 5.05279374366264
616 5.05279374366264
617 4.222915120019799
618 4.222915120019799
619 4.396351615861848
620 4.396351615861848
621 3.310718138039923
622 3.310718138039923
623 3.600988575901396
624 3.600988575901396
625 2.320851185522308
626 2.3248340971603216
627 2.3248340971603216
628 3.1564672610118625
629 3.1564672610118625
630 1.8117839852409934
631 1.8117839852409934
632 2.9160958421800527
633 2.9160958421800527
634 2.1849522414963
635 2.1849522414963
636 2.1167139740299388
637 2.1167139740299388
638 2.613941684989241
639 2.613941684989241
640 2.22732514394335
641 2.22732514394335
642 1.9064096733682856
643 2.357218136517567
644 2.357218136517567
645 2.5081328435587706
646 2.5081328435587706
647 1.4990577295876437
648 1.4990577295876437
649 2.858439111894267
650 2.858439111894267
651 1.5803731559269063
652 1.5803731559269063
653 2.2145198349152904
654 2.2145198349152904
655 1.5452826722063449
656 1.5452826722063449
657 1.9756637084316977
658 0.20494418591811034
659 0.20494418591811034
660 0.12476664620156036
661 0.12476664620156036
662 0.17165047247452825
663 0.17165047247452825
664 0.18181172518782382
665 0.18181172518782382
666 0.13761976251110133
667 0.13761976251110133
668 0.16238501550197498
669 0.16238501550197498
670 0.11706169502410955
671 0.11706169502410955
672 0.19287981698622025
673 0.19287981698622025
674 0.213897221709756
675 0.213897221709756
676 0.22265263093267906
677 0.22265263093267906
678 0.28405064033226285
679 0.28405064033226285
680 0.25288347813315804
681 0.25288347813315804
682 0.1
683 0.1
684 0.22693366062285722
685 0.22693366062285722
686 0.35818772736603505
687 0.35818772736603505
688 0.8114507984547816
689 0.8114507984547816
690 0.7099521466334877
691 0.7099521466334877
692 0.8495326230822282
693 0.8495326230822282
694 0.7261678771698077
695 0.7261678771698077
696 0.5092567797850059
697 0.5092567797850059
698 0.6529322408262596
699 0.6529322408262596
700 0.4928800356572758
701 0.4928800356572758
702 0.4660292298785258
703 0.4660292298785258
704 0.8520470518829905
705 0.8520470518829905
706 0.36457364425536903
707 0.36457364425536903
708 0.7091763480853052
709 0.7091763480853052
710 0.6289571123473805
711 0.6289571123473805
712 0.9485925988294763
713 0.9485925988294763
714 0.7019574861701887
715 0.7019574861701887
716 0.5296448096687543
717 0.5296448096687543
718 0.7348569120029524
719 0.7348569120029524
720 0.741908211326509
721 0.741908211326509
722 0.44555746615904346
723 0.44555746615904346
724 0.12035927453398454
725 0.12035927453398454
726 0.4243869211341772
727 0.4243869211341772
728 1.0007700773356332
729 1.0007700773356332
730 0.550523719161278
731 0.550523719161278
732 0.6661335694170111
733 0.6661335694170111
734 0.6357521560480632
735 0.6357521560480632
736 0.6579463218929258
737 0.6579463218929258
738 0.7035084455957652
739 0.7035084455957652
740 0.9448069847906276
741 0.9448069847906276
742 0.70463347637067
743 0.70463347637067
744 0.24825837338045892
745 0.24825837338045892
746 0.3218015996176021
747 0.3218015996176021
748 0.8097783100573481
749 0.8097783100573481
750 0.29438786132843603
751 0.29438786132843603
752 0.7173464080686607
753 0.7173464080686607
754 0.4645399578661177
755 0.4645399578661177
756 0.8420367021856076
757 0.8420367021856076
758 0.4949446696826019
759 0.4949446696826019
760 0.6279377186663834
761 0.6279377186663834
762 0.5057035182130332
763 0.5057035182130332
764 0.885758763075415
765 0.885758763075415
766 0.7507546406795231
767 0.7507546406795231
768 0.7934516587515821
769 0.7934516587515821
770 0.3929799255347766
771 0.3929799255347766
772 0.5063285286532848
773 0.5063285286532848
774 0.5946103227237239
775 0.5946103227237239
776 0.7137084106295241
777 0.7137084106295241
778 0.5255443603111498
779 0.5255443603111498
780 0.6297069994067123
781 0.6297069994067123
782 0.42581247401109
783 0.42581247401109
784 0.6648825956032979
785 0.6648825956032979
786 0.8328484272732498
787 0.8328484272732498
788 0.5315859383797368
789 0.5315859383797368
790 0.6626651913919677
791 2.8497454020557487
792 2.8497454020557487
793 3.6517496898353117
794 3.14344401836492
795 3.14344401836492
796 1.393750950173697
797 1.393750950173697
798 1.6167058717433374
799 1.6167058717433374
800 4.208238673733177
801 4.208238673733177
802 4.3381785633949
803 4.3381785633949
804 2.6751978773632485
805 2.6751978773632485
806 3.7795972567439295
807 3.7795972567439295
808 3.125965957097972
809 3.125965957097972
810 2.759419785287965
811 2.759419785287965
812 4.222762042608662
813 4.222762042608662
814 2.638061075762533
815 2.638061075762533
816 1.956425468958248
817 1.956425468958248
818 2.819611315229925
819 2.819611315229925
820 1.3242182935711575
821 1.3242182935711575
822 3.0418681404390884
823 3.0418681404390884
824 3.6934217185172926
825 3.6934217185172926
826 3.4861294488991543
827 3.4861294488991543
828 1.9883651305239736
829 1.9883651305239736
830 2.128948783042552
831 2.128948783042552
832 3.3827776413227038
833 3.3827776413227038
834 4.34983757178489
835 4.34983757178489
836 2.6792876439344
837 2.6792876439344
838 2.6026696907071702
839 2.6026696907071702
840 2.5553940739792504
841 2.5553940739792504
842 2.3417982947950553
843 2.3417982947950553
844 2.8407882413131564
845 2.8407882413131564
846 2.454860147194532
847 2.454860147194532
848 3.3943491071156267
849 3.3943491071156267
850 3.2270172742734125
851 3.2270172742734125
852 3.3335965374510446
853 3.3335965374510446
854 4.687541319759352
855 4.687541319759352
856 2.8561329911584226
857 2.8561329911584226
858 1.9529611930844004
859 1.9529611930844004
860 2.2741697984246287
861 2.2741697984246287
862 2.989368860649535
863 2.989368860649535
864 3.4909825633672584
865 3.4909825633672584
866 1.9788124886269944
867 1.9788124886269944
868 1.8142483309513497
869 1.8142483309513497
870 3.753384824958908
871 3.753384824958908
872 4.369579616109235
873 4.369579616109235
874 4.26417258323116
875 4.26417258323116
876 3.318509603840278
877 3.318509603840278
878 3.106521546429435
879 3.106521546429435
880 3.2963819234771194
881 3.2963819234771194
882 3.3730277992317164
883 3.3730277992317164
884 3.2323753379910016
885 3.2323753379910016
886 3.2592528041573914
887 2.5355360155025144
888 2.5355360155025144
889 4.127354474025762
890 4.127354474025762
891 1.7123646964643349
892 1.7123646964643349
893 2.1668361203190036
894 2.1668361203190036
895 1.0506171908071034
896 1.0506171908071034
897 0.42210241486578537
898 0.42210241486578537
899 0.8165616089284434
900 0.8165616089284434
901 0.8684658852563112
902 0.8684658852563112
903 0.7870105322860015
904 0.7870105322860015
905 0.6595503468904409
906 0.6595503468904409
907 0.7889879848984701
908 0.7889879848984701
909 1.0624884055823782
910 1.0624884055823782
911 0.6533989837399303
912 0.6533989837399303
913 0.39450383743726214
914 0.39450383743726214
915 0.37898330706878913
916 0.37898330706878913
917 0.4822550994455347
918 0.4822550994455347
919 0.3320205726077404
920 0.3320205726077404
921 0.29055430722867615
922 0.29055430722867615
923 0.7460260267533845
924 0.7460260267533845
925 0.7311766729597688
926 0.7311766729597688
927 0.6571859838703826
928 0.9892932690115102
929 0.9892932690115102
930 2.7738809936781963
931 2.7738809936781963
932 3.10657369310391
933 3.10657369310391
934 3.629883783436264
935 3.629883783436264
936 3.1440399236795313
937 3.1440399236795313
938 1.5452258044199794
939 1.5452258044199794
940 0.6487758570557767
941 0.6487758570557767
942 1.2654330785263834
943 1.2654330785263834
944 0.8964874813284898
945 0.8964874813284898
946 1.5641562386789907
947 1.5641562386789907
948 2.664094653385037
949 2.664094653385037
950 2.3205572478938
951 2.3205572478938
952 3.011152086030286
953 3.011152086030286
954 1.6493162757435258
955 1.6493162757435258
956 3.0811119780346674
957 3.0811119780346674
958 2.734474257354746
959 2.734474257354746
960 3.7889267167803546
961 3.7889267167803546
962 3.0606497943646658
963 3.0606497943646658
964 2.0787363041634936
965 2.0787363041634936
966 3.778182232258707
967 3.778182232258707
968 2.43642522264899
969 2.43642522264899
970 2.8424485741775807
971 2.8424485741775807
972 2.4777003380540767
973 2.4777003380540767
974 3.3073610935805338
975 3.3073610935805338
976 4.135945759197611
977 4.135945759197611
978 2.112852183691579
979 2.112852183691579
980 1.6073942039166393
981 1.6073942039166393
982 1.4644597726117292
983 1.4644597726117292
984 2.471068510021512
985 2.471068510021512
986 2.170243836113427
987 2.170243836113427
988 2.8936559670740385
989 2.8936559670740385
990 2.7631372964043326
991 2.7631372964043326
992 2.6261127183086996
993 2.6261127183086996
994 1.5887123874172557
995 1.5887123874172557
996 1.5466797667120036
997 1.5466797667120036
998 0.9451203824712638
999 0.9451203824712638
1000 0.8783119200744272
1001 0.8783119200744272
1002 0.7946463413236677
1003 0.7946463413236677
1004 1.238352251963599
1005 1.238352251963599
1006 1.2755362994302728
1007 1.2755362994302728
1008 0.826102022113006
1009 0.826102022113006
1010 0.6946961545553292
1011 0.6946961545553292
1012 0.9649683490495324
1013 0.9649683490495324
1014 1.4900727495696953
1015 1.4900727495696953
1016 1.0454928506406609
1017 1.0454928506406609
1018 1.2856616719636154
1019 1.2856616719636154
1020 1.0687645357778686
1021 1.0687645357778686
1022 0.9746106910703427
1023 0.9746106910703427
1024 1.1314205806263364
1025 1.1314205806263364
1026 1.2422943754210731
1027 1.2422943754210731
1028 1.024046572686524
1029 1.024046572686524
1030 0.9893531896453512
1031 0.9893531896453512
1032 0.8370754484398875
1033 0.8370754484398875
1034 0.9608809743245713
1035 0.9608809743245713
1036 0.5810919542991405
1037 0.5810919542991405
1038 1.1462460592061356
1039 1.1462460592061356
1040 1.4808812326459282
1041 1.4808812326459282
1042 1.2105098042403815
1043 1.2105098042403815
1044 1.118142226737419
1045 1.118142226737419
1046 1.387086657449505
1047 1.387086657449505
1048 1.280452201416217
1049 1.280452201416217
1050 1.2050216132085878
1051 1.2050216132085878
1052 1.3310611181708758
1053 1.3310611181708758
1054 1.4476119473345854
1055 1.4476119473345854
1056 0.5917633253460363
1057 0.5917633253460363
1058 1.043186630924758
1059 1.043186630924758
1060 1.1294428654291462
1061 1.1294428654291462
1062 0.8072599292069632
1063 0.8072599292069632
1064 0.8276143036666395
1065 0.8276143036666395
1066 1.7528568477541513
1067 1.7528568477541513
1068 1.0501611401006847
1069 1.0501611401006847
1070 1.3013018192534784
1071 1.3013018192534784
1072 0.4309092051345885
1073 0.4309092051345885
1074 1.5668930165354102
1075 1.5668930165354102
1076 1.0843581794383177
1077 1.0843581794383177
1078 1.4400396652684173
1079 1.4400396652684173
1080 0.9075224508221973
1081 0.9075224508221973
1082 0.607748328762775
1083 0.607748328762775
1084 0.8555890264165287
1085 0.8555890264165287
1086 0.8867321382603014
1087 0.8867321382603014
1088 1.5481472202805378
1089 1.5481472202805378
1090 1.051999667085324
1091 1.051999667085324
1092 1.139131085211431
1093 1.139131085211431
1094 1.0412211095027741
1095 1.0412211095027741
1096 1.2767009850386004
1097 1.2767009850386004
1098 1.3855449230110586
1099 1.3855449230110586
1100 1.3679505335269693
1101 1.3679505335269693
1102 1.0934065876112735
1103 1.0934065876112735
1104 4.5996329141974925
1105 4.5996329141974925
1106 5.8795494304383595
1107 5.8795494304383595
1108 6.373923090567738
1109 6.373923090567738
1110 1.3558602292324196
1111 1.3558602292324196
1112 4.317057630284254
1113 4.317057630284254
1114 2.737980848760378
1115 2.737980848760378
1116 3.00339256447303
1117 3.00339256447303
1118 1.6998215527053246
1119 1.6998215527053246
1120 4.1123711074335025
1121 4.1123711074335025
1122 5.099996060691992
1123 5.099996060691992
1124 4.825421768243579
1125 4.825421768243579
1126 3.41384230777696
1127 3.41384230777696
1128 5.04832178622684
1129 5.04832178622684
1130 3.681968789033852
1131 3.681968789033852
1132 5.2119149138744305
1133 5.2119149138744305
1134 3.732383931318118
1135 3.732383931318118
1136 2.3742850240836253
1137 2.3742850240836253
1138 5.3184435619171335
1139 5.3184435619171335
1140 5.26856933280388
1141 5.26856933280388
1142 4.939945730781209
1143 4.939945730781209
1144 4.917611346971741
1145 4.917611346971741
1146 3.4796700991102174
1147 3.4796700991102174
1148 4.593816056271527
1149 1.0974222528718636
1150 1.0974222528718636
1151 2.716660202723974
1152 2.716660202723974
1153 3.166836590308008
1154 3.166836590308008
1155 2.9820009016622158
1156 2.9820009016622158
1157 3.7491564204157797
1158 3.7491564204157797
1159 3.637011380707843
1160 3.637011380707843
1161 3.0838930730195044
1162 3.0838930730195044
1163 3.0152602905147226
1164 3.0152602905147226
1165 3.177144776635669
1166 3.177144776635669
1167 3.4534011224654413
1168 3.4534011224654413
1169 2.7486297409779588
1170 2.7486297409779588
1171 3.6022765786346675
1172 3.6022765786346675
1173 2.7846357069392638
1174 2.7846357069392638
1175 4.170418992783452
1176 4.170418992783452
1177 2.9905483468210075
1178 2.9905483468210075
1179 3.8445821831299316
1180 3.8445821831299316
1181 1.1640728070529514
1182 1.1640728070529514
1183 1.7578220247476097
1184 1.7578220247476097
1185 1.3559172423481998
1186 1.3559172423481998
1187 0.8543290225040931
1188 0.8543290225040931
1189 1.283700807553915
1190 1.283700807553915
1191 1.1818396181987758
1192 1.1818396181987758
1193 1.0875720157304818
1194 1.0875720157304818
1195 1.5999281318823777
1196 1.5999281318823777
1197 0.8351567059127027
1198 0.8351567059127027
1199 1.6341882980887923
1200 1.6341882980887923
1201 1.2104659630605077
1202 1.2104659630605077
1203 0.6088144427764425
1204 0.6088144427764425
1205 5.1941733556506025
1206 5.1941733556506025
1207 2.5486234519701743
1208 2.5486234519701743
1209 3.121339584953629
1210 3.121339584953629
1211 4.788185921303759
1212 4.788185921303759
1213 4.755543365351864
1214 4.755543365351864
1215 3.965112455619417
1216 3.965112455619417
1217 4.667403787190491
1218 4.667403787190491
1219 2.8436531545466925
1220 2.8436531545466925
1221 3.5626738042794814
1222 3.5626738042794814
1223 5.723779851643704
1224 5.723779851643704
1225 3.6815069996938368
1226 3.6815069996938368
1227 4.431117056297143
1228 4.431117056297143
1229 4.093452159051452
1230 4.093452159051452
1231 4.821591272873217
1232 4.821591272873217
1233 4.943266165269119
1234 4.943266165269119
1235 3.009719853381487
1236 3.009719853381487
1237 4.028870439181354
1238 4.028870439181354
1239 3.964500859921205
1240 1.2420987958908405
1241 1.2420987958908405
1242 0.3732146691130769
1243 0.3732146691130769
1244 1.8351741674724034
1245 1.8351741674724034
1246 2.1446954995092717
1247 2.1446954995092717
1248 1.860777715699498
1249 1.860777715699498
1250 1.7665751533982081
1251 1.7665751533982081
1252 1.114751539359009
1253 1.114751539359009
1254 1.8566739195652973
1255 1.8566739195652973
1256 1.47485878569719
1257 1.47485878569719
1258 1.1310566500695598
1259 1.1310566500695598
1260 1.4765122636300183
1261 1.4765122636300183
1262 1.6884939449111682
1263 1.6884939449111682
1264 1.10721183569053
1265 1.10721183569053
1266 1.6400077536833517
1267 1.6400077536833517
1268 1.6242061741798912
1269 1.6242061741798912
1270 1.2141248509072673
1271 1.2141248509072673
1272 0.39581856321077924
1273 0.39581856321077924
1274 0.6448771772623038
1275 0.6448771772623038
1276 0.5245389217326912
1277 0.5245389217326912
1278 0.8593607743470552
1279 0.8593607743470552
1280 0.8415306918888601
1281 0.8415306918888601
1282 0.7126862083197445
1283 0.7126862083197445
1284 0.5688067924814412
1285 0.5688067924814412
1286 0.8847367596053548
1287 0.8847367596053548
1288 0.5625599920036225
1289 0.5625599920036225
1290 0.6788486270745029
1291 0.6788486270745029
1292 0.671946338208219
1293 0.671946338208219
1294 0.39061825770625014
1295 0.39061825770625014
1296 0.6323012300032047
1297 0.6323012300032047
1298 0.5591475928884792
1299 0.5591475928884792
1300 0.6113249432390468
1301 0.6113249432390468
1302 0.8349111676228762
1303 0.8349111676228762
1304 0.6847755334879359
1305 0.6847755334879359
1306 0.5301982706356914
1307 0.5301982706356914
1308 0.6755491246161722
1309 0.6755491246161722
1310 0.6357694157991646
1311 0.6357694157991646
1312 0.31472947466661005
1313 0.31472947466661005
1314 0.7776922648559202
1315 3.153601509494848
1316 3.153601509494848
1317 1.6487053230156365
1318 2.104559505154673
1319 2.104559505154673
1320 4.829231778898328
1321 4.829231778898328
1322 4.932987971766356
1323 4.932987971766356
1324 4.147460563243555
1325 4.147460563243555
1326 4.2312682813593385
1327 4.2312682813593385
1328 5.124778584545055
1329 5.124778584545055
1330 1.1796272802237007
1331 1.1796272802237007
1332 5.470380041299744
1333 5.470380041299744
1334 5.370351402785394
1335 5.370351402785394
1336 4.816784123086223
1337 4.816784123086223
1338 4.181382993563455
1339 4.181382993563455
1340 4.546216365597198
1341 4.546216365597198
1342 2.4445321788320107
1343 2.4445321788320107
1344 5.496601431180862
1345 5.496601431180862
1346 5.4649507987280455
1347 5.4649507987280455
1348 4.592187693119688
1349 4.592187693119688
1350 6.164219294603015
1351 6.164219294603015
1352 5.122005209947157
1353 5.122005209947157
1354 6.128668683122016
1355 6.128668683122016
1356 5.044308993071316
1357 5.044308993071316
1358 3.4424262728731216
1359 3.4424262728731216
1360 3.6940800335066193
1361 3.6940800335066193
1362 6.186444519390003
1363 6.186444519390003
1364 5.110436254908836
1365 5.110436254908836
1366 3.1303487778038392
1367 3.1303487778038392
1368 3.102079055747292
1369 3.102079055747292
1370 3.6579092593408253
1371 3.6579092593408253
1372 5.607056828092858
1373 5.607056828092858
1374 4.273016694789217
1375 4.273016694789217
1376 5.309464928263695
1377 5.309464928263695
1378 5.579163296475411
1379 5.579163296475411
1380 4.023024946781019
1381 4.023024946781019
1382 4.382378885165276
1383 4.382378885165276
1384 5.509410791896446
1385 5.509410791896446
1386 3.9406602168092966
1387 3.9406602168092966
1388 3.63313638501596
1389 3.63313638501596
1390 5.644753298160788
1391 5.644753298160788
1392 3.6186814477633846
1393 3.6186814477633846
1394 3.0073731324353563
1395 3.0073731324353563
1396 5.0408876734159636
1397 5.0408876734159636
1398 5.106479229613461
1399 5.106479229613461
1400 4.558418658675841
1401 4.558418658675841
1402 5.406777650902472
1403 5.406777650902472
1404 5.08291784391414
1405 5.08291784391414
1406 2.9639284620221935
1407 2.9639284620221935
1408 4.4686791185054755
1409 4.4686791185054755
1410 3.1273915230498464
1411 3.1273915230498464
1412 3.457998289077427
1413 3.457998289077427
1414 3.930290191310275
1415 3.930290191310275
1416 4.009135549873998
1417 4.009135549873998
1418 4.269664634783663
1419 4.269664634783663
1420 3.784784391574522
1421 3.784784391574522
1422 2.5043510929687853
1423 2.5043510929687853
1424 3.0720061303509714
1425 3.0720061303509714
1426 2.300220795185345
1427 2.300220795185345
1428 3.194393096681618
1429 3.194393096681618
1430 3.127407493273818
1431 3.127407493273818
1432 3.0349723967689304
1433 3.0349723967689304
1434 2.590542288915409
1435 2.590542288915409
1436 2.1082793307523535
1437 2.1082793307523535
1438 1.8516820051543128
1439 1.8516820051543128
1440 3.2287610409867074
1441 3.2287610409867074
1442 3.026923212227527
1443 3.026923212227527
1444 1.7268602746157629
1445 1.7268602746157629
1446 3.757345161392625
1447 3.757345161392625
1448 2.5249251299348923
1449 2.5249251299348923
1450 2.4569905142120514
1451 1.9259424675621444
1452 1.9259424675621444
1453 1.9166686727860698
1454 1.9166686727860698
1455 3.387301223273435
1456 3.387301223273435
1457 2.6792866630256897
1458 2.6792866630256897
1459 1.6823383127086524
1460 1.6823383127086524
1461 0.9066364010757164
1462 0.9066364010757164
1463 2.4497807741320488
1464 2.4497807741320488
1465 1.8399583632123315
1466 1.8399583632123315
1467 2.711108450207565
1468 2.711108450207565
1469 1.616341026149253
1470 1.616341026149253
1471 2.4010516444054937
1472 2.4010516444054937
1473 1.7221161619956267
1474 1.7221161619956267
1475 2.4482589709043046
1476 2.4482589709043046
1477 1.721996102024757
1478 1.721996102024757
1479 2.308850297556462
1480 2.308850297556462
1481 2.2367764334899034
1482 2.2367764334899034
1483 1.359755111082522
1484 1.359755111082522
1485 2.2320846503564886
1486 2.2320846503564886
1487 3.4060751371921123
1488 3.4060751371921123
1489 2.5417481406056384
1490 2.5417481406056384
1491 2.590732342833925
1492 2.590732342833925
1493 2.39813473504279
1494 2.39813473504279
1495 1.3869991781734414
1496 1.3869991781734414
1497 2.2719409032308318
1498 2.2719409032308318
1499 1.8710558455960324
1500 1.8710558455960324
1501 2.1719713387759354
1502 2.1719713387759354
1503 2.933149787585488
1504 2.933149787585488
1505 1.5969855189665338
1506 1.5969855189665338
1507 2.4801309669819065
1508 2.4801309669819065
1509 1.7257057964691467
1510 1.7257057964691467
1511 1.8283928639793612
1512 1.8283928639793612
1513 2.364559612349707
1514 2.364559612349707
1515 2.337045001880723
1516 2.337045001880723
1517 2.317251716699012
1518 2.317251716699012
1519 2.5773265834490906
1520 2.5773265834490906
1521 2.831685817075249
1522 2.831685817075249
1523 2.0325919183625403
1524 2.0325919183625403
1525 3.1202216015934807
1526 3.1202216015934807
1527 2.0175342304670716
1528 2.0175342304670716
1529 2.6666097032260745
1530 0.5575770381979526
1531 0.5575770381979526
1532 2.774945172052578
1533 2.774945172052578
1534 3.7037501061773637
1535 3.7037501061773637
1536 3.0372615330100343
1537 3.0372615330100343
1538 3.8324679413414557
1539 3.8324679413414557
1540 4.353400661396034
1541 4.353400661396034
1542 2.743089684625017
1543 2.743089684625017
1544 4.6129616317883055
1545 4.6129616317883055
1546 2.8683531110833114
1547 2.8683531110833114
1548 4.681146312410691
1549 4.681146312410691
1550 1.9581478779136678
1551 1.9581478779136678
1552 1.3254919597618549
1553 1.3254919597618549
1554 1.7248446532665347
1555 1.7248446532665347
1556 1.1787403940354506
1557 1.1787403940354506
1558 1.5962075337148145
1559 1.5962075337148145
1560 1.4040883886417763
1561 1.4040883886417763
1562 1.3027333090212185
1563 1.3027333090212185
1564 1.6602920809570805
1565 1.6602920809570805
1566 1.7276825696867362
1567 1.7276825696867362
1568 0.8766813777863623
1569 0.8766813777863623
1570 1.530142373879841
1571 1.530142373879841
1572 1.1004449826733773
1573 1.1004449826733773
1574 1.1827205757608494
1575 1.1827205757608494
1576 1.2845393193472259
1577 1.2845393193472259
1578 1.8371602048666718
1579 1.8371602048666718
1580 1.7174931258840338
1581 1.7174931258840338
1582 1.5467379218839237
1583 1.5467379218839237
1584 1.5016710552829435
1585 1.5016710552829435
1586 1.7770476885420956
1587 1.7770476885420956
1588 1.7257380499993102
1589 1.7257380499993102
1590 1.2509654903334648
1591 1.2509654903334648
1592 2.3490923586759407
1593 2.3490923586759407
1594 1.61095232181915
1595 1.61095232181915
1596 0.9880114357019073
1597 3.3543109534304065
1598 3.3543109534304065
1599 3.9759341203030636
1600 3.9759341203030636
1601 2.552515964883751
1602 2.552515964883751
1603 3.5198463885748046
1604 3.5198463885748046
1605 3.7020428071401414
1606 3.7020428071401414
1607 3.709488945720622
1608 3.709488945720622
1609 2.525031962959382
1610 2.525031962959382
1611 2.8547221236526905
1612 2.8547221236526905
1613 2.5502280428179267
1614 2.5502280428179267
1615 2.779986011209779
1616 2.779986011209779
1617 4.0765957311308005
1618 4.0765957311308005
1619 4.6821756475295615
1620 4.6821756475295615
1621 4.470808925649612
1622 4.470808925649612
1623 3.6661702581401094
1624 3.6661702581401094
1625 3.9941482574821605
1626 3.9941482574821605
1627 2.950919439034425
1628 2.950919439034425
1629 1.364104100005437
1630 1.364104100005437
1631 2.2220559260144856
1632 2.2220559260144856
1633 2.4272102828707234
1634 2.4272102828707234
1635 4.2659851153685215
1636 4.2659851153685215
1637 2.1919669422288077
1638 2.1919669422288077
1639 0.8434012818861079
1640 0.8434012818861079
1641 3.8345737431935696
1642 3.8345737431935696
1643 3.079387741243014
1644 3.079387741243014
1645 4.591036625950329
1646 4.591036625950329
1647 2.3269284441618523
1648 2.3269284441618523
1649 3.301590195390447
1650 3.301590195390447
1651 2.5993420646095204
1652 2.5993420646095204
1653 2.481023119491791
1654 2.481023119491791
1655 4.711129504060597
1656 4.711129504060597
1657 4.32661771902985
1658 4.32661771902985
1659 3.503290113824089
1660 3.503290113824089
1661 4.215242324925718
1662 4.215242324925718
1663 3.038596299607651
1664 3.038596299607651
1665 4.808133889472568
1666 4.808133889472568
1667 2.753492189068818
1668 2.753492189068818
1669 4.1376316567551035
1670 4.1376316567551035
1671 3.593750412617239
1672 3.593750412617239
1673 3.372863871685616
1674 3.372863871685616
1675 2.9225898636257246
1676 2.9225898636257246
1677 2.809832243710746
1678 2.809832243710746
1679 3.6501365840585143
1680 3.6501365840585143
1681 3.9265403348136285
1682 3.9265403348136285
1683 2.583856074480386
1684 2.583856074480386
1685 3.2195670154658194
1686 3.2195670154658194
1687 1.656634906012375
1688 1.656634906012375
1689 4.524939803173256
1690 4.524939803173256
1691 3.670855410828559
1692 3.670855410828559
1693 3.966609608644299
1694 3.966609608644299
1695 3.8161163473033652
1696 3.8161163473033652
1697 2.037446175484426
1698 2.037446175484426
1699 3.0914605876123815
1700 3.0914605876123815
1701 4.376312183431594
1702 4.376312183431594
1703 2.587721586882097
1704 2.587721586882097
1705 3.1669005899894183
1706 3.1669005899894183
1707 3.701705552799056
1708 3.701705552799056
1709 3.2615121681783457
1710 3.2615121681783457
1711 3.425490976942726
1712 3.425490976942726
1713 1.9564900426778122
1714 1.9564900426778122
1715 4.192476949652206
1716 4.192476949652206
1717 2.006044725489505
1718 2.006044725489505
1719 3.1408670634773714
1720 3.1408670634773714
1721 1.7047374922299332
1722 1.7047374922299332
1723 2.538170174764891
1724 2.538170174764891
1725 2.039279161155257
1726 2.039279161155257
1727 2.0773389639488173
1728 2.0773389639488173
1729 1.7771237773569135
1730 1.7771237773569135
1731 2.1573069169822463
1732 2.1573069169822463
1733 1.6374793426686933
1734 1.6374793426686933
1735 1.551954356992652
1736 1.551954356992652
1737 2.39403541676628
1738 2.39403541676628
1739 1.6657972813477084
1740 1.6657972813477084
1741 2.0432977962417986
1742 2.0432977962417986
1743 1.0451258156664829
1744 1.0451258156664829
1745 1.542101825224676
1746 1.542101825224676
1747 2.9871025124407375
1748 2.9871025124407375
1749 2.986514234426705
1750 2.986514234426705
1751 3.1359638565172565
1752 3.1359638565172565
1753 5.445024862365475
1754 5.445024862365475
1755 2.1103880360969116
1756 2.1103880360969116
1757 4.049932280934848
1758 4.049932280934848
1759 0.9726172371682866
1760 0.9726172371682866
1761 1.405103575228636
1762 1.405103575228636
1763 0.8996828518902662
1764 0.8996828518902662
1765 1.7234145429371437
1766 1.7234145429371437
1767 0.8583940941267798
1768 0.21705429419658287
1769 0.21705429419658287
1770 0.19977028787081644
1771 0.19977028787081644
1772 0.1590711514413094
1773 0.1590711514413094
1774 0.2795331166944971
1775 0.2795331166944971
1776 0.19908361722295415
1777 0.19908361722295415
1778 0.12296739362182586
1779 0.12296739362182586
1780 0.18373913936601471
1781 0.18373913936601471
1782 0.2601755428666628
1783 0.2601755428666628
1784 0.13283105113876764
1785 0.13283105113876764
1786 0.225845038792621
1787 0.225845038792621
1788 0.2538802594494572
1789 0.2538802594494572
1790 2.9367435772578276
1791 2.9367435772578276
1792 1.7910270765305183
1793 1.7910270765305183
1794 2.7180706513467987
1795 2.7180706513467987
1796 1.7384218399998401
1797 1.7384218399998401
1798 1.8662349331661383
1799 1.8662349331661383
1800 1.9146513889194818
1801 1.9146513889194818
1802 3.6001664558720843
1803 3.6001664558720843
1804 2.535005950974978
1805 2.535005950974978
1806 1.8655568226414512
1807 1.8655568226414512
1808 2.334857333699528
1809 2.334857333699528
1810 7.158625971860985
1811 7.158625971860985
1812 3.9435004618041267
1813 3.9435004618041267
1814 4.058546620856827
1815 4.058546620856827
1816 5.366937109706501
1817 2.391481407534073
1818 2.391481407534073
1819 3.025871371836968
1820 3.025871371836968
1821 1.295097070204545
1822 1.295097070204545
1823 2.7414784439037043
1824 2.7414784439037043
1825 2.6680427479510422
1826 2.6680427479510422
1827 2.0386997406003724
1828 2.0386997406003724
1829 2.8159235731920176
1830 2.8159235731920176
1831 2.452984042315119
1832 2.452984042315119
1833 2.5873604577365854
1834 2.5873604577365854
1835 2.1799687550602154
1836 2.1799687550602154
1837 2.175841834930486
1838 2.175841834930486
1839 2.1713848579576287
1840 2.1713848579576287
1841 2.500584599983678
1842 2.500584599983678
1843 2.9823955429797904
1844 2.9823955429797904
1845 1.8323710870524819
1846 1.8323710870524819
1847 2.3915574206399146
1848 2.3915574206399146
1849 1.6361435981921817
1850 1.6361435981921817
1851 2.4895073181924574
1852 2.4895073181924574
1853 2.4093444971986675
1854 2.4093444971986675
1855 3.3362823899433804
1856 3.3362823899433804
1857 2.2136802349897216
1858 2.2136802349897216
1859 2.416634165639475
1860 2.416634165639475
1861 4.060640887867906
1862 4.060640887867906
1863 4.550962174336269
1864 4.550962174336269
1865 2.787578126881557
1866 2.787578126881557
1867 2.1087695877277772
1868 2.1087695877277772
1869 1.1275096821622483
1870 1.1275096821622483
1871 2.482565159899224
1872 2.482565159899224
1873 0.717062931925978
1874 0.717062931925978
1875 3.0879044931196997
1876 3.0879044931196997
1877 2.481562361534336
1878 2.481562361534336
1879 2.177642794559622
1880 2.177642794559622
1881 2.743243110895252
1882 2.743243110895252
1883 2.616115471006964
1884 2.616115471006964
1885 1.9117906057507308
1886 1.9117906057507308
1887 2.734444701466086
1888 2.734444701466086
1889 2.859693607844268
1890 2.859693607844268
1891 1.7142114721148554
1892 1.7142114721148554
1893 2.242251980352248
1894 2.242251980352248
1895 3.464631091875828
1896 3.464631091875828
1897 3.3261605987013056
1898 3.3261605987013056
1899 3.284074315442426
1900 3.284074315442426
1901 2.511557409639089
1902 2.511557409639089
1903 2.3579616474470764
1904 2.3579616474470764
1905 2.6046981927135744
1906 2.6046981927135744
1907 2.139191981488196
1908 2.139191981488196
1909 2.8492516317212444
1910 2.8492516317212444
1911 2.610780732260028
1912 2.610780732260028
1913 3.8611516941712374
1914 3.8611516941712374
1915 2.8262355081395016
1916 1.0566301646571858
1917 1.0566301646571858
1918 1.7090141403100936
1919 1.7090141403100936
1920 1.6526654675148975
1921 1.6526654675148975
1922 1.8043973093969325
1923 1.8043973093969325
1924 1.7667407099665637
1925 1.7667407099665637
1926 2.9669646781030243
1927 2.9669646781030243
1928 3.7874118360012425
1929 3.7874118360012425
1930 4.236423923977432
1931 4.236423923977432
1932 5.105145006125342
1933 5.105145006125342
1934 4.135346106128662
1935 4.135346106128662
1936 4.605759178400922
1937 4.605759178400922
1938 3.1500520468175224
1939 3.1500520468175224
1940 3.798875678519378
1941 3.798875678519378
1942 2.7838539342822077
1943 2.7838539342822077
1944 1.342581623515592
1945 1.342581623515592
1946 2.8105042571274472
1947 2.8105042571274472
1948 2.3549079436203453
1949 2.3549079436203453
1950 3.149690822560761
1951 3.149690822560761
1952 5.214722231000392
1953 5.214722231000392
1954 0.7522939049709543
1955 0.7522939049709543
1956 1.2216845941417243
1957 1.2216845941417243
1958 1.265919374184199
1959 1.265919374184199
1960 0.9075908857447939
1961 0.9075908857447939
1962 1.2522853201552966
1963 1.2522853201552966
1964 1.1661384302112356
1965 1.1661384302112356
1966 1.0747825096351837
1967 1.0747825096351837
1968 1.0301149377092034
1969 1.0301149377092034
1970 1.0515160311615284
1971 1.0515160311615284
1972 0.6304490296739328
1973 0.6304490296739328
1974 0.6824259074986392
1975 0.6824259074986392
1976 1.4895471500208193
1977 4.257502827709774
1978 4.257502827709774
1979 3.6831317519381166
1980 3.6831317519381166
1981 3.4921841677449814
1982 3.4921841677449814
1983 4.030804145909318
1984 4.030804145909318
1985 2.666752734413093
1986 2.666752734413093
1987 3.6109575532698757
1988 3.6109575532698757
1989 1.6484518329126474
1990 1.6484518329126474
1991 3.7412616975317374
1992 3.7412616975317374
1993 2.5186822928360963
1994 2.5186822928360963
1995 3.2724792816687156
1996 3.2724792816687156
1997 2.4533942880070354
1998 2.4533942880070354
1999 4.102479494295455
