0 2.5108577087145023
1 2.5108577087145023
2 2.5108577087145023
3 3.154437819425064
4 3.154437819425064
5 3.154437819425064
6 1.5983892235048298
7 1.5983892235048298
8 1.5983892235048298
9 3.0984948611210785
10 3.0984948611210785
11 3.0984948611210785
12 2.2161637707082944
13 2.2161637707082944
14 2.2161637707082944
15 2.775481947502097
16 2.775481947502097
17 2.775481947502097
18 4.096016235352664
19 4.096016235352664
20 4.096016235352664
21 1.2845331288350892
22 1.2845331288350892
23 1.2845331288350892
24 3.2467316848576493
25 3.2467316848576493
26 3.2467316848576493
27 2.3689380738362047
28 2.3689380738362047
29 2.3689380738362047
30 1.7493108914666213
31 1.7493108914666213
32 1.7493108914666213
33 2.063598029477394
34 2.063598029477394
35 2.063598029477394
36 4.088209675687381
37 4.088209675687381
38 4.088209675687381
39 2.8867406447023116
40 2.8867406447023116
41 2.8867406447023116
42 2.668174794523349
43 2.668174794523349
44 2.668174794523349
45 2.823897461356433
46 2.823897461356433
47 2.823897461356433
48 4.455311791556355
49 4.455311791556355
50 4.455311791556355
51 1.8273856129253672
52 1.8273856129253672
53 1.8273856129253672
54 2.736861286657157
55 2.736861286657157
56 2.736861286657157
57 4.444020350309561
58 4.444020350309561
59 4.444020350309561
60 3.7422421996877464
61 3.7422421996877464
62 3.7422421996877464
63 4.437798801961165
64 4.437798801961165
65 4.437798801961165
66 1.5754872812288216
67 1.5754872812288216
68 1.5754872812288216
69 2.23197086146968
70 2.23197086146968
71 2.23197086146968
72 1.9028779899084147
73 1.9028779899084147
74 1.9028779899084147
75 2.698345323340127
76 2.698345323340127
77 2.698345323340127
78 3.484067476773712
79 3.484067476773712
80 3.484067476773712
81 2.763582739643669
82 2.763582739643669
83 2.763582739643669
84 3.341554127395598
85 3.341554127395598
86 3.341554127395598
87 3.128442594483688
88 3.128442594483688
89 3.128442594483688
90 1.8915299298310833
91 1.8915299298310833
92 1.8915299298310833
93 2.779344136639845
94 2.779344136639845
95 2.779344136639845
96 3.7664784925331225
97 3.7664784925331225
98 3.7664784925331225
99 2.7970267078807067
100 2.7970267078807067
101 2.7970267078807067
102 2.6790691566153697
103 2.6790691566153697
104 2.6790691566153697
105 3.935141171324865
106 3.935141171324865
107 3.935141171324865
108 3.2714429347957044
109 3.2714429347957044
110 3.2714429347957044
111 3.103378286408765
112 3.103378286408765
113 3.103378286408765
114 3.277491602102359
115 3.277491602102359
116 3.277491602102359
117 2.7492518208326198
118 2.7492518208326198
119 2.7492518208326198
120 2.786310441739294
121 2.786310441739294
122 0.6027906873262544
123 0.6027906873262544
124 0.6027906873262544
125 0.617323523858042
126 0.617323523858042
127 0.617323523858042
128 0.694597066181763
129 0.694597066181763
130 0.694597066181763
131 0.3104173500250125
132 0.3104173500250125
133 0.3104173500250125
134 0.734047242454366
135 0.734047242454366
136 0.734047242454366
137 0.7071796978750181
138 0.7071796978750181
139 0.7071796978750181
140 0.6646313380271107
141 0.6646313380271107
142 0.6646313380271107
143 0.4905384413665336
144 0.4905384413665336
145 4.02132061138352
146 4.02132061138352
147 4.02132061138352
148 3.2718974441259343
149 3.2718974441259343
150 3.2718974441259343
151 3.1002221241781838
152 3.1002221241781838
153 3.1002221241781838
154 3.9278511685618303
155 3.9278511685618303
156 3.9278511685618303
157 2.6240609655505436
158 2.6240609655505436
159 2.6240609655505436
160 3.8616505725354027
161 3.8616505725354027
162 3.8616505725354027
163 3.826352337130267
164 3.826352337130267
165 3.826352337130267
166 4.349598629742887
167 4.349598629742887
168 4.349598629742887
169 3.6942643492453895
170 3.6942643492453895
171 3.6942643492453895
172 4.544363170730857
173 4.544363170730857
174 4.544363170730857
175 4.87753712308742
176 4.87753712308742
177 4.87753712308742
178 3.198137693700854
179 3.198137693700854
180 3.198137693700854
181 2.917439887078509
182 2.917439887078509
183 2.917439887078509
184 4.646120823727536
185 4.646120823727536
186 4.646120823727536
187 4.683625245844323
188 4.683625245844323
189 4.683625245844323
190 2.4839970049252846
191 2.4839970049252846
192 2.4839970049252846
193 4.9464821370933745
194 4.9464821370933745
195 4.9464821370933745
196 4.300561138529552
197 4.300561138529552
198 4.300561138529552
199 3.7770089496314143
200 3.7770089496314143
201 3.7770089496314143
202 2.5524699506307384
203 2.5524699506307384
204 2.5524699506307384
205 3.2599908157045934
206 3.2599908157045934
207 3.2599908157045934
208 4.19303175900229
209 4.19303175900229
210 4.19303175900229
211 4.5891139906600475
212 4.5891139906600475
213 4.5891139906600475
214 2.703807527066588
215 2.703807527066588
216 0.7220677295300816
217 0.7220677295300816
218 0.7220677295300816
219 0.8687723310098021
220 0.8687723310098021
221 0.8687723310098021
222 1.3026892565167776
223 1.3026892565167776
224 1.3026892565167776
225 1.4728847136321723
226 1.4728847136321723
227 1.4728847136321723
228 2.159000089454423
229 2.159000089454423
230 2.159000089454423
231 1.0696558264704672
232 1.0696558264704672
233 1.0696558264704672
234 1.6241951628244369
235 1.6241951628244369
236 1.6241951628244369
237 1.2938091114819257
238 1.2938091114819257
239 1.2938091114819257
240 1.662308130972288
241 1.662308130972288
242 1.662308130972288
243 1.7933963901143728
244 1.7933963901143728
245 1.7933963901143728
246 1.213109903215837
247 1.213109903215837
248 1.213109903215837
249 1.6388310604335714
250 1.6388310604335714
251 1.6388310604335714
252 1.535963249381465
253 1.535963249381465
254 1.535963249381465
255 1.7176759335580896
256 1.7176759335580896
257 1.7176759335580896
258 1.5395173461511624
259 1.5395173461511624
260 1.5395173461511624
261 1.598914258030485
262 1.598914258030485
263 1.598914258030485
264 1.1321821247334187
265 1.1321821247334187
266 1.1321821247334187
267 1.5169590143860863
268 1.5169590143860863
269 1.5169590143860863
270 1.1365965496381354
271 1.1365965496381354
272 1.1365965496381354
273 1.58289944114206
274 1.58289944114206
275 1.58289944114206
276 1.444812989377246
277 1.444812989377246
278 1.444812989377246
279 1.3188954771651766
280 1.3188954771651766
281 1.3188954771651766
282 2.3789830605265867
283 2.3789830605265867
284 2.3789830605265867
285 1.486531634870571
286 1.486531634870571
287 1.486531634870571
288 1.631033826757142
289 1.631033826757142
290 1.631033826757142
291 1.9733838464163103
292 1.9733838464163103
293 1.9733838464163103
294 1.902549643310822
295 1.902549643310822
296 1.902549643310822
297 1.6697449726665132
298 1.6697449726665132
299 1.6697449726665132
300 1.739550046158645
301 1.739550046158645
302 1.739550046158645
303 1.6135224776603823
304 1.6135224776603823
305 1.6135224776603823
306 1.4946147199402984
307 3.2075441136826317
308 3.2075441136826317
309 3.2075441136826317
310 3.890653895644455
311 3.890653895644455
312 3.890653895644455
313 3.8416024394692077
314 3.8416024394692077
315 3.8416024394692077
316 2.629397289137694
317 2.629397289137694
318 2.629397289137694
319 3.2016487869852917
320 3.2016487869852917
321 3.2016487869852917
322 3.3758202274179254
323 3.3758202274179254
324 3.3758202274179254
325 2.2072709719330375
326 2.2072709719330375
327 2.2072709719330375
328 4.1535770399149285
329 4.1535770399149285
330 4.1535770399149285
331 3.5931333209354985
332 3.5931333209354985
333 3.5931333209354985
334 4.443895917433451
335 4.443895917433451
336 4.443895917433451
337 3.427712212875542
338 3.427712212875542
339 3.427712212875542
340 3.8489058648270564
341 3.8489058648270564
342 3.8489058648270564
343 3.7812267903074694
344 3.7812267903074694
345 3.7812267903074694
346 2.3214775106704244
347 2.3214775106704244
348 2.3214775106704244
349 3.2153767216486715
350 3.2153767216486715
351 3.2153767216486715
352 2.272730243619413
353 2.272730243619413
354 2.272730243619413
355 4.036862581157901
356 4.036862581157901
357 4.036862581157901
358 3.6392028052188996
359 3.6392028052188996
360 3.6392028052188996
361 3.542783751179673
362 3.542783751179673
363 3.542783751179673
364 3.669317769729333
365 3.669317769729333
366 3.669317769729333
367 3.022777542865045
368 3.022777542865045
369 3.022777542865045
370 2.7905807362140185
371 2.7905807362140185
372 2.7905807362140185
373 3.8877661666025576
374 3.8877661666025576
375 3.8877661666025576
376 3.238656508902322
377 3.238656508902322
378 3.238656508902322
379 3.8919532828893386
380 3.8919532828893386
381 3.8919532828893386
382 3.787799656085803
383 3.787799656085803
384 3.787799656085803
385 3.4827808264812514
386 3.4827808264812514
387 3.4827808264812514
388 2.9318236463071425
389 2.9318236463071425
390 2.9318236463071425
391 3.2369321690116837
392 3.2369321690116837
393 3.2369321690116837
394 3.4347980328666337
395 3.4347980328666337
396 3.4347980328666337
397 4.107787497266748
398 4.107787497266748
399 4.107787497266748
400 3.979757136302644
401 3.979757136302644
402 3.979757136302644
403 2.81109997240801
404 2.81109997240801
405 2.81109997240801
406 3.5724060803940456
407 3.5724060803940456
408 3.5724060803940456
409 3.528493175267982
410 3.528493175267982
411 3.528493175267982
412 3.0629706259785574
413 3.0629706259785574
414 3.0629706259785574
415 3.7162165445163544
416 3.7162165445163544
417 3.7162165445163544
418 2.8399210886743003
419 2.8399210886743003
420 2.8399210886743003
421 3.190266402813411
422 3.190266402813411
423 3.190266402813411
424 3.1973352765151493
425 3.1973352765151493
426 3.1973352765151493
427 3.9912311386621493
428 3.9912311386621493
429 3.9912311386621493
430 4.959467134567637
431 4.959467134567637
432 4.959467134567637
433 4.1822934784739045
434 4.1822934784739045
435 4.1822934784739045
436 3.7884836571340474
437 3.7884836571340474
438 3.7884836571340474
439 3.53626311836914
440 3.53626311836914
441 3.53626311836914
442 4.030785534185099
443 4.030785534185099
444 4.030785534185099
445 2.7473667640789476
446 2.7473667640789476
447 2.7473667640789476
448 3.9693852661469915
449 3.9693852661469915
450 3.9693852661469915
451 4.139494832665157
452 4.139494832665157
453 4.139494832665157
454 3.277598829462566
455 3.277598829462566
456 3.277598829462566
457 3.396417685164028
458 3.396417685164028
459 3.396417685164028
460 2.592203236055581
461 2.592203236055581
462 2.592203236055581
463 4.635251595710119
464 4.635251595710119
465 4.635251595710119
466 4.157379419192853
467 4.157379419192853
468 4.157379419192853
469 3.3705678056043875
470 3.3705678056043875
471 3.3705678056043875
472 3.1829507489077216
473 3.1829507489077216
474 3.1829507489077216
475 4.308629302778198
476 4.308629302778198
477 4.308629302778198
478 4.863395967195866
479 4.863395967195866
480 4.863395967195866
481 3.4175403166268206
482 3.4175403166268206
483 3.4175403166268206
484 4.544195411630061
485 4.544195411630061
486 4.544195411630061
487 1.9324827105472435
488 1.9324827105472435
489 1.9324827105472435
490 2.1579612365008725
491 2.1579612365008725
492 2.1579612365008725
493 2.062128680827483
494 2.062128680827483
495 2.062128680827483
496 2.835727134390739
497 2.835727134390739
498 2.835727134390739
499 2.2471157826771724
500 2.2471157826771724
501 2.2471157826771724
502 2.3906097736973506
503 2.3906097736973506
504 2.3906097736973506
505 1.9477111867574886
506 1.9477111867574886
507 1.9477111867574886
508 1.5514182975268127
509 1.5514182975268127
510 1.5514182975268127
511 2.24691339675532
512 2.24691339675532
513 2.24691339675532
514 1.5730025178812501
515 1.5730025178812501
516 1.5730025178812501
517 2.0548091335339445
518 2.0548091335339445
519 2.0548091335339445
520 1.5069332355022107
521 1.5069332355022107
522 1.5069332355022107
523 1.8570953434268744
524 1.8570953434268744
525 1.8570953434268744
526 1.9312695040307124
527 1.9312695040307124
528 1.9312695040307124
529 1.9687907302127823
530 1.9687907302127823
531 1.9687907302127823
532 2.298280117396076
533 2.298280117396076
534 2.298280117396076
535 1.3699449367489085
536 1.3699449367489085
537 1.3699449367489085
538 2.1096651657843983
539 2.1096651657843983
540 2.1096651657843983
541 1.6723595570277348
542 1.6723595570277348
543 1.6723595570277348
544 2.781296045131539
545 2.781296045131539
546 2.781296045131539
547 1.6807008307971152
548 1.6807008307971152
549 1.6807008307971152
550 1.8316079017056222
551 1.8316079017056222
552 1.8316079017056222
553 2.5795513474821425
554 2.5795513474821425
555 2.5795513474821425
556 1.2075948630675202
557 1.2075948630675202
558 1.2075948630675202
559 1.7093546869232932
560 0.5807169208446251
561 0.5807169208446251
562 0.5807169208446251
563 0.7504622197383612
564 0.7504622197383612
565 0.7504622197383612
566 0.6256054155318516
567 0.6256054155318516
568 0.6256054155318516
569 0.5596714260200673
570 0.5596714260200673
571 0.5596714260200673
572 0.5691278922135706
573 0.5691278922135706
574 0.5691278922135706
575 0.6592508176451959
576 0.6592508176451959
577 0.6592508176451959
578 0.46566045952505
579 0.46566045952505
580 0.46566045952505
581 0.623563973962311
582 0.623563973962311
583 0.623563973962311
584 0.9279238751423258
585 0.9279238751423258
586 0.9279238751423258
587 0.9071285124119992
588 0.9071285124119992
589 0.9071285124119992
590 0.591569992021713
591 0.591569992021713
592 0.591569992021713
593 0.6587234848191699
594 0.6587234848191699
595 0.6587234848191699
596 0.3806876130084392
597 0.3806876130084392
598 0.3806876130084392
599 0.3420947012305053
600 0.3420947012305053
601 0.3420947012305053
602 0.6312675493764315
603 0.6312675493764315
604 0.6312675493764315
605 0.8042938123545976
606 0.8042938123545976
607 0.8042938123545976
608 0.5440658087467837
609 0.5440658087467837
610 0.5440658087467837
611 0.8183359146726082
612 0.8183359146726082
613 0.8183359146726082
614 0.7981366584585926
615 0.7981366584585926
616 0.7981366584585926
617 0.5460873884131447
618 0.5460873884131447
619 0.5460873884131447
620 0.49782294123084414
621 0.49782294123084414
622 0.49782294123084414
623 0.7185586461445974
624 0.7185586461445974
625 0.7185586461445974
626 0.6481957475643992
627 0.6481957475643992
628 0.6481957475643992
629 0.44021682411407587
630 0.44021682411407587
631 0.44021682411407587
632 0.39622931982009907
633 0.39622931982009907
634 0.39622931982009907
635 0.6702358290448572
636 0.6702358290448572
637 0.6702358290448572
638 0.6374757447730163
639 0.6374757447730163
640 0.6374757447730163
641 0.5305662050943158
642 0.5305662050943158
643 0.5305662050943158
644 0.3319966591300691
645 0.3319966591300691
646 0.3319966591300691
647 0.7570974364514305
648 0.7570974364514305
649 0.7570974364514305
650 0.8251363900603406
651 0.8251363900603406
652 0.8251363900603406
653 0.580005601741287
654 0.580005601741287
655 0.580005601741287
656 0.6464244973049017
657 0.6464244973049017
658 0.6464244973049017
659 1.047034220139795
660 1.047034220139795
661 1.047034220139795
662 0.8146824622941835
663 0.8146824622941835
664 0.8146824622941835
665 0.8519291024064577
666 0.8519291024064577
667 0.8519291024064577
668 0.6550711737823509
669 0.6550711737823509
670 0.6550711737823509
671 0.7666436732806381
672 0.7666436732806381
673 0.7666436732806381
674 0.5707767306463725
675 0.5707767306463725
676 0.5707767306463725
677 0.7619990589934902
678 0.7619990589934902
679 0.7619990589934902
680 0.6650542495107675
681 0.6650542495107675
682 0.6650542495107675
683 0.45899266351951973
684 0.45899266351951973
685 0.45899266351951973
686 0.8551189832257512
687 0.8551189832257512
688 0.8551189832257512
689 0.6558282680944861
690 0.6558282680944861
691 0.6558282680944861
692 0.7512107384603115
693 0.7512107384603115
694 0.7512107384603115
695 0.7711166796441739
696 0.7711166796441739
697 0.7711166796441739
698 0.5045316038879546
699 0.5045316038879546
700 0.5045316038879546
701 0.8593851216604286
702 0.8593851216604286
703 0.8593851216604286
704 0.9442548908999149
705 0.9442548908999149
706 0.9442548908999149
707 0.5902413439962895
708 0.5902413439962895
709 0.5902413439962895
710 0.5462347925571498
711 0.5462347925571498
712 0.5462347925571498
713 0.36555617748156666
714 0.36555617748156666
715 0.36555617748156666
716 0.4944285150474166
717 0.4944285150474166
718 0.4944285150474166
719 0.7362357673480784
720 0.7362357673480784
721 0.7362357673480784
722 0.6106677485840901
723 2.0547616083080555
724 2.0547616083080555
725 2.0547616083080555
726 2.259155282761179
727 2.259155282761179
728 2.259155282761179
729 2.191263343027007
730 2.191263343027007
731 2.191263343027007
732 2.1175642494028426
733 2.1175642494028426
734 2.1175642494028426
735 1.8888559569615448
736 1.8888559569615448
737 1.8888559569615448
738 1.3778413145851793
739 1.3778413145851793
740 1.3778413145851793
741 1.8677404278538832
742 1.8677404278538832
743 1.8677404278538832
744 3.104720341347985
745 3.104720341347985
746 3.104720341347985
747 2.507896965591859
748 2.507896965591859
749 2.507896965591859
750 1.5872358952620913
751 1.5872358952620913
752 1.5872358952620913
753 1.9417932203364556
754 1.9417932203364556
755 1.9417932203364556
756 2.1619997720667095
757 2.1619997720667095
758 2.1619997720667095
759 2.0843317491459623
760 2.0843317491459623
761 2.0843317491459623
762 2.2873329957647996
763 2.2873329957647996
764 2.2873329957647996
765 2.0002949387666877
766 2.0002949387666877
767 2.0002949387666877
768 2.9195911186581203
769 2.9195911186581203
770 2.9195911186581203
771 3.2180619061560556
772 3.2180619061560556
773 3.2180619061560556
774 3.810264271543534
775 3.810264271543534
776 3.810264271543534
777 1.7435259137484993
778 1.7435259137484993
779 1.7435259137484993
780 2.613454071707796
781 2.613454071707796
782 2.613454071707796
783 2.9267104695100494
784 2.9267104695100494
785 2.9267104695100494
786 2.1928180167124145
787 2.1928180167124145
788 2.1928180167124145
789 3.8053128747115306
790 3.8053128747115306
791 3.8053128747115306
792 3.7349851600922808
793 3.7349851600922808
794 3.7349851600922808
795 1.7885461116315124
796 1.7885461116315124
797 1.7885461116315124
798 3.0170059638338467
799 3.0170059638338467
800 3.0170059638338467
801 3.0188310616265834
802 3.0188310616265834
803 3.0188310616265834
804 3.4086386028112976
805 3.4086386028112976
806 3.4086386028112976
807 3.303471615365157
808 3.303471615365157
809 3.303471615365157
810 2.619086118059214
811 2.619086118059214
812 2.619086118059214
813 1.8210649319152221
814 1.8210649319152221
815 1.8210649319152221
816 3.858335986839526
817 3.858335986839526
818 3.858335986839526
819 2.0933324546172285
820 2.0933324546172285
821 2.0933324546172285
822 3.211523999530966
823 3.211523999530966
824 3.211523999530966
825 2.405115400563594
826 2.405115400563594
827 2.405115400563594
828 3.566750089603033
829 3.566750089603033
830 3.566750089603033
831 2.806188691326728
832 2.806188691326728
833 2.806188691326728
834 2.2790220353394033
835 2.2790220353394033
836 2.2790220353394033
837 3.738847114287168
838 3.738847114287168
839 3.738847114287168
840 3.7594959971871895
841 3.7594959971871895
842 3.7594959971871895
843 2.4842349120473655
844 2.4842349120473655
845 2.4842349120473655
846 3.01728844915884
847 3.01728844915884
848 3.01728844915884
849 3.3621462392337955
850 3.3621462392337955
851 3.3621462392337955
852 2.802259114117185
853 2.802259114117185
854 2.802259114117185
855 2.488175419929232
856 2.488175419929232
857 2.488175419929232
858 2.766595677701573
859 2.766595677701573
860 2.766595677701573
861 4.104112806509031
862 4.104112806509031
863 4.104112806509031
864 3.1055335447745884
865 3.1055335447745884
866 3.1055335447745884
867 2.909608223081767
868 2.909608223081767
869 2.909608223081767
870 2.7968889138493433
871 2.7968889138493433
872 2.7968889138493433
873 2.5798502674916417
874 2.5798502674916417
875 2.5798502674916417
876 2.6422537639682875
877 2.6422537639682875
878 2.6422537639682875
879 3.831340019298896
880 3.831340019298896
881 3.831340019298896
882 3.117988402082501
883 3.117988402082501
884 3.117988402082501
885 2.9961925447908193
886 2.9961925447908193
887 2.9961925447908193
888 3.1584963206217216
889 3.1584963206217216
890 3.1584963206217216
891 2.479624985879204
892 2.479624985879204
893 2.479624985879204
894 3.2352479948414365
895 3.2352479948414365
896 3.2352479948414365
897 2.1335204271462485
898 2.1335204271462485
899 2.1335204271462485
900 2.7931809186719874
901 2.7931809186719874
902 2.7931809186719874
903 4.156813958361081
904 4.156813958361081
905 4.156813958361081
906 3.168551125433556
907 3.168551125433556
908 3.168551125433556
909 4.426646127241048
910 4.426646127241048
911 4.426646127241048
912 3.1970975360384486
913 3.1970975360384486
914 3.1970975360384486
915 3.8533294573400045
916 3.8533294573400045
917 3.8533294573400045
918 2.3712684218473044
919 2.3712684218473044
920 2.3712684218473044
921 2.979625683273225
922 2.979625683273225
923 2.979625683273225
924 3.648061035904949
925 3.648061035904949
926 3.648061035904949
927 2.3808933140279764
928 2.3808933140279764
929 2.3808933140279764
930 2.396220158101898
931 2.396220158101898
932 2.396220158101898
933 2.206732548340367
934 2.206732548340367
935 2.206732548340367
936 3.3022492586148764
937 3.3022492586148764
938 3.3022492586148764
939 2.4138622238964516
940 2.4138622238964516
941 2.4138622238964516
942 2.1744769992825055
943 2.1744769992825055
944 2.1744769992825055
945 1.7974552502906675
946 1.7974552502906675
947 1.7974552502906675
948 3.008797324835637
949 3.008797324835637
950 3.008797324835637
951 2.92131819321674
952 2.92131819321674
953 2.92131819321674
954 3.970872588990919
955 3.970872588990919
956 3.970872588990919
957 2.982692369496162
958 2.982692369496162
959 2.982692369496162
960 3.4203824884246896
961 3.4203824884246896
962 3.4203824884246896
963 1.9739806980702925
964 1.9739806980702925
965 1.9739806980702925
966 2.730103059856475
967 2.730103059856475
968 2.730103059856475
969 2.0091150597486207
970 2.0091150597486207
971 2.0091150597486207
972 1.3192144519340392
973 1.3192144519340392
974 1.3192144519340392
975 2.2117804687205354
976 2.2117804687205354
977 2.2117804687205354
978 2.4129020198133224
979 2.4129020198133224
980 2.4129020198133224
981 3.444378602361006
982 1.5597885846199666
983 1.5597885846199666
984 1.5597885846199666
985 1.3507614161875157
986 1.3507614161875157
987 1.3507614161875157
988 1.9487118360052005
989 1.9487118360052005
990 1.9487118360052005
991 1.6667971757443447
992 1.6667971757443447
993 1.6667971757443447
994 1.8822595686692196
995 1.8822595686692196
996 1.8822595686692196
997 1.743989171013336
998 1.743989171013336
999 1.743989171013336
1000 1.1229749329915846
1001 1.1229749329915846
1002 1.1229749329915846
1003 1.657309625554996
1004 1.657309625554996
1005 1.657309625554996
1006 2.113678233912591
1007 2.113678233912591
1008 2.113678233912591
1009 1.5193116229864072
1010 1.5193116229864072
1011 1.5193116229864072
1012 1.9211370859552361
1013 1.9211370859552361
1014 1.9211370859552361
1015 1.2686510783756915
1016 1.2686510783756915
1017 1.2686510783756915
1018 1.4830341093997061
1019 1.4830341093997061
1020 1.4830341093997061
1021 1.7327374509114473
1022 1.7327374509114473
1023 1.7327374509114473
1024 2.1505180695089576
1025 2.1505180695089576
1026 2.1505180695089576
1027 1.4639933308738557
1028 1.4639933308738557
1029 1.4639933308738557
1030 1.9506534066777037
1031 1.9506534066777037
1032 1.9506534066777037
1033 1.1642837431033675
1034 1.1642837431033675
1035 1.1642837431033675
1036 1.9505293300285718
1037 1.9505293300285718
1038 1.9505293300285718
1039 1.880191945437482
1040 1.880191945437482
1041 1.880191945437482
1042 1.841584976808698
1043 1.841584976808698
1044 1.841584976808698
1045 1.8215159905197305
1046 1.8215159905197305
1047 1.8215159905197305
1048 1.363307247683236
1049 1.363307247683236
1050 1.363307247683236
1051 1.8806307314163255
1052 1.8806307314163255
1053 1.8806307314163255
1054 1.7654474360120513
1055 1.7654474360120513
1056 1.7654474360120513
1057 1.592280572790876
1058 1.592280572790876
1059 1.592280572790876
1060 1.523454217154913
1061 1.523454217154913
1062 1.523454217154913
1063 1.6811844466894037
1064 1.6811844466894037
1065 1.6811844466894037
1066 1.7132291780021198
1067 1.7132291780021198
1068 1.7132291780021198
1069 1.675262739513023
1070 1.675262739513023
1071 1.675262739513023
1072 1.8788252136394794
1073 1.8788252136394794
1074 1.8788252136394794
1075 1.8455961194658532
1076 1.8455961194658532
1077 1.8455961194658532
1078 1.4254380123810555
1079 1.4254380123810555
1080 1.4254380123810555
1081 1.261135124513804
1082 1.261135124513804
1083 1.261135124513804
1084 1.5203530080496763
1085 1.5203530080496763
1086 1.5203530080496763
1087 2.0676342404684416
1088 2.0676342404684416
1089 2.0676342404684416
1090 1.4700013208959684
1091 1.4700013208959684
1092 1.4700013208959684
1093 1.099305237805126
1094 1.099305237805126
1095 1.099305237805126
1096 1.0057402344198456
1097 1.0057402344198456
1098 1.0057402344198456
1099 1.6085983266221782
1100 1.6085983266221782
1101 1.6085983266221782
1102 1.775572141813486
1103 1.775572141813486
1104 1.775572141813486
1105 1.4986030069598728
1106 1.4986030069598728
1107 1.4986030069598728
1108 1.434341219325639
1109 1.434341219325639
1110 1.434341219325639
1111 1.294093955083909
1112 1.294093955083909
1113 1.294093955083909
1114 1.2378178835117155
1115 1.2378178835117155
1116 1.2378178835117155
1117 1.8547433424674544
1118 1.8547433424674544
1119 1.8547433424674544
1120 1.3772355160335468
1121 1.3772355160335468
1122 1.3772355160335468
1123 1.8742311869345223
1124 1.8742311869345223
1125 1.8742311869345223
1126 2.0801362869481723
1127 2.0801362869481723
1128 2.0801362869481723
1129 2.3405691742068737
1130 2.3405691742068737
1131 2.3405691742068737
1132 2.2454774755036393
1133 2.2454774755036393
1134 2.2454774755036393
1135 1.3434675699935892
1136 1.3434675699935892
1137 1.3434675699935892
1138 1.745404974270645
1139 1.745404974270645
1140 1.745404974270645
1141 2.591571454372266
1142 2.591571454372266
1143 2.591571454372266
1144 2.827764614213746
1145 2.827764614213746
1146 2.827764614213746
1147 1.3389529529325475
1148 1.3389529529325475
1149 1.3389529529325475
1150 2.5009653362110225
1151 2.5009653362110225
1152 2.5009653362110225
1153 2.4079359382683605
1154 2.4079359382683605
1155 2.4079359382683605
1156 1.9255160851336484
1157 1.9255160851336484
1158 1.9255160851336484
1159 2.0547684719737136
1160 2.0547684719737136
1161 2.0547684719737136
1162 2.6805387631901163
1163 2.6805387631901163
1164 2.6805387631901163
1165 1.8145658073955746
1166 1.8145658073955746
1167 1.8145658073955746
1168 1.4072220466407561
1169 1.4072220466407561
1170 1.4072220466407561
1171 1.551178555618708
1172 1.551178555618708
1173 1.551178555618708
1174 1.861631498861233
1175 1.861631498861233
1176 1.861631498861233
1177 1.6560989100760277
1178 1.6560989100760277
1179 1.6560989100760277
1180 2.369736817459292
1181 2.369736817459292
1182 2.369736817459292
1183 1.2921046737948252
1184 1.2921046737948252
1185 1.2921046737948252
1186 1.8871633186198085
1187 1.8871633186198085
1188 1.8871633186198085
1189 1.8799579036501495
1190 1.8799579036501495
1191 1.8799579036501495
1192 1.801604524207996
1193 1.801604524207996
1194 1.801604524207996
1195 2.0445697751844527
1196 2.0445697751844527
1197 2.0445697751844527
1198 1.586778162350774
1199 1.586778162350774
1200 1.586778162350774
1201 2.6933841262080365
1202 2.6933841262080365
1203 2.6933841262080365
1204 1.265700282277904
1205 1.265700282277904
1206 1.265700282277904
1207 2.1319166319162264
1208 2.1319166319162264
1209 2.1319166319162264
1210 2.6194827352318977
1211 2.6194827352318977
1212 2.6194827352318977
1213 1.540139029089056
1214 1.540139029089056
1215 1.540139029089056
1216 1.6409570829783564
1217 1.6409570829783564
1218 1.6409570829783564
1219 1.5412070475209942
1220 1.5412070475209942
1221 1.5412070475209942
1222 1.568996625553559
1223 1.568996625553559
1224 1.568996625553559
1225 1.46922272100145
1226 1.46922272100145
1227 1.46922272100145
1228 3.6066924657333432
1229 3.6066924657333432
1230 3.6066924657333432
1231 1.330689100400606
1232 1.330689100400606
1233 1.330689100400606
1234 1.9189247944152323
1235 1.9189247944152323
1236 1.9189247944152323
1237 1.865685884652924
1238 1.865685884652924
1239 1.865685884652924
1240 2.9580638568401074
1241 2.9580638568401074
1242 2.9580638568401074
1243 2.0119500184315924
1244 2.0119500184315924
1245 2.0119500184315924
1246 2.0457594506359076
1247 2.0457594506359076
1248 2.0457594506359076
1249 2.134298871431335
1250 2.134298871431335
1251 2.134298871431335
1252 2.351897454196932
1253 2.351897454196932
1254 2.351897454196932
1255 2.941335711406191
1256 2.941335711406191
1257 2.941335711406191
1258 1.908691561184248
1259 1.908691561184248
1260 1.908691561184248
1261 1.6757301541000722
1262 1.6757301541000722
1263 1.6757301541000722
1264 1.444249765373773
1265 1.444249765373773
1266 1.444249765373773
1267 1.8137078190605413
1268 1.8137078190605413
1269 1.8137078190605413
1270 2.6273943753743536
1271 2.6273943753743536
1272 2.6273943753743536
1273 1.9107340724912896
1274 1.9107340724912896
1275 1.9107340724912896
1276 1.5458201510671037
1277 1.5458201510671037
1278 1.5458201510671037
1279 2.2042856115360583
1280 2.2042856115360583
1281 2.2042856115360583
1282 1.9382566306214846
1283 1.9382566306214846
1284 1.9382566306214846
1285 1.7049288002380627
1286 1.7049288002380627
1287 1.7049288002380627
1288 2.0728064929013623
1289 2.0728064929013623
1290 2.0728064929013623
1291 1.5677646890690409
1292 1.5677646890690409
1293 1.5677646890690409
1294 2.466163700967432
1295 2.466163700967432
1296 2.466163700967432
1297 1.9142803065188105
1298 1.9142803065188105
1299 1.9142803065188105
1300 2.066481138533456
1301 2.066481138533456
1302 2.066481138533456
1303 2.522366489510781
1304 2.522366489510781
1305 2.522366489510781
1306 1.2393181646774567
1307 1.2393181646774567
1308 1.2393181646774567
1309 2.16915129050485
1310 2.16915129050485
1311 2.16915129050485
1312 2.016797115677789
1313 2.016797115677789
1314 2.016797115677789
1315 2.359112125838347
1316 2.359112125838347
1317 2.359112125838347
1318 2.0188503555428823
1319 2.0188503555428823
1320 2.0188503555428823
1321 2.15143941195533
1322 2.15143941195533
1323 2.15143941195533
1324 2.2379524492819063
1325 2.2379524492819063
1326 2.2379524492819063
1327 1.6932116629475193
1328 1.6932116629475193
1329 1.6932116629475193
1330 2.244867142378259
1331 2.244867142378259
1332 2.244867142378259
1333 2.2000286959310187
1334 2.2000286959310187
1335 2.2000286959310187
1336 2.681620947121317
1337 2.681620947121317
1338 2.681620947121317
1339 1.9956631063406312
1340 1.9956631063406312
1341 1.9956631063406312
1342 2.020279104269496
1343 2.020279104269496
1344 2.020279104269496
1345 2.2398252833704717
1346 2.2398252833704717
1347 2.2398252833704717
1348 2.327126550173959
1349 2.327126550173959
1350 2.327126550173959
1351 1.3049905975681915
1352 1.3049905975681915
1353 1.3049905975681915
1354 3.059586733659167
1355 3.059586733659167
1356 3.059586733659167
1357 1.3250583702292595
1358 1.3250583702292595
1359 1.3250583702292595
1360 2.0335962375018064
1361 2.0335962375018064
1362 2.0335962375018064
1363 2.4920549731245365
1364 2.4920549731245365
1365 2.4920549731245365
1366 2.370690958500626
1367 2.370690958500626
1368 2.370690958500626
1369 1.8325079250928544
1370 1.8325079250928544
1371 1.8325079250928544
1372 2.0396050234181278
1373 2.0396050234181278
1374 2.0396050234181278
1375 1.655587054489132
1376 1.655587054489132
1377 1.655587054489132
1378 2.5687866756388797
1379 2.5687866756388797
1380 2.5687866756388797
1381 2.2911825876281555
1382 2.2911825876281555
1383 2.2911825876281555
1384 2.318648506927086
1385 2.318648506927086
1386 2.318648506927086
1387 2.183073348288835
1388 2.183073348288835
1389 2.183073348288835
1390 1.6461504554772148
1391 1.6461504554772148
1392 1.6461504554772148
1393 1.7494625713695324
1394 1.7494625713695324
1395 1.7494625713695324
1396 2.1373210760209607
1397 2.1373210760209607
1398 2.1373210760209607
1399 2.769357318400063
1400 2.769357318400063
1401 2.769357318400063
1402 2.2518790916126403
1403 2.2518790916126403
1404 2.2518790916126403
1405 2.4313897669699287
1406 2.4313897669699287
1407 2.4313897669699287
1408 1.8931531059346125
1409 1.8931531059346125
1410 1.8931531059346125
1411 3.09472130160716
1412 3.09472130160716
1413 3.09472130160716
1414 1.9667108361935668
1415 1.9667108361935668
1416 1.9667108361935668
1417 2.2286540364363256
1418 2.2286540364363256
1419 2.2286540364363256
1420 1.639782474832341
1421 1.639782474832341
1422 1.639782474832341
1423 1.9240467970537902
1424 1.9240467970537902
1425 1.9240467970537902
1426 1.4826548442444252
1427 1.4826548442444252
1428 1.4826548442444252
1429 0.3026707314859881
1430 0.3026707314859881
1431 0.3026707314859881
1432 0.27600767879601384
1433 0.27600767879601384
1434 0.27600767879601384
1435 0.19642570267318757
1436 0.19642570267318757
1437 0.19642570267318757
1438 0.1774291014673347
1439 0.1774291014673347
1440 0.1774291014673347
1441 0.2548129182944333
1442 0.2548129182944333
1443 0.2548129182944333
1444 0.19979012340038038
1445 0.19979012340038038
1446 0.19979012340038038
1447 0.30869615470449613
1448 0.30869615470449613
1449 0.30869615470449613
1450 0.1
1451 0.1
1452 0.1
1453 0.22164581043105724
1454 0.22164581043105724
1455 0.22164581043105724
1456 0.13499449533371255
1457 0.13499449533371255
1458 0.13499449533371255
1459 0.2283006622126424
1460 0.2283006622126424
1461 0.2283006622126424
1462 0.25006841313885386
1463 0.25006841313885386
1464 0.25006841313885386
1465 0.1841940789742109
1466 0.1841940789742109
1467 0.1841940789742109
1468 0.23077192952852355
1469 0.23077192952852355
1470 0.23077192952852355
1471 0.2193745477196823
1472 0.2193745477196823
1473 0.2193745477196823
1474 0.1731429232515042
1475 0.1731429232515042
1476 0.1731429232515042
1477 0.21066881901886464
1478 0.21066881901886464
1479 0.21066881901886464
1480 0.19655579263260425
1481 0.19655579263260425
1482 0.19655579263260425
1483 0.12003229382610918
1484 0.12003229382610918
1485 0.12003229382610918
1486 0.19533164794235094
1487 0.19533164794235094
1488 0.19533164794235094
1489 0.155449018347833
1490 0.155449018347833
1491 0.155449018347833
1492 0.14024026082645116
1493 0.14024026082645116
1494 0.14024026082645116
1495 0.17056180661931095
1496 0.17056180661931095
1497 0.17056180661931095
1498 0.1207118314122436
1499 0.1207118314122436
1500 0.1207118314122436
1501 0.18202870316964104
1502 0.18202870316964104
1503 0.18202870316964104
1504 0.16837606504019165
1505 0.16837606504019165
1506 0.16837606504019165
1507 0.1763465713803105
1508 0.1763465713803105
1509 0.1763465713803105
1510 0.23333052196816562
1511 0.23333052196816562
1512 0.23333052196816562
1513 0.17696481440290782
1514 0.17696481440290782
1515 0.17696481440290782
1516 0.2578406589864772
1517 0.2578406589864772
1518 0.2578406589864772
1519 0.17444556892332097
1520 0.17444556892332097
1521 0.17444556892332097
1522 0.2179638548691958
1523 0.2179638548691958
1524 0.2179638548691958
1525 0.210711968777269
1526 0.210711968777269
1527 0.210711968777269
1528 0.13579348949912384
1529 0.13579348949912384
1530 0.13579348949912384
1531 0.21177204244336018
1532 0.21177204244336018
1533 0.21177204244336018
1534 0.18298669267193735
1535 0.18298669267193735
1536 0.18298669267193735
1537 0.22990377569711756
1538 0.22990377569711756
1539 0.22990377569711756
1540 0.28862521456328016
1541 0.28862521456328016
1542 0.28862521456328016
1543 0.2514675571688302
1544 0.2514675571688302
1545 0.2514675571688302
1546 0.17129638008685935
1547 0.17129638008685935
1548 0.17129638008685935
1549 0.14066483701864907
1550 0.14066483701864907
1551 0.14066483701864907
1552 0.2742593672333852
1553 0.2742593672333852
1554 0.2742593672333852
1555 0.15469717232563818
1556 0.6450181063295594
1557 0.6450181063295594
1558 0.6450181063295594
1559 0.7528735684204815
1560 0.7528735684204815
1561 0.7528735684204815
1562 0.45576574504226497
1563 0.45576574504226497
1564 0.45576574504226497
1565 0.5339247929838801
1566 0.5339247929838801
1567 0.5339247929838801
1568 0.6420240022808398
1569 0.6420240022808398
1570 0.6420240022808398
1571 1.0188970265256685
1572 1.0188970265256685
1573 1.0188970265256685
1574 0.7211834008479112
1575 0.7211834008479112
1576 0.7211834008479112
1577 0.8557846170738476
1578 0.8557846170738476
1579 0.8557846170738476
1580 0.6828474446589342
1581 0.6828474446589342
1582 0.6828474446589342
1583 0.7299661609171944
1584 0.7299661609171944
1585 0.7299661609171944
1586 0.5963405450221149
1587 0.5963405450221149
1588 0.5963405450221149
1589 0.5782342680406907
1590 0.5782342680406907
1591 0.5782342680406907
1592 0.7993970036607301
1593 0.7993970036607301
1594 0.7993970036607301
1595 0.5805573409361757
1596 0.5805573409361757
1597 0.5805573409361757
1598 0.5109489854718867
1599 0.5109489854718867
1600 0.5109489854718867
1601 0.6242172138511116
1602 0.6242172138511116
1603 0.6242172138511116
1604 0.7102653724621913
1605 0.7102653724621913
1606 0.7102653724621913
1607 0.6085239766135403
1608 0.6085239766135403
1609 0.6085239766135403
1610 0.7104989972263862
1611 0.7104989972263862
1612 0.7104989972263862
1613 0.6048367860796401
1614 0.6048367860796401
1615 0.6048367860796401
1616 0.7354729145500383
1617 0.7354729145500383
1618 0.7354729145500383
1619 0.9678651599031395
1620 0.9678651599031395
1621 0.9678651599031395
1622 0.46463209099253877
1623 0.46463209099253877
1624 0.46463209099253877
1625 0.7197102195920215
1626 0.7197102195920215
1627 0.7197102195920215
1628 0.7599766621474703
1629 0.7599766621474703
1630 0.7599766621474703
1631 0.7354795343500472
1632 0.7354795343500472
1633 0.7354795343500472
1634 0.6195566148091958
1635 0.6195566148091958
1636 0.6195566148091958
1637 0.7996040589429124
1638 0.7996040589429124
1639 0.7996040589429124
1640 0.3747878357623841
1641 0.3747878357623841
1642 0.3747878357623841
1643 0.8182363450618162
1644 0.8182363450618162
1645 0.8182363450618162
1646 0.3464633709201283
1647 0.3464633709201283
1648 0.3464633709201283
1649 0.7099969144348084
1650 0.7099969144348084
1651 0.7099969144348084
1652 0.5439512816812444
1653 0.5439512816812444
1654 0.5439512816812444
1655 0.7003515293690836
1656 0.7003515293690836
1657 0.7003515293690836
1658 0.6017217037678069
1659 0.6017217037678069
1660 0.6017217037678069
1661 0.5756465592683648
1662 0.5756465592683648
1663 0.5756465592683648
1664 0.7206144929181496
1665 0.7206144929181496
1666 0.7206144929181496
1667 0.7013052965744286
1668 0.7013052965744286
1669 0.7013052965744286
1670 0.7130559694057992
1671 0.7130559694057992
1672 0.7130559694057992
1673 0.6208706406428312
1674 0.6208706406428312
1675 0.6208706406428312
1676 0.4659569162987799
1677 0.4659569162987799
1678 0.4659569162987799
1679 0.7006950380324223
1680 0.7006950380324223
1681 0.7006950380324223
1682 0.4259218872973081
1683 0.4259218872973081
1684 0.4259218872973081
1685 0.46338858371302655
1686 0.46338858371302655
1687 0.46338858371302655
1688 0.811686359483857
1689 0.811686359483857
1690 0.811686359483857
1691 0.6908787566951934
1692 0.6908787566951934
1693 0.6908787566951934
1694 0.6702214681065167
1695 0.6702214681065167
1696 0.6702214681065167
1697 0.7436179430852843
1698 0.7436179430852843
1699 0.7436179430852843
1700 0.4793254947257901
1701 0.4793254947257901
1702 0.4793254947257901
1703 0.6562183395131583
1704 0.6562183395131583
1705 0.6562183395131583
1706 0.7920337469007348
1707 0.7920337469007348
1708 0.7920337469007348
1709 0.5720354104651425
1710 0.5720354104651425
1711 0.5720354104651425
1712 0.6029246322774688
1713 0.6029246322774688
1714 0.6029246322774688
1715 0.8075890645482938
1716 0.8075890645482938
1717 0.8075890645482938
1718 0.7667512438892599
1719 0.7667512438892599
1720 0.7667512438892599
1721 0.5986273471644269
1722 0.5986273471644269
1723 0.5986273471644269
1724 0.6689256987853569
1725 0.6689256987853569
1726 0.6689256987853569
1727 0.7438905403406659
1728 0.7438905403406659
1729 0.7438905403406659
1730 0.7290381062513062
1731 0.7290381062513062
1732 0.7290381062513062
1733 0.793331230170976
1734 0.793331230170976
1735 0.793331230170976
1736 0.7901392752815487
1737 0.7901392752815487
1738 0.7901392752815487
1739 0.6264290695492789
1740 0.6264290695492789
1741 0.6264290695492789
1742 0.666101675451213
1743 0.666101675451213
1744 0.666101675451213
1745 0.6769967743230061
1746 0.6769967743230061
1747 0.6769967743230061
1748 0.6595776538211142
1749 0.6595776538211142
1750 0.6595776538211142
1751 0.7232703492803345
1752 0.7232703492803345
1753 0.7232703492803345
1754 0.5652977026640406
1755 0.5652977026640406
1756 0.5652977026640406
1757 0.6837175420773633
1758 0.6837175420773633
1759 0.6837175420773633
1760 0.6669822567304701
1761 0.6669822567304701
1762 0.6669822567304701
1763 0.6227812724660222
1764 0.6227812724660222
1765 0.6227812724660222
1766 0.45278053974582155
1767 0.45278053974582155
1768 0.45278053974582155
1769 0.6553128585348478
1770 0.6553128585348478
1771 0.6553128585348478
1772 0.3860364396558356
1773 0.3860364396558356
1774 0.3860364396558356
1775 0.7926357897727212
1776 0.7926357897727212
1777 0.7926357897727212
1778 0.7622827604036024
1779 0.7622827604036024
1780 0.7622827604036024
1781 0.5502663531790718
1782 0.5502663531790718
1783 0.5502663531790718
1784 0.50295534151867
1785 0.50295534151867
1786 0.50295534151867
1787 0.41258163809802684
1788 0.41258163809802684
1789 0.41258163809802684
1790 0.5780401546238381
1791 0.5780401546238381
1792 0.5780401546238381
1793 0.7792518473909911
1794 0.7792518473909911
1795 0.7792518473909911
1796 0.6068309246773868
1797 0.6068309246773868
1798 0.6068309246773868
1799 1.0141573959777097
1800 1.0141573959777097
1801 1.0141573959777097
1802 0.5527174611175395
1803 0.5527174611175395
1804 0.5527174611175395
1805 0.8668226252875448
1806 0.8668226252875448
1807 0.8668226252875448
1808 0.4825498701058192
1809 0.4825498701058192
1810 0.4825498701058192
1811 0.5452951191591209
1812 0.5452951191591209
1813 0.5452951191591209
1814 0.826630350000537
1815 0.826630350000537
1816 0.826630350000537
1817 0.615414349331176
1818 0.615414349331176
1819 0.615414349331176
1820 0.6366591019808556
1821 0.6366591019808556
1822 0.6366591019808556
1823 0.4711171873608847
1824 0.4711171873608847
1825 0.4711171873608847
1826 0.5856943506775963
1827 0.5856943506775963
1828 0.5856943506775963
1829 0.4997931991119303
1830 0.4997931991119303
1831 0.4997931991119303
1832 0.5997212609819916
1833 0.5997212609819916
1834 0.5997212609819916
1835 0.6036610816832298
1836 0.6036610816832298
1837 0.6036610816832298
1838 0.8585197881428304
1839 0.8585197881428304
1840 0.8585197881428304
1841 0.557046775208525
1842 0.557046775208525
1843 0.557046775208525
1844 0.488914736941057
1845 0.488914736941057
1846 0.488914736941057
1847 0.5100785717866034
1848 0.5100785717866034
1849 0.5100785717866034
1850 0.6613023456996888
1851 0.6613023456996888
1852 0.6613023456996888
1853 2.937623926961361
1854 2.937623926961361
1855 2.937623926961361
1856 2.5335608028224113
1857 2.5335608028224113
1858 2.5335608028224113
1859 3.8031130125584127
1860 3.8031130125584127
1861 3.8031130125584127
1862 3.08496182277271
1863 3.08496182277271
1864 3.08496182277271
1865 3.65758446133778
1866 3.65758446133778
1867 3.65758446133778
1868 2.2068108727717424
1869 2.2068108727717424
1870 2.2068108727717424
1871 3.0471828458468386
1872 3.0471828458468386
1873 3.0471828458468386
1874 2.2398280475567107
1875 2.2398280475567107
1876 2.2398280475567107
1877 2.142073995006344
1878 2.142073995006344
1879 2.142073995006344
1880 2.933578005457978
1881 2.933578005457978
1882 2.933578005457978
1883 3.7007954833703924
1884 3.7007954833703924
1885 3.7007954833703924
1886 0.7401853343905476
1887 0.7401853343905476
1888 0.7401853343905476
1889 2.90820354669134
1890 2.90820354669134
1891 2.90820354669134
1892 3.4141843319831384
1893 3.4141843319831384
1894 3.4141843319831384
1895 2.6244702146164096
1896 2.6244702146164096
1897 2.6244702146164096
1898 3.5220154216967483
1899 3.5220154216967483
1900 3.5220154216967483
1901 2.622940117611038
1902 2.622940117611038
1903 2.622940117611038
1904 2.6727187228078746
1905 2.6727187228078746
1906 2.6727187228078746
1907 3.0963629238889783
1908 3.0963629238889783
1909 3.0963629238889783
1910 1.9135389531840106
1911 1.9135389531840106
1912 1.9135389531840106
1913 1.6534504275847264
1914 1.6534504275847264
1915 1.6534504275847264
1916 1.6727187043742668
1917 1.6727187043742668
1918 1.6727187043742668
1919 2.0189210806090547
1920 2.0189210806090547
1921 2.0189210806090547
1922 1.3014477101618143
1923 1.3014477101618143
1924 1.3014477101618143
1925 2.21925057105812
1926 2.21925057105812
1927 2.21925057105812
1928 1.9700578217814397
1929 1.9700578217814397
1930 1.9700578217814397
1931 1.9395716943312347
1932 1.9395716943312347
1933 4.915730653462051
1934 4.915730653462051
1935 4.915730653462051
1936 2.7993338585435907
1937 2.7993338585435907
1938 2.7993338585435907
1939 3.587611115248706
1940 3.587611115248706
1941 3.587611115248706
1942 2.789223353966073
1943 2.789223353966073
1944 2.789223353966073
1945 2.5472556895479697
1946 2.5472556895479697
1947 2.5472556895479697
1948 3.0316448789043955
1949 3.0316448789043955
1950 2.7007957873626784
1951 2.7007957873626784
1952 2.7007957873626784
1953 2.1695066201990065
1954 2.1695066201990065
1955 2.1695066201990065
1956 3.1112918996212535
1957 3.1112918996212535
1958 3.1112918996212535
1959 2.248005430804679
1960 2.248005430804679
1961 2.248005430804679
1962 2.4611611080205438
1963 2.4611611080205438
1964 2.4611611080205438
1965 1.9215161172221744
1966 1.9215161172221744
1967 1.9215161172221744
1968 2.889406036375733
1969 2.889406036375733
1970 2.889406036375733
1971 1.8599593327194286
1972 1.8599593327194286
1973 1.8599593327194286
1974 1.7170115185994625
1975 1.7170115185994625
1976 1.7170115185994625
1977 2.430889153146752
1978 2.430889153146752
1979 2.430889153146752
1980 2.071550263309468
1981 2.071550263309468
1982 2.071550263309468
1983 2.2122716990403957
1984 2.2122716990403957
1985 2.2122716990403957
1986 1.1286556371986474
1987 1.1286556371986474
1988 1.1286556371986474
1989 1.8905898067446552
1990 1.8905898067446552
1991 1.8905898067446552
1992 2.145611979130988
1993 2.145611979130988
1994 2.145611979130988
1995 1.7644865785369703
1996 1.7644865785369703
1997 1.7644865785369703
1998 1.6828932124248963
1999 1.6828932124248963
