0 1.1035735004315423
1 1.1035735004315423
2 1.1035735004315423
3 1.1035735004315423
4 1.7495127306308926
5 1.7495127306308926
6 1.7495127306308926
7 1.7495127306308926
8 1.204768450784365
9 1.204768450784365
10 1.204768450784365
11 1.204768450784365
12 1.7717227022129045
13 1.7717227022129045
14 1.7717227022129045
15 1.7717227022129045
16 1.079745909501286
17 1.079745909501286
18 1.079745909501286
19 1.079745909501286
20 1.0183114302910563
21 1.0183114302910563
22 1.0183114302910563
23 1.0183114302910563
24 1.3390192571895392
25 1.3390192571895392
26 1.3390192571895392
27 1.3390192571895392
28 1.3682037274318928
29 1.3682037274318928
30 1.3682037274318928
31 1.3682037274318928
32 2.021565124247773
33 2.021565124247773
34 2.021565124247773
35 2.021565124247773
36 0.7732875256443646
37 0.7732875256443646
38 0.7732875256443646
39 0.7732875256443646
40 1.8989193348076443
41 1.8989193348076443
42 1.8989193348076443
43 1.8989193348076443
44 1.5411273722553787
45 1.5411273722553787
46 1.5411273722553787
47 1.5411273722553787
48 1.4381387418234035
49 1.4381387418234035
50 1.4381387418234035
51 1.4381387418234035
52 1.8428952873686055
53 1.8428952873686055
54 1.8428952873686055
55 1.8428952873686055
56 0.5260039736122681
57 0.5260039736122681
58 0.5260039736122681
59 0.5260039736122681
60 2.0276615763662886
61 2.0276615763662886
62 2.0276615763662886
63 2.0276615763662886
64 1.1944274002323039
65 1.1944274002323039
66 1.1944274002323039
67 1.1944274002323039
68 1.9595591868198352
69 1.9595591868198352
70 1.9595591868198352
71 1.9595591868198352
72 1.2177375963216033
73 1.2177375963216033
74 1.2177375963216033
75 1.2177375963216033
76 1.6758791042948564
77 1.6758791042948564
78 1.6758791042948564
79 1.6758791042948564
80 1.990972405283119
81 1.990972405283119
82 1.990972405283119
83 1.990972405283119
84 1.2526240544242262
85 1.2526240544242262
86 1.2526240544242262
87 1.2526240544242262
88 2.799263259672358
89 2.799263259672358
90 2.799263259672358
91 2.799263259672358
92 1.7453457830175734
93 1.7453457830175734
94 1.7453457830175734
95 1.7453457830175734
96 1.0299471053719376
97 1.0299471053719376
98 1.0299471053719376
99 1.0299471053719376
100 0.6958146970581224
101 0.6958146970581224
102 0.6958146970581224
103 0.6958146970581224
104 1.359960566548962
105 1.359960566548962
106 1.359960566548962
107 1.359960566548962
108 1.917816191564387
109 1.917816191564387
110 1.917816191564387
111 1.917816191564387
112 1.7706069438000105
113 1.7706069438000105
114 1.7706069438000105
115 1.7706069438000105
116 1.5323848905613668
117 1.5323848905613668
118 1.5323848905613668
119 1.5323848905613668
120 1.8947795610446492
121 1.8947795610446492
122 1.8947795610446492
123 1.8947795610446492
124 1.3266917389977455
125 1.3266917389977455
126 1.3266917389977455
127 1.3266917389977455
128 1.5235272762507888
129 1.5235272762507888
130 1.5235272762507888
131 1.5235272762507888
132 1.1792042048228244
133 1.1792042048228244
134 1.1792042048228244
135 1.1792042048228244
136 0.6653454168807169
137 0.6653454168807169
138 0.6653454168807169
139 0.6653454168807169
140 1.3082949643488704
141 1.3082949643488704
142 1.3082949643488704
143 1.3082949643488704
144 1.2656509209510813
145 1.2656509209510813
146 1.2656509209510813
147 1.2656509209510813
148 1.4594698858693331
149 1.4594698858693331
150 1.4594698858693331
151 1.4594698858693331
152 0.6370894292184573
153 0.6370894292184573
154 0.6370894292184573
155 0.6370894292184573
156 0.2969484238829516
157 0.2969484238829516
158 0.2969484238829516
159 0.2969484238829516
160 0.16189988501030336
161 0.16189988501030336
162 0.16189988501030336
163 0.16189988501030336
164 0.29196209958090436
165 0.29196209958090436
166 0.29196209958090436
167 0.29196209958090436
168 0.2605965424688168
169 0.2605965424688168
170 0.2605965424688168
171 0.2605965424688168
172 0.20610419496847604
173 0.20610419496847604
174 0.20610419496847604
175 0.20610419496847604
176 0.2742387082373584
177 0.2742387082373584
178 0.2742387082373584
179 0.2742387082373584
180 0.17829134910688094
181 0.17829134910688094
182 0.17829134910688094
183 0.17829134910688094
184 0.17720937391642663
185 0.17720937391642663
186 0.17720937391642663
187 0.17720937391642663
188 0.31245784217931294
189 0.31245784217931294
190 0.31245784217931294
191 0.31245784217931294
192 0.21211583829863548
193 0.21211583829863548
194 0.21211583829863548
195 0.21211583829863548
196 0.18243953313736824
197 0.18243953313736824
198 0.18243953313736824
199 0.18243953313736824
200 0.37545289122790493
201 0.37545289122790493
202 0.37545289122790493
203 0.37545289122790493
204 0.21003059262585855
205 0.21003059262585855
206 0.21003059262585855
207 0.21003059262585855
208 0.1
209 0.6196019877542576
210 0.6196019877542576
211 0.6196019877542576
212 0.6196019877542576
213 1.1313550323456085
214 1.1313550323456085
215 1.1313550323456085
216 1.1313550323456085
217 2.3934044957830585
218 2.3934044957830585
219 2.3934044957830585
220 2.3934044957830585
221 0.8541814208501521
222 0.8541814208501521
223 0.8541814208501521
224 0.8541814208501521
225 2.4449719514114694
226 2.4449719514114694
227 2.4449719514114694
228 2.4449719514114694
229 0.9000846389046719
230 0.9000846389046719
231 0.9000846389046719
232 0.9000846389046719
233 3.181632808187371
234 3.181632808187371
235 3.181632808187371
236 3.181632808187371
237 1.2369602105351007
238 1.2369602105351007
239 1.2369602105351007
240 1.2369602105351007
241 3.0937782795253317
242 3.0937782795253317
243 3.0937782795253317
244 3.0937782795253317
245 3.9721866916866206
246 3.9721866916866206
247 3.9721866916866206
248 3.9721866916866206
249 2.6350561460502515
250 2.6350561460502515
251 2.6350561460502515
252 2.6350561460502515
253 1.5395177885299052
254 1.5395177885299052
255 1.5395177885299052
256 1.5395177885299052
257 2.765074645092826
258 2.765074645092826
259 2.765074645092826
260 2.765074645092826
261 1.6967759327571204
262 1.6967759327571204
263 1.6967759327571204
264 1.6967759327571204
265 3.1435586987978374
266 3.1435586987978374
267 3.1435586987978374
268 3.1435586987978374
269 2.506693464055678
270 2.506693464055678
271 2.506693464055678
272 2.506693464055678
273 4.1064173059056035
274 4.1064173059056035
275 4.1064173059056035
276 4.1064173059056035
277 2.7112576226908294
278 2.7112576226908294
279 2.7112576226908294
280 2.7112576226908294
281 3.0068105367312987
282 3.0068105367312987
283 3.0068105367312987
284 3.0068105367312987
285 4.038890109203112
286 4.038890109203112
287 4.038890109203112
288 4.038890109203112
289 1.5927983619828017
290 1.5927983619828017
291 1.5927983619828017
292 1.5927983619828017
293 1.1357437429065556
294 1.1357437429065556
295 1.1357437429065556
296 1.1357437429065556
297 3.962020354781275
298 3.962020354781275
299 3.962020354781275
300 3.962020354781275
301 2.904465159199056
302 2.904465159199056
303 2.904465159199056
304 2.904465159199056
305 3.5948949885156702
306 3.5948949885156702
307 3.5948949885156702
308 3.5948949885156702
309 3.2655675851206385
310 3.2655675851206385
311 3.2655675851206385
312 3.2655675851206385
313 1.570312066620452
314 1.570312066620452
315 1.570312066620452
316 1.570312066620452
317 5.148165943638719
318 5.148165943638719
319 5.148165943638719
320 5.148165943638719
321 1.9124131521429897
322 1.9124131521429897
323 1.9124131521429897
324 1.9124131521429897
325 3.3194580144522448
326 3.3194580144522448
327 3.3194580144522448
328 3.3194580144522448
329 3.551210292280928
330 3.551210292280928
331 3.551210292280928
332 3.551210292280928
333 0.4266453577540248
334 0.4266453577540248
335 0.4266453577540248
336 0.4266453577540248
337 2.5453946804079113
338 2.5453946804079113
339 2.5453946804079113
340 2.5453946804079113
341 2.6702704286170444
342 2.6702704286170444
343 2.6702704286170444
344 2.6702704286170444
345 3.390842899099802
346 3.390842899099802
347 3.390842899099802
348 3.390842899099802
349 3.886924589524683
350 3.886924589524683
351 3.886924589524683
352 3.886924589524683
353 2.1314473892688897
354 2.1314473892688897
355 2.1314473892688897
356 2.1314473892688897
357 4.010543712655455
358 4.010543712655455
359 4.010543712655455
360 4.010543712655455
361 2.6706261337936246
362 2.6706261337936246
363 2.6706261337936246
364 2.6706261337936246
365 3.713049568177911
366 3.713049568177911
367 3.713049568177911
368 3.713049568177911
369 3.062639255714336
370 3.062639255714336
371 3.062639255714336
372 3.062639255714336
373 3.841447427025854
374 3.841447427025854
375 3.841447427025854
376 3.841447427025854
377 1.6328976230120593
378 1.6328976230120593
379 1.6328976230120593
380 1.6328976230120593
381 4.40753595902615
382 4.40753595902615
383 4.40753595902615
384 4.40753595902615
385 1.2147114030937125
386 1.2147114030937125
387 1.2147114030937125
388 1.2147114030937125
389 2.4285815422550794
390 2.4285815422550794
391 2.4285815422550794
392 2.4285815422550794
393 2.8164817553925516
394 2.8164817553925516
395 2.8164817553925516
396 2.8164817553925516
397 1.4831788946380646
398 1.4831788946380646
399 1.4831788946380646
400 1.4831788946380646
401 3.282004791518095
402 3.282004791518095
403 3.282004791518095
404 3.282004791518095
405 0.30776920779964984
406 0.30776920779964984
407 0.30776920779964984
408 0.30776920779964984
409 0.3647202023766568
410 0.3647202023766568
411 0.3647202023766568
412 0.3647202023766568
413 0.6096633377682485
414 0.6096633377682485
415 0.6096633377682485
416 0.6096633377682485
417 0.6230819850096163
418 0.6230819850096163
419 0.6230819850096163
420 0.6230819850096163
421 0.8469997304622785
422 0.8469997304622785
423 0.8469997304622785
424 0.8469997304622785
425 0.562178490535126
426 0.562178490535126
427 0.562178490535126
428 3.2185647036735983
429 3.2185647036735983
430 3.2185647036735983
431 3.2185647036735983
432 3.098078005084865
433 3.098078005084865
434 3.098078005084865
435 3.098078005084865
436 2.658547684772568
437 2.658547684772568
438 2.658547684772568
439 2.658547684772568
440 3.087586763400786
441 3.087586763400786
442 3.087586763400786
443 3.087586763400786
444 3.8305853469510414
445 3.8305853469510414
446 3.8305853469510414
447 3.8305853469510414
448 3.657167634890099
449 3.657167634890099
450 3.657167634890099
451 3.657167634890099
452 2.763777633174557
453 2.763777633174557
454 2.763777633174557
455 2.763777633174557
456 1.3764036306595533
457 1.3764036306595533
458 1.0466244845690877
459 1.0466244845690877
460 1.0466244845690877
461 1.0466244845690877
462 1.2887850729626997
463 1.2887850729626997
464 1.2887850729626997
465 1.2887850729626997
466 1.5634718250188522
467 1.5634718250188522
468 1.5634718250188522
469 1.5634718250188522
470 1.9580861324118217
471 1.9580861324118217
472 1.9580861324118217
473 1.9580861324118217
474 1.232780551123155
475 1.232780551123155
476 1.232780551123155
477 1.232780551123155
478 1.3164530051422156
479 1.3164530051422156
480 1.3164530051422156
481 1.3164530051422156
482 1.7313407100607245
483 1.7313407100607245
484 1.7313407100607245
485 1.7313407100607245
486 1.6645817559930336
487 1.6645817559930336
488 1.6645817559930336
489 1.6645817559930336
490 1.163719955345504
491 1.163719955345504
492 1.163719955345504
493 1.163719955345504
494 1.911735107638288
495 1.911735107638288
496 1.911735107638288
497 1.911735107638288
498 1.1898844056916416
499 1.1898844056916416
500 1.1898844056916416
501 1.1898844056916416
502 0.85211308086884
503 0.85211308086884
504 0.85211308086884
505 0.85211308086884
506 1.1990483939786107
507 1.1990483939786107
508 1.1990483939786107
509 1.1990483939786107
510 1.2518940991018455
511 1.2518940991018455
512 1.2518940991018455
513 1.2518940991018455
514 1.8116333458847913
515 1.8116333458847913
516 1.8116333458847913
517 1.8116333458847913
518 1.3719732379510532
519 1.3719732379510532
520 1.3719732379510532
521 1.3719732379510532
522 1.7259619894548188
523 1.7259619894548188
524 1.7259619894548188
525 1.7259619894548188
526 1.4561141452494981
527 1.4561141452494981
528 1.4561141452494981
529 1.4561141452494981
530 0.8658075392179854
531 0.8658075392179854
532 0.8658075392179854
533 0.8658075392179854
534 1.8464385086203754
535 1.8464385086203754
536 1.8464385086203754
537 1.8464385086203754
538 2.4372002253533105
539 2.4372002253533105
540 2.4372002253533105
541 2.4372002253533105
542 2.432204585528793
543 2.432204585528793
544 2.432204585528793
545 2.432204585528793
546 1.6640796796950932
547 1.6640796796950932
548 1.6640796796950932
549 1.6640796796950932
550 1.215490712735179
551 1.215490712735179
552 1.215490712735179
553 1.215490712735179
554 1.8759487277024962
555 1.8759487277024962
556 1.8759487277024962
557 1.8759487277024962
558 2.4778725195378515
559 2.4778725195378515
560 2.4778725195378515
561 2.4778725195378515
562 0.8640318260840169
563 0.8640318260840169
564 0.8640318260840169
565 0.8640318260840169
566 1.9082090545478692
567 1.9082090545478692
568 1.9082090545478692
569 1.9082090545478692
570 0.5349029183089367
571 0.5349029183089367
572 0.5349029183089367
573 0.5349029183089367
574 1.445963150695867
575 1.445963150695867
576 1.445963150695867
577 1.445963150695867
578 1.2515937071953986
579 1.2515937071953986
580 1.2515937071953986
581 1.2515937071953986
582 1.7863284273967324
583 1.7863284273967324
584 1.7863284273967324
585 1.7863284273967324
586 1.8658316247675746
587 1.8658316247675746
588 1.8658316247675746
589 1.8658316247675746
590 0.9917522446348308
591 0.9917522446348308
592 0.9917522446348308
593 0.9917522446348308
594 1.1205925703191353
595 1.1205925703191353
596 1.1205925703191353
597 1.1205925703191353
598 1.1421705669435291
599 1.1421705669435291
600 1.1421705669435291
601 1.1421705669435291
602 1.9396733447036354
603 1.9396733447036354
604 1.9396733447036354
605 1.9396733447036354
606 1.335944285676797
607 1.335944285676797
608 1.335944285676797
609 1.335944285676797
610 1.515743317004684
611 1.515743317004684
612 1.515743317004684
613 1.515743317004684
614 3.555632961625254
615 3.555632961625254
616 3.555632961625254
617 3.555632961625254
618 1.9486866691447222
619 1.9486866691447222
620 1.9486866691447222
621 1.9486866691447222
622 4.369687375879086
623 4.369687375879086
624 4.369687375879086
625 4.369687375879086
626 3.921760327655496
627 3.921760327655496
628 3.921760327655496
629 3.921760327655496
630 3.284031409263534
631 3.284031409263534
632 3.284031409263534
633 3.284031409263534
634 2.8274893484498205
635 2.8274893484498205
636 2.8274893484498205
637 2.8274893484498205
638 5.953376322614835
639 5.953376322614835
640 5.953376322614835
641 5.953376322614835
642 2.6133348047592047
643 2.6133348047592047
644 2.6133348047592047
645 2.6133348047592047
646 2.5984660536894912
647 2.5984660536894912
648 2.5984660536894912
649 2.5984660536894912
650 3.101896882853767
651 3.101896882853767
652 3.101896882853767
653 3.101896882853767
654 2.670096622043966
655 2.670096622043966
656 2.670096622043966
657 2.670096622043966
658 1.3223377134774745
659 1.3223377134774745
660 1.3223377134774745
661 1.3223377134774745
662 3.798938391915847
663 3.798938391915847
664 3.798938391915847
665 3.798938391915847
666 3.63556289044569
667 3.63556289044569
668 3.63556289044569
669 3.63556289044569
670 3.1358358947959415
671 3.1358358947959415
672 3.1358358947959415
673 3.1358358947959415
674 1.965641278936114
675 1.965641278936114
676 1.965641278936114
677 1.965641278936114
678 2.189261127074844
679 2.189261127074844
680 2.189261127074844
681 2.189261127074844
682 2.254348047229783
683 2.254348047229783
684 2.254348047229783
685 2.254348047229783
686 3.325606144972959
687 3.325606144972959
688 3.325606144972959
689 3.325606144972959
690 1.43446197436279
691 1.43446197436279
692 1.43446197436279
693 1.43446197436279
694 2.10555341669931
695 2.10555341669931
696 2.10555341669931
697 2.10555341669931
698 2.793087010228944
699 2.793087010228944
700 2.793087010228944
701 2.793087010228944
702 3.740447541895242
703 3.740447541895242
704 3.740447541895242
705 3.740447541895242
706 3.425152068154418
707 3.425152068154418
708 3.425152068154418
709 3.425152068154418
710 3.821098469052758
711 3.821098469052758
712 3.821098469052758
713 3.821098469052758
714 1.903951253413825
715 1.903951253413825
716 1.903951253413825
717 1.903951253413825
718 2.4024035513039483
719 2.4024035513039483
720 2.4024035513039483
721 2.4024035513039483
722 2.9136313217596004
723 2.9136313217596004
724 2.9136313217596004
725 2.9136313217596004
726 4.97478180797637
727 4.97478180797637
728 4.97478180797637
729 4.97478180797637
730 3.0329178559957195
731 3.0329178559957195
732 3.0329178559957195
733 3.0329178559957195
734 4.364515018128089
735 4.364515018128089
736 4.364515018128089
737 4.364515018128089
738 3.37543730804148
739 3.37543730804148
740 3.37543730804148
741 4.48520894532832
742 4.48520894532832
743 4.48520894532832
744 4.48520894532832
745 3.5100148538924563
746 3.5100148538924563
747 3.5100148538924563
748 3.5100148538924563
749 2.807688477583827
750 2.807688477583827
751 2.807688477583827
752 2.807688477583827
753 2.6151921031235985
754 2.6151921031235985
755 2.6151921031235985
756 2.6151921031235985
757 4.986335986057478
758 4.986335986057478
759 4.986335986057478
760 4.986335986057478
761 2.2630273098637863
762 2.2630273098637863
763 2.2630273098637863
764 2.2630273098637863
765 4.321407574443665
766 4.321407574443665
767 4.321407574443665
768 4.321407574443665
769 3.708662962846417
770 3.708662962846417
771 4.28448029776022
772 4.28448029776022
773 4.28448029776022
774 4.28448029776022
775 4.151364187096192
776 4.151364187096192
777 4.151364187096192
778 4.151364187096192
779 4.6219557558549225
780 4.6219557558549225
781 4.6219557558549225
782 4.6219557558549225
783 4.834437360721984
784 4.834437360721984
785 4.834437360721984
786 4.834437360721984
787 6.479202568076005
788 6.479202568076005
789 6.479202568076005
790 6.479202568076005
791 3.6193193054492725
792 3.6193193054492725
793 3.6193193054492725
794 3.6193193054492725
795 3.5362237385677924
796 3.5362237385677924
797 3.5362237385677924
798 3.5362237385677924
799 3.329341549748214
800 3.329341549748214
801 3.329341549748214
802 3.329341549748214
803 5.430256398438377
804 5.430256398438377
805 5.430256398438377
806 5.430256398438377
807 4.721688519906067
808 4.721688519906067
809 4.721688519906067
810 4.721688519906067
811 5.282748288737717
812 5.282748288737717
813 5.282748288737717
814 5.282748288737717
815 4.1109113539655455
816 4.1109113539655455
817 4.1109113539655455
818 4.1109113539655455
819 2.1725770738313193
820 2.1725770738313193
821 2.1725770738313193
822 2.1725770738313193
823 2.164011404567761
824 2.164011404567761
825 2.164011404567761
826 2.164011404567761
827 3.7658963096879594
828 3.7658963096879594
829 3.7658963096879594
830 3.7658963096879594
831 3.9999330924368457
832 3.9999330924368457
833 3.9999330924368457
834 3.9999330924368457
835 3.7919729777036655
836 3.7919729777036655
837 3.7919729777036655
838 3.7919729777036655
839 2.194284176963462
840 2.194284176963462
841 2.194284176963462
842 2.194284176963462
843 4.605135308427694
844 4.605135308427694
845 4.605135308427694
846 4.605135308427694
847 6.575469376674802
848 6.575469376674802
849 6.575469376674802
850 6.575469376674802
851 3.0793778272566925
852 3.0793778272566925
853 3.0793778272566925
854 3.0793778272566925
855 5.343879024871165
856 5.343879024871165
857 5.343879024871165
858 5.343879024871165
859 2.4062217760348403
860 2.4062217760348403
861 2.4062217760348403
862 2.4062217760348403
863 4.918961481148609
864 4.918961481148609
865 4.918961481148609
866 4.918961481148609
867 1.822746520890179
868 1.822746520890179
869 1.822746520890179
870 1.822746520890179
871 6.495354611217545
872 6.495354611217545
873 6.495354611217545
874 6.495354611217545
875 3.629317830788783
876 3.629317830788783
877 3.629317830788783
878 3.629317830788783
879 5.023926415543501
880 5.023926415543501
881 5.023926415543501
882 5.023926415543501
883 3.586189789870396
884 3.586189789870396
885 3.586189789870396
886 3.586189789870396
887 3.82434283626545
888 3.82434283626545
889 3.82434283626545
890 3.82434283626545
891 6.6723236729231115
892 6.6723236729231115
893 6.6723236729231115
894 6.6723236729231115
895 5.234412748163908
896 5.234412748163908
897 5.234412748163908
898 5.234412748163908
899 4.122311605918443
900 4.122311605918443
901 4.122311605918443
902 4.122311605918443
903 3.7185459018837235
904 3.7185459018837235
905 3.7185459018837235
906 3.7185459018837235
907 2.279576865361269
908 2.279576865361269
909 2.279576865361269
910 2.279576865361269
911 3.6213733063762414
912 3.6213733063762414
913 3.6213733063762414
914 3.6213733063762414
915 3.3086598615180876
916 3.3086598615180876
917 3.3086598615180876
918 3.3086598615180876
919 3.4916473353460704
920 3.4916473353460704
921 3.4916473353460704
922 3.4916473353460704
923 2.450868275732317
924 2.450868275732317
925 2.450868275732317
926 2.450868275732317
927 3.558684694718748
928 3.558684694718748
929 3.558684694718748
930 3.558684694718748
931 6.42731626084783
932 6.42731626084783
933 6.42731626084783
934 6.42731626084783
935 4.798019332771695
936 1.7365352057398153
937 1.7365352057398153
938 1.7365352057398153
939 1.7365352057398153
940 1.1241629681603598
941 1.1241629681603598
942 1.1241629681603598
943 1.1241629681603598
944 0.677564562263373
945 0.677564562263373
946 0.677564562263373
947 0.677564562263373
948 1.2996711686141305
949 1.2996711686141305
950 1.2996711686141305
951 1.2996711686141305
952 1.0878152510329462
953 1.0878152510329462
954 1.0878152510329462
955 1.0878152510329462
956 1.0372258207469993
957 1.0372258207469993
958 1.0372258207469993
959 1.0372258207469993
960 1.2902809594273044
961 1.2902809594273044
962 1.2902809594273044
963 1.2902809594273044
964 0.8508173752855013
965 0.8508173752855013
966 0.8508173752855013
967 0.8508173752855013
968 0.48624067189857323
969 0.48624067189857323
970 0.48624067189857323
971 0.48624067189857323
972 1.0831909950914855
973 1.0831909950914855
974 1.0831909950914855
975 1.0831909950914855
976 0.6514997282076784
977 0.6514997282076784
978 0.6514997282076784
979 0.6514997282076784
980 1.6887284625591958
981 1.6887284625591958
982 1.6887284625591958
983 1.6887284625591958
984 1.545805145470518
985 1.545805145470518
986 1.545805145470518
987 1.545805145470518
988 1.5956333596373755
989 1.5956333596373755
990 1.5956333596373755
991 1.5956333596373755
992 1.3505961824071333
993 1.3505961824071333
994 1.3505961824071333
995 1.3505961824071333
996 1.1189911855381405
997 1.1189911855381405
998 1.1189911855381405
999 1.1189911855381405
1000 1.408918732736612
1001 1.408918732736612
1002 1.408918732736612
1003 1.408918732736612
1004 0.8231568328922856
1005 0.8231568328922856
1006 0.8231568328922856
1007 0.8231568328922856
1008 1.4681448835234183
1009 1.4681448835234183
1010 1.4681448835234183
1011 1.4681448835234183
1012 1.2657748515045049
1013 1.2657748515045049
1014 1.2657748515045049
1015 1.2657748515045049
1016 1.0417968152407653
1017 1.0417968152407653
1018 1.0417968152407653
1019 1.0417968152407653
1020 1.615734072617705
1021 1.615734072617705
1022 1.615734072617705
1023 1.615734072617705
1024 1.2593391800222122
1025 1.2593391800222122
1026 1.2593391800222122
1027 1.2593391800222122
1028 0.7728833348847144
1029 0.7728833348847144
1030 0.7728833348847144
1031 0.7728833348847144
1032 0.8844125192462554
1033 0.8844125192462554
1034 0.8844125192462554
1035 0.8844125192462554
1036 1.1427908577985884
1037 1.1427908577985884
1038 1.1427908577985884
1039 1.1427908577985884
1040 1.2753385936266353
1041 1.2753385936266353
1042 1.2753385936266353
1043 1.2753385936266353
1044 0.6784363659541404
1045 0.6784363659541404
1046 0.6784363659541404
1047 0.6784363659541404
1048 0.9581354130850156
1049 0.9581354130850156
1050 0.9581354130850156
1051 0.9581354130850156
1052 1.2890865331530434
1053 1.2890865331530434
1054 1.2890865331530434
1055 1.2890865331530434
1056 1.4599846379598294
1057 1.4599846379598294
1058 1.4599846379598294
1059 1.4599846379598294
1060 0.9853442118234821
1061 0.9853442118234821
1062 0.9853442118234821
1063 0.9853442118234821
1064 0.3725533407126751
1065 0.3725533407126751
1066 0.3725533407126751
1067 0.3725533407126751
1068 1.9303696134299804
1069 1.9303696134299804
1070 1.9303696134299804
1071 1.9303696134299804
1072 0.551603767055443
1073 0.551603767055443
1074 0.551603767055443
1075 0.551603767055443
1076 0.6948419222954167
1077 0.6948419222954167
1078 0.6948419222954167
1079 4.36678818265692
1080 4.36678818265692
1081 4.36678818265692
1082 4.36678818265692
1083 3.1482404325155864
1084 3.1482404325155864
1085 3.1482404325155864
1086 2.7145723161560573
1087 2.7145723161560573
1088 2.7145723161560573
1089 2.7145723161560573
1090 3.213015644301671
1091 3.213015644301671
1092 3.213015644301671
1093 3.213015644301671
1094 2.6592913504049394
1095 2.6592913504049394
1096 2.6592913504049394
1097 2.6592913504049394
1098 2.1468157411732225
1099 2.1468157411732225
1100 2.1468157411732225
1101 2.1468157411732225
1102 2.4175329185541488
1103 2.4175329185541488
1104 2.4175329185541488
1105 2.4175329185541488
1106 3.241107605833907
1107 3.241107605833907
1108 3.241107605833907
1109 3.241107605833907
1110 1.8144047783012718
1111 1.8144047783012718
1112 1.8144047783012718
1113 1.8144047783012718
1114 2.1556398324330477
1115 2.1556398324330477
1116 2.1556398324330477
1117 2.1556398324330477
1118 2.134389660844798
1119 2.134389660844798
1120 2.134389660844798
1121 2.134389660844798
1122 2.0785959199049837
1123 2.0785959199049837
1124 2.0785959199049837
1125 2.0785959199049837
1126 2.553553197541704
1127 2.553553197541704
1128 2.553553197541704
1129 2.553553197541704
1130 3.3053890827443095
1131 3.3053890827443095
1132 3.3053890827443095
1133 3.3053890827443095
1134 2.174116417947948
1135 2.174116417947948
1136 2.174116417947948
1137 2.174116417947948
1138 2.7894839683371235
1139 2.7894839683371235
1140 2.7894839683371235
1141 2.7894839683371235
1142 2.279913852905342
1143 2.279913852905342
1144 2.279913852905342
1145 2.279913852905342
1146 2.7216222414679145
1147 2.7216222414679145
1148 2.7216222414679145
1149 2.7216222414679145
1150 1.8486444731998988
1151 1.8486444731998988
1152 1.8486444731998988
1153 1.8486444731998988
1154 3.2773952497689347
1155 3.2773952497689347
1156 3.2773952497689347
1157 3.2773952497689347
1158 1.2835835954690582
1159 1.2835835954690582
1160 1.2835835954690582
1161 1.2835835954690582
1162 2.777463383855426
1163 2.777463383855426
1164 2.777463383855426
1165 4.893732140945605
1166 4.893732140945605
1167 4.893732140945605
1168 4.893732140945605
1169 6.133036975134036
1170 6.133036975134036
1171 6.133036975134036
1172 6.133036975134036
1173 4.041952862525446
1174 4.041952862525446
1175 4.041952862525446
1176 4.041952862525446
1177 0.41035232298173296
1178 0.41035232298173296
1179 0.41035232298173296
1180 0.41035232298173296
1181 6.114981371229396
1182 6.114981371229396
1183 6.114981371229396
1184 6.114981371229396
1185 3.989777544349178
1186 3.989777544349178
1187 3.989777544349178
1188 3.989777544349178
1189 2.763155206823356
1190 2.763155206823356
1191 2.763155206823356
1192 2.763155206823356
1193 5.326832231482518
1194 5.326832231482518
1195 5.326832231482518
1196 5.326832231482518
1197 5.249862817564542
1198 5.249862817564542
1199 5.249862817564542
1200 5.249862817564542
1201 3.2319025096679677
1202 3.2319025096679677
1203 3.2319025096679677
1204 3.2319025096679677
1205 1.2949429767257388
1206 1.2949429767257388
1207 1.2949429767257388
1208 1.2949429767257388
1209 4.9339076913576605
1210 4.9339076913576605
1211 4.9339076913576605
1212 4.9339076913576605
1213 2.4921009663487617
1214 2.4921009663487617
1215 2.4921009663487617
1216 2.4921009663487617
1217 1.391895702364418
1218 1.391895702364418
1219 1.391895702364418
1220 1.391895702364418
1221 4.579951823210949
1222 4.579951823210949
1223 4.579951823210949
1224 4.579951823210949
1225 5.014377289564634
1226 5.014377289564634
1227 5.014377289564634
1228 5.014377289564634
1229 3.102783865678445
1230 3.102783865678445
1231 3.102783865678445
1232 3.102783865678445
1233 4.895311630530233
1234 4.895311630530233
1235 4.895311630530233
1236 4.895311630530233
1237 8.902578642132772
1238 8.902578642132772
1239 8.902578642132772
1240 8.902578642132772
1241 3.3359495608035497
1242 3.3359495608035497
1243 3.3359495608035497
1244 3.3359495608035497
1245 3.6482744935644886
1246 3.6482744935644886
1247 3.6482744935644886
1248 3.6482744935644886
1249 5.064715937589222
1250 5.064715937589222
1251 5.064715937589222
1252 5.064715937589222
1253 0.5085046072348121
1254 0.5085046072348121
1255 0.5085046072348121
1256 0.5085046072348121
1257 6.472465000442861
1258 6.472465000442861
1259 6.472465000442861
1260 6.472465000442861
1261 3.3815572743555062
1262 3.3815572743555062
1263 3.3815572743555062
1264 3.3815572743555062
1265 4.677747133156611
1266 4.677747133156611
1267 4.677747133156611
1268 4.677747133156611
1269 2.5526554867181743
1270 2.5526554867181743
1271 2.5526554867181743
1272 2.5526554867181743
1273 2.434770155467126
1274 2.434770155467126
1275 2.434770155467126
1276 2.434770155467126
1277 5.233217536205364
1278 5.233217536205364
1279 5.233217536205364
1280 5.233217536205364
1281 4.413220350789313
1282 4.413220350789313
1283 4.413220350789313
1284 4.413220350789313
1285 4.112491414702621
1286 4.112491414702621
1287 4.112491414702621
1288 4.112491414702621
1289 2.158702634950482
1290 2.158702634950482
1291 2.158702634950482
1292 2.158702634950482
1293 3.600284854634696
1294 3.600284854634696
1295 3.600284854634696
1296 3.600284854634696
1297 6.281459142444307
1298 6.281459142444307
1299 6.281459142444307
1300 6.281459142444307
1301 3.903832086006838
1302 3.903832086006838
1303 3.903832086006838
1304 3.903832086006838
1305 1.6136419070999475
1306 1.6136419070999475
1307 1.6136419070999475
1308 1.6136419070999475
1309 4.313921717995801
1310 4.313921717995801
1311 4.313921717995801
1312 4.313921717995801
1313 5.975176610362093
1314 5.975176610362093
1315 5.975176610362093
1316 5.975176610362093
1317 3.8963595078071624
1318 3.8963595078071624
1319 3.8963595078071624
1320 3.8963595078071624
1321 2.4284351373549953
1322 2.4284351373549953
1323 2.4284351373549953
1324 2.4284351373549953
1325 3.3792135623008215
1326 3.3792135623008215
1327 3.3792135623008215
1328 3.3792135623008215
1329 4.187077997410914
1330 4.187077997410914
1331 4.187077997410914
1332 3.68513858579358
1333 3.68513858579358
1334 3.68513858579358
1335 3.68513858579358
1336 3.663300489380465
1337 3.663300489380465
1338 3.663300489380465
1339 3.663300489380465
1340 2.1727375735898313
1341 2.1727375735898313
1342 2.1727375735898313
1343 2.1727375735898313
1344 3.1088933045307092
1345 3.1088933045307092
1346 3.1088933045307092
1347 3.1088933045307092
1348 2.416124567145002
1349 2.416124567145002
1350 2.416124567145002
1351 2.416124567145002
1352 2.444652449886912
1353 2.444652449886912
1354 2.444652449886912
1355 2.444652449886912
1356 2.36235153046013
1357 2.36235153046013
1358 2.36235153046013
1359 2.36235153046013
1360 3.943709204116298
1361 3.943709204116298
1362 3.943709204116298
1363 3.943709204116298
1364 2.8311382739304216
1365 2.8311382739304216
1366 2.8311382739304216
1367 2.8311382739304216
1368 1.766712450594806
1369 1.766712450594806
1370 1.766712450594806
1371 1.766712450594806
1372 2.7363803964367377
1373 2.7363803964367377
1374 2.7363803964367377
1375 2.7363803964367377
1376 3.1934479573741776
1377 3.1934479573741776
1378 3.1934479573741776
1379 3.1934479573741776
1380 4.087950482238895
1381 4.087950482238895
1382 4.087950482238895
1383 4.087950482238895
1384 2.5940905026814387
1385 2.5940905026814387
1386 2.5940905026814387
1387 2.5940905026814387
1388 3.1856012472719515
1389 3.1856012472719515
1390 3.1856012472719515
1391 3.1856012472719515
1392 3.9181374095790593
1393 3.9181374095790593
1394 3.9181374095790593
1395 3.9181374095790593
1396 3.6107049362735757
1397 3.6107049362735757
1398 3.6107049362735757
1399 3.6107049362735757
1400 3.2819770734926275
1401 3.2819770734926275
1402 3.2819770734926275
1403 3.2819770734926275
1404 2.929666829759283
1405 5.021108681266991
1406 5.021108681266991
1407 5.021108681266991
1408 5.021108681266991
1409 6.449989010297161
1410 6.449989010297161
1411 6.449989010297161
1412 6.449989010297161
1413 6.415708699913617
1414 6.415708699913617
1415 6.415708699913617
1416 6.415708699913617
1417 3.466101556964308
1418 3.466101556964308
1419 3.466101556964308
1420 3.466101556964308
1421 5.796878638942248
1422 5.796878638942248
1423 5.796878638942248
1424 5.796878638942248
1425 5.2228820648848275
1426 5.2228820648848275
1427 5.2228820648848275
1428 5.2228820648848275
1429 2.481412434368427
1430 2.481412434368427
1431 2.481412434368427
1432 2.481412434368427
1433 4.412443924577393
1434 4.528171735995913
1435 4.528171735995913
1436 4.528171735995913
1437 4.528171735995913
1438 1.7585262372192882
1439 1.7585262372192882
1440 1.7585262372192882
1441 1.7585262372192882
1442 3.0186296524255307
1443 3.0186296524255307
1444 3.0186296524255307
1445 3.0186296524255307
1446 2.3579158189938174
1447 2.3579158189938174
1448 2.3579158189938174
1449 2.3579158189938174
1450 3.665802175495984
1451 3.665802175495984
1452 3.665802175495984
1453 3.665802175495984
1454 3.761382662825953
1455 3.761382662825953
1456 3.761382662825953
1457 3.761382662825953
1458 1.6414561908155898
1459 1.6414561908155898
1460 1.6414561908155898
1461 1.6414561908155898
1462 2.5363350954896395
1463 2.5363350954896395
1464 2.5363350954896395
1465 2.5363350954896395
1466 1.4173612695366762
1467 1.4173612695366762
1468 1.4173612695366762
1469 1.4173612695366762
1470 2.1310480290555898
1471 2.1310480290555898
1472 2.1310480290555898
1473 2.1310480290555898
1474 3.961528337660964
1475 3.961528337660964
1476 3.961528337660964
1477 3.961528337660964
1478 2.033027682895327
1479 2.033027682895327
1480 2.033027682895327
1481 2.033027682895327
1482 3.0513615085629833
1483 3.0513615085629833
1484 3.0513615085629833
1485 3.0513615085629833
1486 1.834635961689118
1487 1.834635961689118
1488 1.834635961689118
1489 1.834635961689118
1490 2.3298330902788793
1491 2.3298330902788793
1492 2.3298330902788793
1493 2.3298330902788793
1494 0.9658387490723792
1495 0.9658387490723792
1496 0.9658387490723792
1497 0.9658387490723792
1498 3.3655513105328403
1499 3.3655513105328403
1500 3.3655513105328403
1501 3.3655513105328403
1502 1.8924884248258924
1503 1.8924884248258924
1504 1.8924884248258924
1505 1.8924884248258924
1506 4.068757871266745
1507 4.068757871266745
1508 4.068757871266745
1509 2.354973920871183
1510 2.354973920871183
1511 2.354973920871183
1512 2.354973920871183
1513 0.9748284012332873
1514 0.9748284012332873
1515 0.9748284012332873
1516 0.9748284012332873
1517 1.0652747077394684
1518 1.0652747077394684
1519 1.0652747077394684
1520 1.0652747077394684
1521 1.3498152106685768
1522 1.3498152106685768
1523 1.3498152106685768
1524 1.3498152106685768
1525 2.07402245475144
1526 2.07402245475144
1527 2.07402245475144
1528 2.07402245475144
1529 1.8930956462863435
1530 1.8930956462863435
1531 1.8930956462863435
1532 1.8930956462863435
1533 2.3478410055459533
1534 2.3478410055459533
1535 2.3478410055459533
1536 2.3478410055459533
1537 2.4771352874932577
1538 2.4771352874932577
1539 2.4771352874932577
1540 2.4771352874932577
1541 2.1501273270897654
1542 2.1501273270897654
1543 2.1501273270897654
1544 2.1501273270897654
1545 1.8329301052832574
1546 1.8329301052832574
1547 1.8329301052832574
1548 1.8329301052832574
1549 0.8960507725558045
1550 0.8960507725558045
1551 0.8960507725558045
1552 0.8960507725558045
1553 0.4064516466242034
1554 0.4064516466242034
1555 0.4064516466242034
1556 0.4064516466242034
1557 1.1676866835964586
1558 1.1676866835964586
1559 1.1676866835964586
1560 1.1676866835964586
1561 2.251679356356902
1562 2.251679356356902
1563 2.251679356356902
1564 2.251679356356902
1565 2.1027339305973856
1566 2.1027339305973856
1567 2.1027339305973856
1568 2.1027339305973856
1569 1.0369061101773576
1570 1.0369061101773576
1571 1.0369061101773576
1572 1.0369061101773576
1573 2.673078087815009
1574 2.673078087815009
1575 2.673078087815009
1576 2.673078087815009
1577 1.3165570068475845
1578 1.3165570068475845
1579 1.3165570068475845
1580 1.3165570068475845
1581 1.7042642035963294
1582 1.7042642035963294
1583 1.7042642035963294
1584 1.7042642035963294
1585 1.2491817992228138
1586 1.2491817992228138
1587 1.2491817992228138
1588 1.2491817992228138
1589 1.7336025981794938
1590 1.7336025981794938
1591 1.7336025981794938
1592 1.7336025981794938
1593 1.2613329813790914
1594 1.2613329813790914
1595 1.2613329813790914
1596 1.2613329813790914
1597 2.1748385592481405
1598 2.1748385592481405
1599 2.1748385592481405
1600 2.1748385592481405
1601 1.6110050242535876
1602 1.6110050242535876
1603 1.6110050242535876
1604 1.6110050242535876
1605 1.5678385021021815
1606 1.5678385021021815
1607 1.5678385021021815
1608 1.5678385021021815
1609 1.0327870524628204
1610 2.723662301307857
1611 2.723662301307857
1612 2.723662301307857
1613 2.723662301307857
1614 4.024391791726195
1615 4.024391791726195
1616 4.024391791726195
1617 4.024391791726195
1618 3.790683565982417
1619 3.790683565982417
1620 3.790683565982417
1621 3.790683565982417
1622 4.663468773363979
1623 4.663468773363979
1624 4.663468773363979
1625 4.663468773363979
1626 4.920297251880988
1627 4.920297251880988
1628 4.920297251880988
1629 4.920297251880988
1630 4.75939211738035
1631 4.75939211738035
1632 4.75939211738035
1633 4.75939211738035
1634 3.0661538985820163
1635 3.0661538985820163
1636 3.0661538985820163
1637 3.0661538985820163
1638 2.400266275580689
1639 2.400266275580689
1640 2.400266275580689
1641 2.400266275580689
1642 3.45159765294822
1643 3.45159765294822
1644 3.45159765294822
1645 3.45159765294822
1646 4.48871813803037
1647 4.48871813803037
1648 4.48871813803037
1649 4.48871813803037
1650 3.9046772806173187
1651 3.9046772806173187
1652 3.9046772806173187
1653 3.9046772806173187
1654 3.625898266699189
1655 3.625898266699189
1656 3.625898266699189
1657 3.625898266699189
1658 2.460057450732109
1659 2.460057450732109
1660 2.460057450732109
1661 2.460057450732109
1662 4.527805831050954
1663 4.527805831050954
1664 4.527805831050954
1665 4.527805831050954
1666 4.988729281139507
1667 4.988729281139507
1668 4.988729281139507
1669 4.988729281139507
1670 6.2351568539469575
1671 6.2351568539469575
1672 6.2351568539469575
1673 6.2351568539469575
1674 5.77552823973566
1675 5.77552823973566
1676 5.77552823973566
1677 5.77552823973566
1678 4.0042962039386145
1679 4.0042962039386145
1680 4.0042962039386145
1681 4.0042962039386145
1682 3.737026544860934
1683 3.737026544860934
1684 3.737026544860934
1685 3.737026544860934
1686 2.883883664577768
1687 2.883883664577768
1688 2.883883664577768
1689 2.883883664577768
1690 2.5762152002708674
1691 2.5762152002708674
1692 2.5762152002708674
1693 2.5762152002708674
1694 3.5270882510798036
1695 3.5270882510798036
1696 3.5270882510798036
1697 3.5270882510798036
1698 3.9105389165704714
1699 3.9105389165704714
1700 3.9105389165704714
1701 3.9105389165704714
1702 1.618982089582798
1703 1.618982089582798
1704 1.618982089582798
1705 1.618982089582798
1706 2.8876058936922204
1707 2.8876058936922204
1708 2.8876058936922204
1709 2.8876058936922204
1710 1.3038439752792788
1711 1.3038439752792788
1712 1.3038439752792788
1713 1.3038439752792788
1714 3.4107586606683102
1715 3.4107586606683102
1716 3.4107586606683102
1717 3.4107586606683102
1718 2.7481234436488737
1719 2.7481234436488737
1720 2.7481234436488737
1721 2.7481234436488737
1722 6.782345105205404
1723 6.782345105205404
1724 6.782345105205404
1725 6.782345105205404
1726 2.518416524878155
1727 2.518416524878155
1728 2.518416524878155
1729 2.518416524878155
1730 3.1478316403242625
1731 3.1478316403242625
1732 3.1478316403242625
1733 3.1478316403242625
1734 5.9022535160379395
1735 5.9022535160379395
1736 5.9022535160379395
1737 5.9022535160379395
1738 4.0036453658224636
1739 4.0036453658224636
1740 4.0036453658224636
1741 4.0036453658224636
1742 3.87787255196679
1743 3.87787255196679
1744 3.87787255196679
1745 3.87787255196679
1746 2.548415871545294
1747 2.548415871545294
1748 2.548415871545294
1749 2.548415871545294
1750 0.26176682858863165
1751 0.26176682858863165
1752 0.26176682858863165
1753 0.26176682858863165
1754 4.41267045596261
1755 4.41267045596261
1756 4.41267045596261
1757 4.41267045596261
1758 2.7812505716133247
1759 2.7812505716133247
1760 2.7812505716133247
1761 2.7812505716133247
1762 3.2649997251389733
1763 3.2649997251389733
1764 3.2649997251389733
1765 3.2649997251389733
1766 3.682286058613978
1767 3.682286058613978
1768 3.682286058613978
1769 3.682286058613978
1770 3.303893437729075
1771 3.303893437729075
1772 3.303893437729075
1773 3.303893437729075
1774 2.413668493451897
1775 2.413668493451897
1776 2.413668493451897
1777 2.413668493451897
1778 6.2347378560927815
1779 6.2347378560927815
1780 6.2347378560927815
1781 2.5882945655927014
1782 2.5882945655927014
1783 2.5882945655927014
1784 2.5882945655927014
1785 1.7913510853458487
1786 1.7913510853458487
1787 1.7913510853458487
1788 1.7913510853458487
1789 2.435103268173739
1790 2.435103268173739
1791 2.435103268173739
1792 2.435103268173739
1793 2.174615398218064
1794 2.174615398218064
1795 2.174615398218064
1796 2.174615398218064
1797 1.5635181303682648
1798 1.5635181303682648
1799 1.5635181303682648
1800 1.5635181303682648
1801 1.4292494327651735
1802 1.4292494327651735
1803 1.4292494327651735
1804 1.4292494327651735
1805 1.256692518851394
1806 1.256692518851394
1807 1.256692518851394
1808 1.256692518851394
1809 4.272882878506708
1810 4.272882878506708
1811 4.272882878506708
1812 4.272882878506708
1813 3.977056606562133
1814 3.977056606562133
1815 3.977056606562133
1816 3.977056606562133
1817 2.265978778130901
1818 2.265978778130901
1819 2.265978778130901
1820 2.265978778130901
1821 2.7935159469590385
1822 2.7935159469590385
1823 2.7935159469590385
1824 2.7935159469590385
1825 2.822649027192707
1826 2.822649027192707
1827 2.822649027192707
1828 2.822649027192707
1829 2.9915810714255624
1830 2.9915810714255624
1831 2.9915810714255624
1832 2.9915810714255624
1833 3.1541827533428615
1834 3.1541827533428615
1835 3.1541827533428615
1836 3.1541827533428615
1837 2.3467092343780123
1838 2.3467092343780123
1839 2.3467092343780123
1840 2.3467092343780123
1841 3.6680726174884453
1842 3.6680726174884453
1843 3.6680726174884453
1844 3.6680726174884453
1845 3.413917956851199
1846 3.413917956851199
1847 3.413917956851199
1848 3.413917956851199
1849 2.4561101656279267
1850 2.4561101656279267
1851 2.4561101656279267
1852 2.4561101656279267
1853 1.9125346450306853
1854 1.9125346450306853
1855 1.9125346450306853
1856 1.9125346450306853
1857 1.5632889363488616
1858 1.5632889363488616
1859 1.5632889363488616
1860 1.5632889363488616
1861 3.483997485820891
1862 3.483997485820891
1863 3.483997485820891
1864 3.483997485820891
1865 1.3675175601937362
1866 1.3675175601937362
1867 1.3675175601937362
1868 1.3675175601937362
1869 2.416934434497074
1870 2.416934434497074
1871 2.416934434497074
1872 2.416934434497074
1873 2.5927370550834365
1874 2.5927370550834365
1875 2.5927370550834365
1876 2.5927370550834365
1877 2.71296456921485
1878 2.71296456921485
1879 2.71296456921485
1880 2.71296456921485
1881 3.1990411051722734
1882 3.1990411051722734
1883 3.1990411051722734
1884 3.1990411051722734
1885 2.551731079423107
1886 2.551731079423107
1887 2.551731079423107
1888 2.551731079423107
1889 2.8118658244942196
1890 2.8118658244942196
1891 2.8118658244942196
1892 2.8118658244942196
1893 5.357136324432397
1894 5.357136324432397
1895 5.357136324432397
1896 5.357136324432397
1897 2.960815543200931
1898 2.960815543200931
1899 2.960815543200931
1900 2.960815543200931
1901 2.051101610636718
1902 2.051101610636718
1903 2.051101610636718
1904 2.051101610636718
1905 3.9736315860937284
1906 3.9736315860937284
1907 3.9736315860937284
1908 3.9736315860937284
1909 4.516858016887903
1910 4.516858016887903
1911 4.516858016887903
1912 4.516858016887903
1913 3.2150386980140095
1914 3.2150386980140095
1915 3.2150386980140095
1916 3.2150386980140095
1917 2.948084064108757
1918 2.948084064108757
1919 2.948084064108757
1920 2.948084064108757
1921 1.375773092136824
1922 1.375773092136824
1923 1.375773092136824
1924 1.375773092136824
1925 5.019111330557028
1926 5.019111330557028
1927 5.019111330557028
1928 5.019111330557028
1929 2.3005938825941907
1930 2.3005938825941907
1931 2.3005938825941907
1932 2.3005938825941907
1933 3.2197494535418363
1934 3.2197494535418363
1935 3.2197494535418363
1936 3.08835751347942
1937 3.08835751347942
1938 3.08835751347942
1939 3.08835751347942
1940 1.310246307893667
1941 1.310246307893667
1942 1.310246307893667
1943 1.310246307893667
1944 3.9478581172761578
1945 3.9478581172761578
1946 3.9478581172761578
1947 3.9478581172761578
1948 2.533358628396101
1949 2.533358628396101
1950 2.533358628396101
1951 2.533358628396101
1952 1.2502035852972524
1953 1.2502035852972524
1954 1.2502035852972524
1955 1.2502035852972524
1956 4.4101519717639235
1957 4.4101519717639235
1958 4.4101519717639235
1959 4.4101519717639235
1960 4.176663234099394
1961 4.176663234099394
1962 4.176663234099394
1963 4.176663234099394
1964 3.199387868514928
1965 3.199387868514928
1966 3.199387868514928
1967 3.199387868514928
1968 0.9413387726499562
1969 0.9413387726499562
1970 0.9413387726499562
1971 0.9413387726499562
1972 3.958559413133807
1973 3.958559413133807
1974 3.958559413133807
1975 3.958559413133807
1976 2.734561706048206
1977 2.734561706048206
1978 2.734561706048206
1979 2.734561706048206
1980 1.4183069892594915
1981 1.4183069892594915
1982 1.4183069892594915
1983 1.4183069892594915
1984 3.570851320270586
1985 3.570851320270586
1986 3.570851320270586
1987 3.570851320270586
1988 4.341307066442925
1989 4.341307066442925
1990 4.341307066442925
1991 4.341307066442925
1992 3.04637121197755
1993 3.04637121197755
1994 3.04637121197755
1995 3.04637121197755
1996 3.4828697711339203
1997 3.4828697711339203
1998 3.4828697711339203
1999 3.4828697711339203
