0 1.1251212132961854
1 1.1251212132961854
2 1.1251212132961854
3 1.1251212132961854
4 1.1251212132961854
5 1.242825399656929
6 1.242825399656929
7 1.242825399656929
8 1.242825399656929
9 1.242825399656929
10 1.1220293079874
11 1.1220293079874
12 1.534857120665734
13 2.995992545474654
14 2.995992545474654
15 2.995992545474654
16 2.995992545474654
17 2.995992545474654
18 3.9945601941273754
19 3.9945601941273754
20 3.9945601941273754
21 3.9945601941273754
22 3.9945601941273754
23 3.4113402936062576
24 3.4113402936062576
25 3.4113402936062576
26 3.4113402936062576
27 3.4113402936062576
28 2.7852429563940238
29 2.7852429563940238
30 2.7852429563940238
31 2.7852429563940238
32 2.7852429563940238
33 2.4521596654278555
34 2.4521596654278555
35 2.4521596654278555
36 2.4521596654278555
37 2.4521596654278555
38 3.489138576341357
39 3.489138576341357
40 3.489138576341357
41 3.489138576341357
42 3.489138576341357
43 3.79010429740169
44 3.79010429740169
45 3.79010429740169
46 3.79010429740169
47 3.79010429740169
48 2.344359581982735
49 2.344359581982735
50 2.344359581982735
51 2.344359581982735
52 2.344359581982735
53 2.766222340922316
54 2.766222340922316
55 2.766222340922316
56 2.766222340922316
57 2.766222340922316
58 3.9706783157939953
59 3.9706783157939953
60 3.9706783157939953
61 3.9706783157939953
62 1.3223391571989398
63 1.3223391571989398
64 1.3223391571989398
65 1.3223391571989398
66 1.3223391571989398
67 0.7032050643559233
68 0.7032050643559233
69 0.7032050643559233
70 0.7032050643559233
71 0.7032050643559233
72 0.8719248775992738
73 0.8719248775992738
74 0.8719248775992738
75 0.8719248775992738
76 0.8719248775992738
77 1.2642568253429902
78 1.2642568253429902
79 1.2642568253429902
80 1.2642568253429902
81 1.2642568253429902
82 0.4116075176026097
83 0.4116075176026097
84 0.4116075176026097
85 0.4116075176026097
86 0.4116075176026097
87 0.5159381380257112
88 0.5159381380257112
89 0.5159381380257112
90 0.5159381380257112
91 0.5159381380257112
92 0.8545925196564261
93 0.8545925196564261
94 0.8545925196564261
95 0.8545925196564261
96 0.8545925196564261
97 2.3608927710086327
98 2.3608927710086327
99 2.3608927710086327
100 2.3608927710086327
101 2.3608927710086327
102 0.5907043430636966
103 0.5907043430636966
104 0.5907043430636966
105 0.5907043430636966
106 0.5907043430636966
107 1.0817905631756801
108 1.0817905631756801
109 1.0817905631756801
110 1.0817905631756801
111 1.0817905631756801
112 0.6548245896692495
113 0.6548245896692495
114 0.6548245896692495
115 0.6548245896692495
116 0.6548245896692495
117 1.535233073585021
118 1.535233073585021
119 1.535233073585021
120 1.535233073585021
121 1.535233073585021
122 1.7547542552349036
123 1.7547542552349036
124 1.7547542552349036
125 1.7547542552349036
126 1.7547542552349036
127 1.133626909185246
128 1.133626909185246
129 1.133626909185246
130 1.133626909185246
131 1.133626909185246
132 0.8117977409289204
133 0.8117977409289204
134 0.8117977409289204
135 0.8117977409289204
136 0.8117977409289204
137 0.3688626981733557
138 0.3688626981733557
139 0.3688626981733557
140 0.3688626981733557
141 0.3688626981733557
142 1.146571712055016
143 1.146571712055016
144 1.146571712055016
145 1.146571712055016
146 2.315856944204853
147 2.315856944204853
148 2.315856944204853
149 2.315856944204853
150 2.315856944204853
151 2.566468218422586
152 2.566468218422586
153 2.566468218422586
154 2.566468218422586
155 2.566468218422586
156 0.6458158240890732
157 0.6458158240890732
158 0.6458158240890732
159 0.6458158240890732
160 0.6458158240890732
161 2.8966181307402183
162 2.8966181307402183
163 2.8966181307402183
164 2.8966181307402183
165 2.8966181307402183
166 6.029838200137377
167 6.029838200137377
168 6.029838200137377
169 6.029838200137377
170 6.029838200137377
171 2.594934968187954
172 2.594934968187954
173 2.594934968187954
174 2.594934968187954
175 2.594934968187954
176 3.319958682736562
177 3.319958682736562
178 3.319958682736562
179 3.319958682736562
180 3.319958682736562
181 2.120451188429242
182 2.120451188429242
183 2.120451188429242
184 2.120451188429242
185 2.120451188429242
186 0.8953937899195528
187 0.8953937899195528
188 0.8953937899195528
189 0.8953937899195528
190 0.8953937899195528
191 1.1698289400510262
192 1.1698289400510262
193 1.1698289400510262
194 1.1698289400510262
195 1.1698289400510262
196 3.5597965153441535
197 3.5597965153441535
198 3.5597965153441535
199 3.5597965153441535
200 3.5597965153441535
201 1.155366090365689
202 5.050475410388482
203 5.050475410388482
204 5.050475410388482
205 5.050475410388482
206 5.050475410388482
207 3.863536012151691
208 3.863536012151691
209 3.863536012151691
210 3.863536012151691
211 3.863536012151691
212 5.097845950774073
213 5.097845950774073
214 5.097845950774073
215 5.097845950774073
216 5.097845950774073
217 6.837563908276254
218 6.837563908276254
219 6.837563908276254
220 6.837563908276254
221 6.837563908276254
222 6.115163244965283
223 6.115163244965283
224 6.115163244965283
225 6.115163244965283
226 6.115163244965283
227 2.2930585207375747
228 2.2930585207375747
229 2.2930585207375747
230 2.2930585207375747
231 2.2930585207375747
232 5.87888674962292
233 5.87888674962292
234 5.87888674962292
235 5.87888674962292
236 5.87888674962292
237 4.3899265994532835
238 4.3899265994532835
239 4.3899265994532835
240 4.3899265994532835
241 4.3899265994532835
242 2.4679811140644974
243 2.4679811140644974
244 2.4679811140644974
245 2.4679811140644974
246 2.4679811140644974
247 3.240916944768205
248 3.240916944768205
249 3.240916944768205
250 3.240916944768205
251 3.240916944768205
252 1.0774467529860692
253 1.0774467529860692
254 1.0774467529860692
255 1.0774467529860692
256 1.0774467529860692
257 2.310759008351208
258 2.310759008351208
259 2.310759008351208
260 2.310759008351208
261 2.310759008351208
262 1.8749463063155902
263 1.8749463063155902
264 1.8749463063155902
265 1.8749463063155902
266 1.8749463063155902
267 2.3091501022449314
268 2.3091501022449314
269 2.3091501022449314
270 2.3091501022449314
271 2.3091501022449314
272 1.1381818760743798
273 1.1381818760743798
274 1.1381818760743798
275 1.1381818760743798
276 1.1381818760743798
277 2.9604189551812903
278 2.9604189551812903
279 2.9604189551812903
280 2.9604189551812903
281 2.9604189551812903
282 1.1613599559674013
283 1.1613599559674013
284 1.1613599559674013
285 1.1613599559674013
286 1.1613599559674013
287 2.223502974346529
288 2.223502974346529
289 2.223502974346529
290 2.223502974346529
291 2.223502974346529
292 3.2336327152160824
293 3.2336327152160824
294 3.2336327152160824
295 3.2336327152160824
296 3.2336327152160824
297 1.2656062631536389
298 1.2656062631536389
299 1.2656062631536389
300 1.2656062631536389
301 1.2656062631536389
302 1.0570144843999867
303 1.0570144843999867
304 1.0570144843999867
305 1.0570144843999867
306 1.0570144843999867
307 4.559894684944024
308 4.559894684944024
309 4.559894684944024
310 4.559894684944024
311 4.559894684944024
312 2.344839494674545
313 2.344839494674545
314 2.344839494674545
315 2.344839494674545
316 2.344839494674545
317 1.9694680624767653
318 1.9694680624767653
319 1.9694680624767653
320 1.9694680624767653
321 1.9694680624767653
322 3.5465473671069416
323 3.5465473671069416
324 3.5465473671069416
325 3.5465473671069416
326 3.5465473671069416
327 2.6520983192829632
328 6.761869448985927
329 6.761869448985927
330 6.761869448985927
331 6.761869448985927
332 6.761869448985927
333 3.1933355809414925
334 3.1933355809414925
335 4.979861193541431
336 4.979861193541431
337 4.979861193541431
338 4.979861193541431
339 4.979861193541431
340 3.4642265395296477
341 3.4642265395296477
342 3.4642265395296477
343 3.4642265395296477
344 3.4642265395296477
345 1.3651054066726185
346 1.3651054066726185
347 1.3651054066726185
348 1.3651054066726185
349 1.3651054066726185
350 1.8617983362568498
351 1.8617983362568498
352 1.8617983362568498
353 1.8617983362568498
354 1.8617983362568498
355 0.8723452475545663
356 0.8723452475545663
357 0.8723452475545663
358 0.8723452475545663
359 0.8723452475545663
360 2.9500222258745423
361 2.9500222258745423
362 2.9500222258745423
363 2.9500222258745423
364 2.9500222258745423
365 3.5746813711602687
366 3.5746813711602687
367 3.5746813711602687
368 3.5746813711602687
369 3.5746813711602687
370 2.983339844010832
371 2.983339844010832
372 0.2279297531277341
373 0.2279297531277341
374 0.2279297531277341
375 0.2279297531277341
376 0.2279297531277341
377 1.4779609786334669
378 1.4779609786334669
379 1.4779609786334669
380 1.4779609786334669
381 1.4779609786334669
382 0.9627289709804112
383 0.9627289709804112
384 0.9627289709804112
385 5.6499936065559435
386 5.6499936065559435
387 5.6499936065559435
388 5.6499936065559435
389 5.6499936065559435
390 4.619041373905605
391 4.619041373905605
392 4.619041373905605
393 4.619041373905605
394 4.619041373905605
395 6.521172758532412
396 6.521172758532412
397 6.521172758532412
398 6.521172758532412
399 6.521172758532412
400 2.2556564199024445
401 2.2556564199024445
402 2.2556564199024445
403 2.2556564199024445
404 2.2556564199024445
405 5.968036984682751
406 5.968036984682751
407 5.968036984682751
408 5.968036984682751
409 5.968036984682751
410 6.381243790200716
411 6.381243790200716
412 6.381243790200716
413 6.381243790200716
414 6.381243790200716
415 3.1187911118701415
416 3.1187911118701415
417 3.1187911118701415
418 3.1187911118701415
419 3.1187911118701415
420 5.072691899688882
421 5.072691899688882
422 5.072691899688882
423 5.072691899688882
424 5.072691899688882
425 3.2217894637660063
426 3.2217894637660063
427 3.2217894637660063
428 3.2217894637660063
429 3.2217894637660063
430 1.9791460025555274
431 1.9791460025555274
432 1.9791460025555274
433 1.9791460025555274
434 1.9791460025555274
435 2.588000587235851
436 2.588000587235851
437 2.588000587235851
438 2.588000587235851
439 2.588000587235851
440 4.736825877843942
441 4.736825877843942
442 4.736825877843942
443 4.736825877843942
444 4.736825877843942
445 7.26445440879917
446 7.26445440879917
447 7.26445440879917
448 7.26445440879917
449 7.26445440879917
450 3.3013724253319747
451 1.7742185268335193
452 1.7742185268335193
453 1.7742185268335193
454 1.7742185268335193
455 1.7742185268335193
456 0.53487880538662
457 0.53487880538662
458 0.53487880538662
459 0.53487880538662
460 0.53487880538662
461 1.1726096868629758
462 1.1726096868629758
463 1.1726096868629758
464 1.1726096868629758
465 1.1726096868629758
466 0.1
467 0.1
468 0.1
469 0.1
470 0.1
471 3.233238624361187
472 3.233238624361187
473 3.233238624361187
474 3.233238624361187
475 3.233238624361187
476 1.6332074082759531
477 1.6332074082759531
478 1.6332074082759531
479 1.6332074082759531
480 1.6332074082759531
481 1.784224065076628
482 1.784224065076628
483 1.784224065076628
484 1.784224065076628
485 1.784224065076628
486 1.000610371833192
487 1.000610371833192
488 1.000610371833192
489 1.000610371833192
490 1.000610371833192
491 1.7492864947732236
492 1.7492864947732236
493 1.7492864947732236
494 1.7492864947732236
495 1.7492864947732236
496 2.1651018784231537
497 2.1651018784231537
498 2.1651018784231537
499 2.1651018784231537
500 2.1651018784231537
501 1.4333263609712863
502 1.4333263609712863
503 1.4333263609712863
504 1.4333263609712863
505 1.4333263609712863
506 1.9778809686553243
507 1.9778809686553243
508 1.9778809686553243
509 1.9778809686553243
510 1.9778809686553243
511 1.345950297070259
512 1.345950297070259
513 1.345950297070259
514 1.6311214585654246
515 1.6311214585654246
516 1.6311214585654246
517 1.6311214585654246
518 1.6311214585654246
519 0.7066874271945816
520 0.7066874271945816
521 0.7066874271945816
522 0.7066874271945816
523 0.7066874271945816
524 2.840509203124645
525 2.840509203124645
526 2.840509203124645
527 2.840509203124645
528 2.840509203124645
529 3.9920409916297133
530 3.9920409916297133
531 3.9920409916297133
532 3.9920409916297133
533 3.9920409916297133
534 2.5232090340247715
535 2.5232090340247715
536 2.5232090340247715
537 2.5232090340247715
538 2.5232090340247715
539 5.69701342926405
540 5.69701342926405
541 5.69701342926405
542 5.69701342926405
543 5.69701342926405
544 3.598178515213398
545 3.598178515213398
546 3.598178515213398
547 3.598178515213398
548 3.598178515213398
549 3.2826056582026077
550 3.2826056582026077
551 3.2826056582026077
552 3.2826056582026077
553 3.2826056582026077
554 5.44438138939687
555 5.44438138939687
556 5.44438138939687
557 5.44438138939687
558 5.44438138939687
559 4.533578773289496
560 4.533578773289496
561 4.533578773289496
562 4.533578773289496
563 4.533578773289496
564 3.652797839500882
565 3.652797839500882
566 3.652797839500882
567 3.652797839500882
568 3.652797839500882
569 7.512140291002146
570 7.512140291002146
571 7.512140291002146
572 7.512140291002146
573 7.512140291002146
574 4.827487262762531
575 4.827487262762531
576 4.827487262762531
577 4.827487262762531
578 4.827487262762531
579 1.2033959044262192
580 1.2033959044262192
581 1.2033959044262192
582 1.2033959044262192
583 1.2033959044262192
584 2.4056825492694807
585 2.4056825492694807
586 2.4056825492694807
587 2.4056825492694807
588 2.4056825492694807
589 2.349354521582611
590 2.349354521582611
591 2.349354521582611
592 2.349354521582611
593 2.349354521582611
594 4.057970519831741
595 4.057970519831741
596 4.057970519831741
597 4.057970519831741
598 4.057970519831741
599 4.20160406750434
600 4.20160406750434
601 4.20160406750434
602 4.20160406750434
603 4.20160406750434
604 3.000004920337919
605 3.000004920337919
606 3.000004920337919
607 3.000004920337919
608 3.000004920337919
609 4.63284205763091
610 4.63284205763091
611 4.63284205763091
612 4.63284205763091
613 4.63284205763091
614 5.958432003306906
615 5.958432003306906
616 5.958432003306906
617 5.958432003306906
618 5.958432003306906
619 3.068431665147444
620 3.068431665147444
621 3.068431665147444
622 3.068431665147444
623 3.068431665147444
624 1.253607640000706
625 1.253607640000706
626 1.253607640000706
627 1.253607640000706
628 1.253607640000706
629 3.0766776410136614
630 3.0766776410136614
631 3.0766776410136614
632 3.0766776410136614
633 3.0766776410136614
634 2.491887802686284
635 2.491887802686284
636 2.491887802686284
637 2.491887802686284
638 2.491887802686284
639 2.5143794053386648
640 2.8436662067222884
641 2.8436662067222884
642 2.8436662067222884
643 2.8436662067222884
644 2.8436662067222884
645 2.4830688505468
646 2.4830688505468
647 2.4830688505468
648 2.4830688505468
649 2.4830688505468
650 1.8669892306242775
651 1.8669892306242775
652 1.8669892306242775
653 1.8669892306242775
654 1.8669892306242775
655 2.3152994161908182
656 2.3152994161908182
657 2.3152994161908182
658 2.3152994161908182
659 2.3152994161908182
660 1.0915819743544288
661 1.0915819743544288
662 1.0915819743544288
663 1.0915819743544288
664 1.0915819743544288
665 1.626628506140852
666 1.626628506140852
667 1.626628506140852
668 1.626628506140852
669 1.626628506140852
670 2.566437778178943
671 2.566437778178943
672 2.566437778178943
673 2.5661753141649015
674 2.5661753141649015
675 2.5661753141649015
676 2.5661753141649015
677 2.5661753141649015
678 4.643821592171685
679 4.643821592171685
680 4.643821592171685
681 4.643821592171685
682 4.643821592171685
683 3.719188386467499
684 3.719188386467499
685 3.719188386467499
686 3.719188386467499
687 3.719188386467499
688 3.909321770761822
689 3.909321770761822
690 3.909321770761822
691 3.909321770761822
692 3.909321770761822
693 1.4740362860100766
694 1.4740362860100766
695 1.4740362860100766
696 1.4740362860100766
697 1.4740362860100766
698 3.974183500670522
699 3.974183500670522
700 3.974183500670522
701 3.974183500670522
702 3.974183500670522
703 1.1992641025154185
704 1.1992641025154185
705 1.1992641025154185
706 1.1992641025154185
707 1.1992641025154185
708 2.3099066101007257
709 2.3099066101007257
710 2.3099066101007257
711 2.3099066101007257
712 2.3099066101007257
713 2.59912102622105
714 2.59912102622105
715 2.59912102622105
716 2.59912102622105
717 2.59912102622105
718 1.8781580492941183
719 1.8781580492941183
720 1.8781580492941183
721 1.8781580492941183
722 1.8781580492941183
723 2.6044073272415114
724 2.6044073272415114
725 2.6044073272415114
726 2.6044073272415114
727 2.6044073272415114
728 3.853884951472311
729 3.853884951472311
730 3.853884951472311
731 3.853884951472311
732 3.853884951472311
733 3.1161386964533513
734 3.1161386964533513
735 3.1161386964533513
736 3.1161386964533513
737 3.1161386964533513
738 2.3226207301408617
739 2.3226207301408617
740 2.3226207301408617
741 2.3226207301408617
742 2.3226207301408617
743 4.260091962761512
744 4.260091962761512
745 4.260091962761512
746 4.260091962761512
747 4.260091962761512
748 1.5268742493746292
749 1.5268742493746292
750 1.5268742493746292
751 1.5268742493746292
752 1.5268742493746292
753 3.9853496921217673
754 3.9853496921217673
755 3.9853496921217673
756 3.9853496921217673
757 3.9853496921217673
758 3.6314387072659446
759 3.6314387072659446
760 3.6314387072659446
761 3.6314387072659446
762 3.6314387072659446
763 3.7998878650322574
764 3.7998878650322574
765 3.7998878650322574
766 3.7998878650322574
767 3.7998878650322574
768 1.4195100588670826
769 1.4195100588670826
770 1.4195100588670826
771 1.4195100588670826
772 1.4195100588670826
773 1.660550491374675
774 1.660550491374675
775 1.660550491374675
776 1.660550491374675
777 1.660550491374675
778 3.1575426550652788
779 3.1575426550652788
780 3.1575426550652788
781 6.358301767373991
782 6.358301767373991
783 6.358301767373991
784 6.358301767373991
785 6.358301767373991
786 4.8684167420929185
787 4.8684167420929185
788 4.8684167420929185
789 4.8684167420929185
790 4.8684167420929185
791 4.9756670344464204
792 4.9756670344464204
793 4.9756670344464204
794 4.9756670344464204
795 4.9756670344464204
796 2.1487058418864455
797 2.1487058418864455
798 2.1487058418864455
799 2.1487058418864455
800 2.1487058418864455
801 6.6165652801704695
802 6.6165652801704695
803 6.6165652801704695
804 6.6165652801704695
805 6.6165652801704695
806 1.9203105635405895
807 1.9203105635405895
808 1.9203105635405895
809 1.9203105635405895
810 1.9203105635405895
811 1.7105415719300443
812 1.7105415719300443
813 1.7105415719300443
814 1.7105415719300443
815 1.7105415719300443
816 6.268725723923946
817 6.268725723923946
818 6.268725723923946
819 6.268725723923946
820 6.268725723923946
821 5.617995495601955
822 5.617995495601955
823 5.617995495601955
824 5.617995495601955
825 5.617995495601955
826 3.268528142186991
827 3.268528142186991
828 3.268528142186991
829 3.268528142186991
830 3.268528142186991
831 1.920886140550657
832 1.920886140550657
833 1.920886140550657
834 1.920886140550657
835 1.920886140550657
836 3.858679628820128
837 3.858679628820128
838 3.858679628820128
839 3.858679628820128
840 3.858679628820128
841 5.3619027049709445
842 5.3619027049709445
843 5.3619027049709445
844 5.3619027049709445
845 5.3619027049709445
846 2.748097206334055
847 2.748097206334055
848 2.748097206334055
849 2.748097206334055
850 2.748097206334055
851 3.6577252248129266
852 2.0084095916103832
853 2.0084095916103832
854 2.0084095916103832
855 2.0084095916103832
856 2.0084095916103832
857 4.023906216751047
858 4.023906216751047
859 4.023906216751047
860 4.023906216751047
861 4.023906216751047
862 2.1842899972800778
863 2.1842899972800778
864 2.1842899972800778
865 2.1842899972800778
866 2.1842899972800778
867 2.5064535313979244
868 2.5064535313979244
869 2.5064535313979244
870 2.5064535313979244
871 2.5064535313979244
872 3.1333345011575915
873 3.1333345011575915
874 3.1333345011575915
875 3.1333345011575915
876 3.1333345011575915
877 3.2809235861470074
878 3.2809235861470074
879 3.2809235861470074
880 3.2809235861470074
881 3.2809235861470074
882 4.257671187371033
883 4.257671187371033
884 4.257671187371033
885 4.257671187371033
886 4.257671187371033
887 3.874318819290904
888 3.874318819290904
889 3.874318819290904
890 3.874318819290904
891 1.9974096866181554
892 1.9974096866181554
893 1.9974096866181554
894 1.9974096866181554
895 1.9974096866181554
896 3.7432111424504217
897 3.7432111424504217
898 3.7432111424504217
899 3.7432111424504217
900 3.7432111424504217
901 1.652921094828107
902 1.652921094828107
903 1.652921094828107
904 1.652921094828107
905 1.652921094828107
906 1.3566060133498064
907 1.3566060133498064
908 1.3566060133498064
909 1.3566060133498064
910 1.3566060133498064
911 1.8485450288252472
912 1.8485450288252472
913 1.8485450288252472
914 1.8485450288252472
915 1.8485450288252472
916 0.13076952760680305
917 0.13076952760680305
918 0.13076952760680305
919 0.13076952760680305
920 0.13076952760680305
921 1.0391766489937821
922 1.0391766489937821
923 1.0391766489937821
924 1.0391766489937821
925 1.0391766489937821
926 1.6199244977564558
927 1.6199244977564558
928 1.6199244977564558
929 1.6199244977564558
930 1.6199244977564558
931 2.782377681384574
932 2.782377681384574
933 2.782377681384574
934 2.782377681384574
935 2.782377681384574
936 3.5561338126808026
937 3.5561338126808026
938 3.5561338126808026
939 3.5561338126808026
940 3.5561338126808026
941 2.4915985720997287
942 2.4915985720997287
943 2.4915985720997287
944 2.4915985720997287
945 2.4915985720997287
946 2.7431451189659195
947 2.7431451189659195
948 2.7431451189659195
949 2.7431451189659195
950 2.7431451189659195
951 2.256630586199715
952 2.256630586199715
953 2.256630586199715
954 2.256630586199715
955 2.256630586199715
956 3.049465250610802
957 3.049465250610802
958 3.049465250610802
959 3.049465250610802
960 3.049465250610802
961 0.19025415114847455
962 0.19025415114847455
963 0.19025415114847455
964 0.19025415114847455
965 0.19025415114847455
966 2.453707408767822
967 2.453707408767822
968 2.453707408767822
969 2.453707408767822
970 2.453707408767822
971 2.0058675395138033
972 2.0058675395138033
973 2.0058675395138033
974 2.0058675395138033
975 2.0058675395138033
976 1.4154740438232318
977 1.4154740438232318
978 1.4154740438232318
979 1.4154740438232318
980 1.4154740438232318
981 1.9374517945559404
982 1.9374517945559404
983 1.9374517945559404
984 1.9374517945559404
985 1.9374517945559404
986 1.4710485358368435
987 1.4710485358368435
988 1.4710485358368435
989 1.4710485358368435
990 1.4710485358368435
991 0.5009105297788565
992 0.5009105297788565
993 0.5009105297788565
994 0.5009105297788565
995 0.5009105297788565
996 3.0649437132871817
997 3.0649437132871817
998 3.0649437132871817
999 3.0649437132871817
1000 3.0649437132871817
1001 2.5095811222157183
1002 2.5095811222157183
1003 2.5095811222157183
1004 2.5095811222157183
1005 2.5095811222157183
1006 2.213198805907076
1007 2.213198805907076
1008 2.213198805907076
1009 2.213198805907076
1010 2.213198805907076
1011 2.3937972198938096
1012 2.3937972198938096
1013 2.3937972198938096
1014 2.3937972198938096
1015 2.3937972198938096
1016 2.2607525681661853
1017 2.2607525681661853
1018 2.2607525681661853
1019 2.2607525681661853
1020 2.2607525681661853
1021 1.357740606300692
1022 1.357740606300692
1023 1.357740606300692
1024 1.357740606300692
1025 1.357740606300692
1026 2.607218277763213
1027 2.607218277763213
1028 2.607218277763213
1029 1.7424824455330885
1030 1.7424824455330885
1031 1.7424824455330885
1032 1.7424824455330885
1033 1.7424824455330885
1034 3.2780037970919738
1035 3.2780037970919738
1036 3.2780037970919738
1037 3.2780037970919738
1038 3.2780037970919738
1039 4.13083380164187
1040 4.13083380164187
1041 4.13083380164187
1042 4.13083380164187
1043 4.13083380164187
1044 2.5653320298778475
1045 5.654991371274931
1046 5.654991371274931
1047 5.654991371274931
1048 5.654991371274931
1049 5.654991371274931
1050 2.805239464152887
1051 2.805239464152887
1052 2.805239464152887
1053 2.805239464152887
1054 2.805239464152887
1055 5.659518192567832
1056 5.659518192567832
1057 5.659518192567832
1058 5.659518192567832
1059 5.659518192567832
1060 4.494447084699013
1061 4.494447084699013
1062 4.494447084699013
1063 4.494447084699013
1064 4.494447084699013
1065 3.866205008998165
1066 3.866205008998165
1067 3.866205008998165
1068 3.866205008998165
1069 3.866205008998165
1070 3.303196798298247
1071 3.303196798298247
1072 3.303196798298247
1073 3.303196798298247
1074 3.303196798298247
1075 6.377809898388289
1076 6.377809898388289
1077 6.377809898388289
1078 6.377809898388289
1079 6.377809898388289
1080 6.706074956585017
1081 6.706074956585017
1082 6.706074956585017
1083 6.706074956585017
1084 6.706074956585017
1085 4.599621593595683
1086 4.599621593595683
1087 4.599621593595683
1088 4.599621593595683
1089 4.599621593595683
1090 4.333096158887955
1091 4.333096158887955
1092 1.5880043811235152
1093 1.5880043811235152
1094 1.5880043811235152
1095 1.5880043811235152
1096 1.5880043811235152
1097 1.048311288000097
1098 1.048311288000097
1099 1.048311288000097
1100 1.048311288000097
1101 1.6085143361632177
1102 1.6085143361632177
1103 1.6085143361632177
1104 1.6085143361632177
1105 1.6085143361632177
1106 0.3227957360989797
1107 0.3227957360989797
1108 0.3227957360989797
1109 0.3227957360989797
1110 0.3227957360989797
1111 1.31781482238077
1112 1.31781482238077
1113 1.31781482238077
1114 1.31781482238077
1115 1.31781482238077
1116 1.4176974533417817
1117 1.4176974533417817
1118 1.4176974533417817
1119 1.4176974533417817
1120 1.4176974533417817
1121 1.066306317654465
1122 1.066306317654465
1123 1.066306317654465
1124 1.066306317654465
1125 1.066306317654465
1126 2.357050203420653
1127 2.357050203420653
1128 2.357050203420653
1129 2.357050203420653
1130 2.357050203420653
1131 2.1521938201113593
1132 2.1521938201113593
1133 2.1521938201113593
1134 2.1521938201113593
1135 2.1521938201113593
1136 4.387759408948043
1137 4.387759408948043
1138 4.387759408948043
1139 4.387759408948043
1140 4.387759408948043
1141 4.73708731726819
1142 4.73708731726819
1143 4.73708731726819
1144 4.73708731726819
1145 4.73708731726819
1146 0.6073396163497602
1147 0.6073396163497602
1148 0.6073396163497602
1149 0.6073396163497602
1150 0.6073396163497602
1151 1.9282900695531573
1152 1.9282900695531573
1153 1.9282900695531573
1154 1.9282900695531573
1155 1.9282900695531573
1156 4.8573933897656705
1157 4.8573933897656705
1158 4.8573933897656705
1159 4.8573933897656705
1160 4.8573933897656705
1161 7.915742004690691
1162 7.915742004690691
1163 7.915742004690691
1164 7.915742004690691
1165 7.915742004690691
1166 2.38088958816163
1167 2.38088958816163
1168 2.38088958816163
1169 2.38088958816163
1170 2.38088958816163
1171 1.1959242392949556
1172 1.1959242392949556
1173 1.1959242392949556
1174 1.1959242392949556
1175 1.1959242392949556
1176 1.5273501257936837
1177 1.5273501257936837
1178 1.5273501257936837
1179 1.5273501257936837
1180 1.5273501257936837
1181 4.882536751016156
1182 4.882536751016156
1183 4.882536751016156
1184 4.882536751016156
1185 4.882536751016156
1186 2.827884241857371
1187 2.827884241857371
1188 2.827884241857371
1189 2.827884241857371
1190 2.827884241857371
1191 3.3198320990477397
1192 3.3198320990477397
1193 3.3198320990477397
1194 3.3198320990477397
1195 3.3198320990477397
1196 3.9497063549734257
1197 3.9497063549734257
1198 3.9497063549734257
1199 3.9497063549734257
1200 1.5478013581680126
1201 1.5478013581680126
1202 1.5478013581680126
1203 1.5478013581680126
1204 1.5478013581680126
1205 1.5572762354039655
1206 1.5572762354039655
1207 1.5572762354039655
1208 1.5572762354039655
1209 1.5572762354039655
1210 1.0649816936552685
1211 1.0649816936552685
1212 1.0649816936552685
1213 1.0649816936552685
1214 1.0649816936552685
1215 1.3576938721499634
1216 1.3576938721499634
1217 1.3576938721499634
1218 1.3576938721499634
1219 1.3576938721499634
1220 1.2488001075423019
1221 1.2488001075423019
1222 1.2488001075423019
1223 1.2488001075423019
1224 1.2488001075423019
1225 1.0555096600119795
1226 1.0555096600119795
1227 1.0555096600119795
1228 1.0555096600119795
1229 1.0555096600119795
1230 0.6592476432682031
1231 0.6592476432682031
1232 0.6592476432682031
1233 0.6592476432682031
1234 0.6592476432682031
1235 1.7147356814096124
1236 1.7147356814096124
1237 1.7147356814096124
1238 1.7147356814096124
1239 1.1064123484609218
1240 1.1064123484609218
1241 1.1064123484609218
1242 1.1064123484609218
1243 1.1064123484609218
1244 1.2203087115832099
1245 1.2203087115832099
1246 1.2203087115832099
1247 1.2203087115832099
1248 1.2203087115832099
1249 1.0386079452169006
1250 1.0386079452169006
1251 1.0386079452169006
1252 1.0386079452169006
1253 1.0386079452169006
1254 0.22705117627456117
1255 0.22705117627456117
1256 0.22705117627456117
1257 0.22705117627456117
1258 0.22705117627456117
1259 0.5245459643563628
1260 0.5245459643563628
1261 0.5245459643563628
1262 0.5245459643563628
1263 0.5245459643563628
1264 0.7251460020586684
1265 0.7251460020586684
1266 0.7251460020586684
1267 0.7251460020586684
1268 0.7251460020586684
1269 0.41839789152408174
1270 0.41839789152408174
1271 0.41839789152408174
1272 0.41839789152408174
1273 0.41839789152408174
1274 0.2903859067595111
1275 0.2903859067595111
1276 0.2903859067595111
1277 0.2903859067595111
1278 0.2903859067595111
1279 0.15500430497896367
1280 0.15500430497896367
1281 0.15500430497896367
1282 0.15500430497896367
1283 0.15500430497896367
1284 0.832041589568576
1285 0.832041589568576
1286 0.832041589568576
1287 0.832041589568576
1288 0.832041589568576
1289 1.1940377603993482
1290 1.1940377603993482
1291 1.1940377603993482
1292 1.1940377603993482
1293 1.1940377603993482
1294 0.7380849176740103
1295 0.7380849176740103
1296 0.7380849176740103
1297 0.7380849176740103
1298 0.7380849176740103
1299 0.976470980379399
1300 0.976470980379399
1301 0.976470980379399
1302 0.976470980379399
1303 0.976470980379399
1304 0.48278778266535693
1305 0.48278778266535693
1306 0.48278778266535693
1307 0.48278778266535693
1308 0.48278778266535693
1309 0.24942670331941058
1310 0.24942670331941058
1311 0.24942670331941058
1312 0.24942670331941058
1313 0.24942670331941058
1314 0.5746039772542638
1315 0.5746039772542638
1316 4.2677857623366435
1317 4.2677857623366435
1318 4.2677857623366435
1319 4.2677857623366435
1320 4.2677857623366435
1321 5.006754520839319
1322 5.006754520839319
1323 5.006754520839319
1324 5.006754520839319
1325 5.006754520839319
1326 6.169572724172287
1327 6.169572724172287
1328 6.169572724172287
1329 6.169572724172287
1330 6.169572724172287
1331 6.015941380777062
1332 6.015941380777062
1333 6.015941380777062
1334 6.015941380777062
1335 6.015941380777062
1336 4.817154047907659
1337 4.817154047907659
1338 4.817154047907659
1339 4.817154047907659
1340 4.817154047907659
1341 4.63836952165062
1342 4.63836952165062
1343 4.63836952165062
1344 4.63836952165062
1345 4.63836952165062
1346 2.021711682493385
1347 2.021711682493385
1348 2.021711682493385
1349 2.021711682493385
1350 2.021711682493385
1351 3.0574666976162543
1352 3.0574666976162543
1353 3.0574666976162543
1354 3.0574666976162543
1355 3.0574666976162543
1356 2.4989921007929015
1357 2.4989921007929015
1358 2.4989921007929015
1359 2.4989921007929015
1360 2.4989921007929015
1361 4.252767466690116
1362 4.252767466690116
1363 4.252767466690116
1364 4.252767466690116
1365 4.252767466690116
1366 7.065611181831933
1367 7.065611181831933
1368 7.065611181831933
1369 7.065611181831933
1370 7.065611181831933
1371 6.10647453998416
1372 6.10647453998416
1373 6.10647453998416
1374 6.10647453998416
1375 4.255240504703308
1376 4.255240504703308
1377 4.255240504703308
1378 4.255240504703308
1379 4.255240504703308
1380 3.432274590373372
1381 3.432274590373372
1382 3.432274590373372
1383 3.432274590373372
1384 3.432274590373372
1385 2.496657258015219
1386 2.496657258015219
1387 2.496657258015219
1388 2.496657258015219
1389 2.496657258015219
1390 2.5368460409930584
1391 2.5368460409930584
1392 2.5368460409930584
1393 2.5368460409930584
1394 2.5368460409930584
1395 4.320096739047352
1396 4.320096739047352
1397 2.932016567588768
1398 2.932016567588768
1399 2.932016567588768
1400 2.932016567588768
1401 2.932016567588768
1402 3.795698416560356
1403 3.795698416560356
1404 3.795698416560356
1405 3.795698416560356
1406 3.795698416560356
1407 3.3894119218809946
1408 3.3894119218809946
1409 3.3894119218809946
1410 3.3894119218809946
1411 3.3894119218809946
1412 1.9840690446807883
1413 1.9840690446807883
1414 1.9840690446807883
1415 1.9840690446807883
1416 1.9840690446807883
1417 4.374242833427596
1418 4.374242833427596
1419 4.374242833427596
1420 4.374242833427596
1421 4.374242833427596
1422 0.2982959498076698
1423 0.2982959498076698
1424 0.2982959498076698
1425 0.2982959498076698
1426 0.2982959498076698
1427 2.5831862099574225
1428 2.5831862099574225
1429 2.5831862099574225
1430 2.5831862099574225
1431 2.5831862099574225
1432 4.4057422583741275
1433 4.4057422583741275
1434 4.4057422583741275
1435 4.4057422583741275
1436 4.4057422583741275
1437 2.7465339411464096
1438 2.7465339411464096
1439 2.7465339411464096
1440 2.7465339411464096
1441 2.7465339411464096
1442 2.582569577365485
1443 2.582569577365485
1444 2.582569577365485
1445 2.582569577365485
1446 2.582569577365485
1447 3.281815282999981
1448 3.281815282999981
1449 3.281815282999981
1450 3.281815282999981
1451 3.281815282999981
1452 3.033249170513592
1453 3.033249170513592
1454 3.033249170513592
1455 3.033249170513592
1456 3.033249170513592
1457 1.523230867104635
1458 1.523230867104635
1459 1.523230867104635
1460 1.523230867104635
1461 2.2745892849979406
1462 2.2745892849979406
1463 2.2745892849979406
1464 2.2745892849979406
1465 2.2745892849979406
1466 3.5870047612269986
1467 3.5870047612269986
1468 3.5870047612269986
1469 3.5870047612269986
1470 3.5870047612269986
1471 4.293829389275187
1472 4.293829389275187
1473 4.293829389275187
1474 4.293829389275187
1475 4.293829389275187
1476 3.064413395607162
1477 3.064413395607162
1478 3.064413395607162
1479 3.064413395607162
1480 3.064413395607162
1481 1.89712563982416
1482 1.89712563982416
1483 1.89712563982416
1484 1.89712563982416
1485 1.89712563982416
1486 3.0024454542493086
1487 3.0024454542493086
1488 3.0024454542493086
1489 3.0024454542493086
1490 3.0024454542493086
1491 2.8039232380234007
1492 2.8039232380234007
1493 2.8039232380234007
1494 2.8039232380234007
1495 2.8039232380234007
1496 1.7770519972261039
1497 1.7770519972261039
1498 1.7770519972261039
1499 1.7770519972261039
1500 1.7770519972261039
1501 3.3416260183675335
1502 3.3416260183675335
1503 3.3416260183675335
1504 3.3416260183675335
1505 3.3416260183675335
1506 1.6056146191261915
1507 1.6056146191261915
1508 1.6056146191261915
1509 1.6056146191261915
1510 1.6056146191261915
1511 4.949904331134263
1512 4.949904331134263
1513 4.949904331134263
1514 4.949904331134263
1515 4.949904331134263
1516 1.1706418855684873
1517 1.1706418855684873
1518 1.1706418855684873
1519 1.1706418855684873
1520 1.1706418855684873
1521 2.8067568613121843
1522 2.8067568613121843
1523 2.8067568613121843
1524 2.8067568613121843
1525 2.8067568613121843
1526 4.845102959782304
1527 4.845102959782304
1528 4.845102959782304
1529 4.845102959782304
1530 4.845102959782304
1531 3.5813128105148273
1532 3.5813128105148273
1533 3.5813128105148273
1534 3.5813128105148273
1535 3.5813128105148273
1536 2.7795121007048693
1537 2.7795121007048693
1538 1.229274086560486
1539 1.229274086560486
1540 1.229274086560486
1541 1.229274086560486
1542 1.229274086560486
1543 1.2604146068177713
1544 1.2604146068177713
1545 1.2604146068177713
1546 1.2604146068177713
1547 1.2604146068177713
1548 1.3221312287720597
1549 1.3221312287720597
1550 1.3221312287720597
1551 1.3221312287720597
1552 1.3221312287720597
1553 0.6591406542816439
1554 0.6591406542816439
1555 0.6591406542816439
1556 0.6591406542816439
1557 0.6591406542816439
1558 1.932530012269663
1559 1.932530012269663
1560 1.932530012269663
1561 1.932530012269663
1562 1.932530012269663
1563 1.3320685420297613
1564 2.344760453798414
1565 2.344760453798414
1566 2.344760453798414
1567 2.344760453798414
1568 2.344760453798414
1569 2.9871288821332347
1570 2.9871288821332347
1571 2.9871288821332347
1572 2.9871288821332347
1573 2.9871288821332347
1574 5.770209325522474
1575 5.770209325522474
1576 5.770209325522474
1577 5.770209325522474
1578 5.770209325522474
1579 0.1
1580 0.1
1581 0.1
1582 0.1
1583 0.1
1584 4.329493713207506
1585 4.329493713207506
1586 4.329493713207506
1587 4.329493713207506
1588 4.329493713207506
1589 1.1356296424084968
1590 1.1356296424084968
1591 1.1356296424084968
1592 1.1356296424084968
1593 1.1356296424084968
1594 3.561539996777725
1595 3.561539996777725
1596 3.561539996777725
1597 3.561539996777725
1598 3.561539996777725
1599 5.081854065962643
1600 5.081854065962643
1601 5.081854065962643
1602 5.081854065962643
1603 5.081854065962643
1604 2.9291148417348087
1605 2.9291148417348087
1606 2.9291148417348087
1607 2.9291148417348087
1608 2.9291148417348087
1609 4.128166414031871
1610 4.128166414031871
1611 4.128166414031871
1612 4.128166414031871
1613 4.128166414031871
1614 2.7864234294438948
1615 2.7864234294438948
1616 2.7864234294438948
1617 2.7864234294438948
1618 2.7864234294438948
1619 1.1606524258627493
1620 1.1606524258627493
1621 1.1606524258627493
1622 1.1606524258627493
1623 1.1606524258627493
1624 2.4606620144575815
1625 2.4606620144575815
1626 2.4606620144575815
1627 2.4606620144575815
1628 2.4606620144575815
1629 1.2307377180227608
1630 1.2307377180227608
1631 1.2307377180227608
1632 1.2307377180227608
1633 1.2307377180227608
1634 5.50411730018022
1635 5.50411730018022
1636 5.50411730018022
1637 5.50411730018022
1638 5.50411730018022
1639 4.480727215456611
1640 4.480727215456611
1641 4.480727215456611
1642 4.480727215456611
1643 4.480727215456611
1644 3.331897695140255
1645 3.331897695140255
1646 3.331897695140255
1647 3.331897695140255
1648 3.331897695140255
1649 3.3815377154486006
1650 3.3815377154486006
1651 3.3815377154486006
1652 3.3815377154486006
1653 3.3815377154486006
1654 1.9557993196341241
1655 1.9557993196341241
1656 1.9557993196341241
1657 1.9557993196341241
1658 1.9557993196341241
1659 3.479106541522242
1660 3.479106541522242
1661 3.479106541522242
1662 3.479106541522242
1663 3.479106541522242
1664 6.206889013271236
1665 6.206889013271236
1666 6.206889013271236
1667 6.206889013271236
1668 6.206889013271236
1669 4.371971854695933
1670 4.371971854695933
1671 4.371971854695933
1672 4.371971854695933
1673 4.371971854695933
1674 3.361429037802677
1675 3.361429037802677
1676 3.361429037802677
1677 3.361429037802677
1678 3.361429037802677
1679 3.526950104153695
1680 3.526950104153695
1681 3.526950104153695
1682 3.526950104153695
1683 3.526950104153695
1684 4.160679146232227
1685 4.160679146232227
1686 4.160679146232227
1687 4.160679146232227
1688 4.160679146232227
1689 3.619902246055064
1690 3.619902246055064
1691 3.619902246055064
1692 3.619902246055064
1693 3.619902246055064
1694 0.9136337305556328
1695 0.9136337305556328
1696 0.9136337305556328
1697 0.9136337305556328
1698 0.9136337305556328
1699 4.174173744415302
1700 4.174173744415302
1701 4.174173744415302
1702 4.174173744415302
1703 4.174173744415302
1704 3.6018399981894453
1705 3.6018399981894453
1706 3.6018399981894453
1707 3.6018399981894453
1708 3.6018399981894453
1709 4.469565579898722
1710 4.469565579898722
1711 4.469565579898722
1712 4.469565579898722
1713 4.469565579898722
1714 5.752829068226119
1715 5.752829068226119
1716 5.752829068226119
1717 5.752829068226119
1718 5.752829068226119
1719 2.0141984378080218
1720 2.0141984378080218
1721 2.0141984378080218
1722 2.0141984378080218
1723 2.0141984378080218
1724 2.794286995408741
1725 2.794286995408741
1726 2.794286995408741
1727 2.794286995408741
1728 2.794286995408741
1729 4.017628343286552
1730 4.017628343286552
1731 4.017628343286552
1732 4.017628343286552
1733 4.017628343286552
1734 5.591210961831987
1735 5.591210961831987
1736 5.591210961831987
1737 5.591210961831987
1738 5.591210961831987
1739 5.152099213041655
1740 5.152099213041655
1741 5.152099213041655
1742 5.152099213041655
1743 5.152099213041655
1744 3.8726297332406108
1745 3.8726297332406108
1746 3.8726297332406108
1747 3.8726297332406108
1748 3.8726297332406108
1749 3.15143179916224
1750 3.15143179916224
1751 3.15143179916224
1752 3.15143179916224
1753 3.15143179916224
1754 6.362455975728986
1755 6.362455975728986
1756 6.362455975728986
1757 6.362455975728986
1758 6.362455975728986
1759 3.4622303417087084
1760 3.4622303417087084
1761 3.4622303417087084
1762 3.4622303417087084
1763 3.4622303417087084
1764 3.1238635747258625
1765 3.1238635747258625
1766 3.1238635747258625
1767 3.1238635747258625
1768 3.1238635747258625
1769 4.786729783223617
1770 4.786729783223617
1771 4.786729783223617
1772 4.786729783223617
1773 4.786729783223617
1774 3.844534589247352
1775 3.844534589247352
1776 3.844534589247352
1777 3.844534589247352
1778 3.844534589247352
1779 3.1894905054672726
1780 3.1894905054672726
1781 3.1894905054672726
1782 3.1894905054672726
1783 3.1894905054672726
1784 4.226745515450112
1785 4.226745515450112
1786 4.226745515450112
1787 4.226745515450112
1788 4.226745515450112
1789 3.3210983449887914
1790 3.3210983449887914
1791 3.3210983449887914
1792 3.3210983449887914
1793 3.3210983449887914
1794 4.546014742571213
1795 4.546014742571213
1796 4.546014742571213
1797 4.546014742571213
1798 4.546014742571213
1799 5.848828472769893
1800 5.848828472769893
1801 5.848828472769893
1802 5.848828472769893
1803 5.848828472769893
1804 4.649959211126696
1805 4.649959211126696
1806 4.649959211126696
1807 4.649959211126696
1808 4.649959211126696
1809 2.8210264052473883
1810 2.8210264052473883
1811 2.8210264052473883
1812 2.8210264052473883
1813 2.8210264052473883
1814 3.903268577130378
1815 3.903268577130378
1816 3.903268577130378
1817 3.903268577130378
1818 3.903268577130378
1819 4.715245261979708
1820 4.715245261979708
1821 4.715245261979708
1822 4.715245261979708
1823 4.715245261979708
1824 4.563125531505608
1825 4.563125531505608
1826 4.563125531505608
1827 4.563125531505608
1828 4.563125531505608
1829 3.0984447332657306
1830 3.0984447332657306
1831 3.0984447332657306
1832 3.0984447332657306
1833 3.0984447332657306
1834 4.855941133939634
1835 1.123667429154741
1836 1.123667429154741
1837 1.123667429154741
1838 1.123667429154741
1839 1.123667429154741
1840 1.6856841753538052
1841 1.6856841753538052
1842 1.6856841753538052
1843 1.6856841753538052
1844 1.6856841753538052
1845 0.6872550622584245
1846 0.6872550622584245
1847 0.6872550622584245
1848 0.6872550622584245
1849 0.6872550622584245
1850 1.1463483048050394
1851 0.44390079806830773
1852 0.44390079806830773
1853 0.44390079806830773
1854 0.44390079806830773
1855 0.44390079806830773
1856 0.5547438948696505
1857 0.5547438948696505
1858 0.5547438948696505
1859 0.5547438948696505
1860 0.5547438948696505
1861 0.46833332999328625
1862 0.46833332999328625
1863 0.46833332999328625
1864 0.46833332999328625
1865 0.46833332999328625
1866 2.9487547473901907
1867 2.9487547473901907
1868 2.9487547473901907
1869 2.9487547473901907
1870 2.9487547473901907
1871 2.5254811241658044
1872 2.5254811241658044
1873 2.5254811241658044
1874 2.5254811241658044
1875 2.5254811241658044
1876 1.5373804691176005
1877 1.5373804691176005
1878 1.5373804691176005
1879 1.5373804691176005
1880 1.5373804691176005
1881 2.878040724105274
1882 2.878040724105274
1883 2.878040724105274
1884 2.878040724105274
1885 0.10755867179774399
1886 0.10755867179774399
1887 0.10755867179774399
1888 0.10755867179774399
1889 0.10755867179774399
1890 0.14210379505671009
1891 0.14210379505671009
1892 0.14210379505671009
1893 0.14210379505671009
1894 0.14210379505671009
1895 0.31022765853391954
1896 0.31022765853391954
1897 0.31022765853391954
1898 0.31022765853391954
1899 0.31022765853391954
1900 0.2910257683936942
1901 0.2910257683936942
1902 0.2910257683936942
1903 0.2910257683936942
1904 0.2910257683936942
1905 0.21983720622378475
1906 0.21983720622378475
1907 0.21983720622378475
1908 0.21983720622378475
1909 0.21983720622378475
1910 0.3319928284888698
1911 0.35765519688202385
1912 0.35765519688202385
1913 0.35765519688202385
1914 0.35765519688202385
1915 0.35765519688202385
1916 3.2017399161184854
1917 3.2017399161184854
1918 3.2017399161184854
1919 3.2017399161184854
1920 3.2017399161184854
1921 2.359673376649929
1922 2.359673376649929
1923 2.359673376649929
1924 2.359673376649929
1925 2.359673376649929
1926 3.5765952536258507
1927 3.5765952536258507
1928 3.5765952536258507
1929 3.5765952536258507
1930 3.5765952536258507
1931 2.6003353314095317
1932 2.6003353314095317
1933 2.6003353314095317
1934 2.6003353314095317
1935 2.6003353314095317
1936 5.023876085698118
1937 5.023876085698118
1938 5.023876085698118
1939 5.023876085698118
1940 5.023876085698118
1941 3.773597029679078
1942 3.773597029679078
1943 3.773597029679078
1944 3.773597029679078
1945 3.773597029679078
1946 4.7536860747984235
1947 4.7536860747984235
1948 4.7536860747984235
1949 4.7536860747984235
1950 4.7536860747984235
1951 4.617217203747169
1952 4.617217203747169
1953 4.617217203747169
1954 4.617217203747169
1955 4.617217203747169
1956 3.0030027404602504
1957 3.0030027404602504
1958 3.0030027404602504
1959 0.39931024132268134
1960 0.39931024132268134
1961 0.39931024132268134
1962 0.39931024132268134
1963 0.39931024132268134
1964 1.2769726840940727
1965 1.2769726840940727
1966 1.2769726840940727
1967 1.2769726840940727
1968 1.2769726840940727
1969 1.1800793324058338
1970 1.1800793324058338
1971 1.1800793324058338
1972 4.646863407544621
1973 4.646863407544621
1974 4.646863407544621
1975 4.646863407544621
1976 4.646863407544621
1977 1.7600945572397473
1978 1.7600945572397473
1979 1.7600945572397473
1980 1.7600945572397473
1981 1.7600945572397473
1982 6.116388534015686
1983 6.116388534015686
1984 6.116388534015686
1985 6.116388534015686
1986 6.116388534015686
1987 3.654010702261558
1988 3.654010702261558
1989 3.654010702261558
1990 3.654010702261558
1991 3.654010702261558
1992 1.7329650000500596
1993 1.7329650000500596
1994 1.7329650000500596
1995 1.7329650000500596
1996 1.7329650000500596
1997 3.689300564106322
1998 3.689300564106322
1999 3.689300564106322
