0 3.3718404806209943
1 3.3718404806209943
2 2.3923499703098865
3 2.3923499703098865
4 4.185378462584173
5 4.185378462584173
6 2.9516382991073096
7 2.9516382991073096
8 2.6780413611803637
9 2.6780413611803637
10 3.29980327782113
11 3.29980327782113
12 1.4485292205513924
13 1.4485292205513924
14 3.8325779330568723
15 3.8325779330568723
16 3.617568291829283
17 3.617568291829283
18 2.8920694464987284
19 2.8920694464987284
20 4.777091438165498
21 4.777091438165498
22 2.259459279127653
23 2.259459279127653
24 2.0354809259219557
25 2.0354809259219557
26 4.089712580737318
27 4.089712580737318
28 1.8502552294159869
29 1.8502552294159869
30 2.556864526664511
31 2.556864526664511
32 3.335854358556431
33 3.335854358556431
34 2.865832887857175
35 2.865832887857175
36 0.5836457752991868
37 0.5836457752991868
38 2.548680028874207
39 2.548680028874207
40 2.454179240917771
41 2.454179240917771
42 4.052278156853371
43 4.052278156853371
44 2.535585273910405
45 2.535585273910405
46 3.324125451310679
47 3.324125451310679
48 4.750920736154513
49 4.750920736154513
50 0.1
51 0.1
52 2.2400683239295516
53 2.2400683239295516
54 2.6545084046817924
55 2.6545084046817924
56 2.0085146566784875
57 2.0085146566784875
58 2.781967027188742
59 2.781967027188742
60 3.356643942882568
61 3.356643942882568
62 2.2023748707099795
63 2.2023748707099795
64 2.115888874878224
65 2.115888874878224
66 5.1366231447108675
67 5.1366231447108675
68 3.8875261828736645
69 3.8875261828736645
70 2.526017318755568
71 1.707758881180924
72 1.707758881180924
73 1.3359270954450078
74 1.3359270954450078
75 0.5542494189691098
76 2.902424441043354
77 2.902424441043354
78 2.99738258743941
79 2.99738258743941
80 4.399097702237753
81 4.399097702237753
82 2.6389569190667905
83 2.6389569190667905
84 2.268504487303052
85 2.268504487303052
86 1.5037873893417266
87 1.5037873893417266
88 2.5986924582499276
89 2.5986924582499276
90 3.9167088237562036
91 3.9167088237562036
92 1.966555615034264
93 1.966555615034264
94 2.3942549444562014
95 2.3942549444562014
96 4.49942443493903
97 4.49942443493903
98 3.7166157591816003
99 3.7166157591816003
100 2.6114953811463635
101 2.6114953811463635
102 1.8066872401785732
103 1.8066872401785732
104 1.831062632243613
105 1.831062632243613
106 3.766238464406847
107 3.766238464406847
108 2.142993978069576
109 2.142993978069576
110 2.0000584559534764
111 2.0000584559534764
112 3.6422275138971374
113 3.6422275138971374
114 2.388911565491619
115 2.388911565491619
116 5.40635255601031
117 5.40635255601031
118 3.0114891595287645
119 3.0114891595287645
120 5.228431228496163
121 5.228431228496163
122 3.778407343306824
123 3.778407343306824
124 1.2748935671571329
125 1.2748935671571329
126 1.5218494918502732
127 1.5218494918502732
128 2.5330758539078513
129 2.5330758539078513
130 1.4081304562597783
131 1.4081304562597783
132 2.5203037751656696
133 2.5203037751656696
134 1.8959903170651213
135 1.8959903170651213
136 1.2535078937680206
137 1.2535078937680206
138 1.6301607890127474
139 1.6301607890127474
140 3.4431314402134925
141 3.4431314402134925
142 4.115720025026573
143 4.115720025026573
144 2.4965473041267576
145 2.4965473041267576
146 2.1257766620686662
147 2.1257766620686662
148 4.896145424338512
149 4.896145424338512
150 2.814168595431898
151 2.814168595431898
152 3.6445554346466835
153 3.6445554346466835
154 3.7217609464091406
155 3.7217609464091406
156 4.708037527348995
157 4.708037527348995
158 5.615701258662561
159 5.615701258662561
160 3.520704523657685
161 3.520704523657685
162 3.2919160742916977
163 3.2919160742916977
164 4.183483288128731
165 4.183483288128731
166 2.2752507169128675
167 2.2752507169128675
168 1.5145440187804389
169 1.5145440187804389
170 4.006515056964666
171 4.006515056964666
172 0.8989465733904254
173 0.8989465733904254
174 3.8980375997657326
175 3.8980375997657326
176 4.881033113703172
177 4.881033113703172
178 4.1410081440699695
179 4.1410081440699695
180 1.483073996145762
181 1.483073996145762
182 3.288556673869468
183 3.288556673869468
184 1.6180586092133256
185 1.6180586092133256
186 3.9136170510667854
187 3.9136170510667854
188 1.8907672109503082
189 1.8907672109503082
190 2.951120208145384
191 2.951120208145384
192 2.697589249266779
193 2.697589249266779
194 4.529570470101292
195 4.529570470101292
196 3.870820970836919
197 3.870820970836919
198 1.9735564862452142
199 1.9735564862452142
200 2.780833989352037
201 2.780833989352037
202 3.326467539568143
203 3.326467539568143
204 5.257482803757483
205 5.257482803757483
206 3.3811625475708427
207 3.3811625475708427
208 1.7898249758689933
209 1.7898249758689933
210 2.108297974709994
211 2.108297974709994
212 2.308742498745781
213 2.308742498745781
214 2.2421245405386117
215 2.2421245405386117
216 1.9872751488860287
217 1.9872751488860287
218 3.458067447694588
219 3.458067447694588
220 3.1859579531615236
221 3.1859579531615236
222 4.181132798370692
223 4.181132798370692
224 3.9176321639110148
225 3.9176321639110148
226 3.2892892651765413
227 3.2892892651765413
228 2.752802546290938
229 2.752802546290938
230 2.7484052590604375
231 2.7484052590604375
232 1.3051136634143028
233 1.3051136634143028
234 5.103953764506522
235 5.103953764506522
236 0.5467412042585653
237 0.5467412042585653
238 0.60774762399854
239 0.60774762399854
240 0.883891539201082
241 0.883891539201082
242 0.6653316108021552
243 0.6653316108021552
244 0.5083085309227637
245 0.5083085309227637
246 0.9712894750275716
247 0.9712894750275716
248 0.46431729821326007
249 0.46431729821326007
250 0.5406781134933871
251 0.5406781134933871
252 0.20954899386708065
253 0.20954899386708065
254 0.6511902185445458
255 0.6511902185445458
256 0.729199953043635
257 0.729199953043635
258 0.7085354287273409
259 0.7085354287273409
260 0.7087616465905417
261 0.7087616465905417
262 0.7442343779762057
263 0.7442343779762057
264 0.7781179326012142
265 0.7781179326012142
266 0.446861246759791
267 0.446861246759791
268 0.399060389137052
269 0.399060389137052
270 0.8159518984934735
271 0.8159518984934735
272 0.37615800563456
273 0.37615800563456
274 0.8799686375817647
275 0.8799686375817647
276 1.2613299124010593
277 1.2613299124010593
278 0.4044970345958076
279 0.4044970345958076
280 0.5196519562533936
281 0.5196519562533936
282 0.6601836175313095
283 0.6601836175313095
284 0.5846953405652405
285 0.5846953405652405
286 0.5613936805104988
287 0.5613936805104988
288 0.6053930052258858
289 0.6053930052258858
290 0.6217252593919065
291 0.6217252593919065
292 0.556152132220595
293 0.556152132220595
294 0.7628745928385499
295 0.7628745928385499
296 0.7121740325406846
297 0.7121740325406846
298 0.8449797213100946
299 0.8449797213100946
300 0.4886810263808369
301 0.4886810263808369
302 0.6079644435808487
303 0.6079644435808487
304 0.6786515974991165
305 0.6786515974991165
306 0.6341841854759704
307 0.6341841854759704
308 0.1963524960073741
309 0.1963524960073741
310 0.8628590960309483
311 0.8628590960309483
312 1.0145600936106978
313 1.0145600936106978
314 0.538956039840585
315 0.538956039840585
316 0.6616620820005061
317 0.6616620820005061
318 0.9639249080330564
319 0.9639249080330564
320 0.8335404166758958
321 0.8335404166758958
322 0.6154115136959554
323 0.6154115136959554
324 0.4271958376554842
325 0.4271958376554842
326 0.534740281866748
327 0.534740281866748
328 0.6589917615822054
329 0.6589917615822054
330 0.7699407431460771
331 0.7699407431460771
332 0.31635279375446523
333 0.31635279375446523
334 0.7645113044329612
335 0.7645113044329612
336 0.5188366263334205
337 0.5188366263334205
338 0.8232639978677803
339 0.8232639978677803
340 0.4201461990642388
341 0.4201461990642388
342 0.32877402661086436
343 0.32877402661086436
344 0.7788852642582307
345 0.7788852642582307
346 0.7633797187869867
347 0.7633797187869867
348 0.97107068660642
349 0.97107068660642
350 0.9493926935753563
351 0.9493926935753563
352 0.41322467707734023
353 0.41322467707734023
354 0.8751376253198344
355 0.8751376253198344
356 0.6268459176367103
357 0.6268459176367103
358 1.22998124768597
359 1.22998124768597
360 0.6742935832156232
361 0.6742935832156232
362 0.6414134242122349
363 0.6414134242122349
364 1.1816558627200635
365 1.1816558627200635
366 0.6012324312872621
367 0.6012324312872621
368 0.7712837238527299
369 0.7712837238527299
370 0.6293796898013575
371 0.6293796898013575
372 0.8828128324103721
373 0.8828128324103721
374 0.24816054886857825
375 0.24816054886857825
376 0.3689131517209975
377 0.3689131517209975
378 0.1
379 0.1
380 0.6471080390669522
381 0.6471080390669522
382 0.635731675749757
383 0.635731675749757
384 0.9854290957932048
385 0.9854290957932048
386 0.7727204131152146
387 0.7727204131152146
388 0.6859006770329288
389 0.6859006770329288
390 0.7557907965687671
391 0.7557907965687671
392 0.7139268678852625
393 0.7139268678852625
394 0.1785330842871608
395 0.1785330842871608
396 0.8306945286053631
397 0.8306945286053631
398 1.0185469766600737
399 1.0185469766600737
400 0.7795463377285213
401 0.7795463377285213
402 0.7921511871214522
403 0.7921511871214522
404 0.5929843352707602
405 0.5929843352707602
406 0.7776270056183964
407 0.7776270056183964
408 0.20951670284310592
409 0.20951670284310592
410 0.8196148650663573
411 0.8196148650663573
412 0.4448122241281448
413 0.4448122241281448
414 1.0217430155968577
415 1.0217430155968577
416 0.662001023414614
417 0.662001023414614
418 0.7728950397093594
419 0.7728950397093594
420 0.5023171184588997
421 0.5023171184588997
422 0.568182115779059
423 0.568182115779059
424 0.6172207909168019
425 0.6172207909168019
426 0.29051644565201545
427 0.29051644565201545
428 0.5214832980684588
429 0.5214832980684588
430 0.6239766416045349
431 0.6239766416045349
432 0.5265125081850239
433 0.5265125081850239
434 0.7893201298337021
435 0.7893201298337021
436 0.9043655296304046
437 0.9043655296304046
438 0.624795207949359
439 0.624795207949359
440 0.8087886399581204
441 0.8087886399581204
442 0.6970791597154431
443 0.6970791597154431
444 0.5442203970610434
445 0.5442203970610434
446 1.0496116531082484
447 1.0496116531082484
448 0.2896909585643324
449 0.2896909585643324
450 0.8396292239617992
451 0.8396292239617992
452 0.2642233210548581
453 0.2642233210548581
454 0.4919281909924924
455 0.4919281909924924
456 0.3446713426418733
457 0.3446713426418733
458 0.7136258754781477
459 0.7136258754781477
460 0.5620334972287123
461 0.5620334972287123
462 0.4008219467243844
463 0.4008219467243844
464 0.5417998448833874
465 0.5417998448833874
466 1.0155155321015412
467 1.0155155321015412
468 0.5628102092633818
469 0.5628102092633818
470 0.5716182569340446
471 0.5716182569340446
472 0.7312146780671739
473 0.7312146780671739
474 0.9652777622826303
475 0.9652777622826303
476 0.8836752000794743
477 0.8836752000794743
478 0.44401411633597143
479 0.44401411633597143
480 0.7856695686889139
481 0.7856695686889139
482 0.1552588772551572
483 0.1552588772551572
484 0.5503614832695305
485 0.5503614832695305
486 0.18989133545732556
487 0.18989133545732556
488 0.8895639006950324
489 0.8895639006950324
490 1.3273157183893702
491 1.3273157183893702
492 0.6553699178096927
493 0.6553699178096927
494 0.6629497571427758
495 0.6629497571427758
496 0.4621535009621848
497 0.4621535009621848
498 0.4825913438991576
499 0.4825913438991576
500 0.8941923325613615
501 0.8941923325613615
502 0.8785138242476069
503 0.8785138242476069
504 0.6370013275896012
505 0.6370013275896012
506 0.7011611936884883
507 0.7011611936884883
508 0.5207244694071373
509 0.5207244694071373
510 0.7126581597895837
511 0.7126581597895837
512 0.3753740054958726
513 0.3753740054958726
514 0.6296634898568891
515 0.6296634898568891
516 0.596671788540789
517 0.596671788540789
518 0.791677625472826
519 0.791677625472826
520 0.8825988220092764
521 0.8825988220092764
522 0.712097141123819
523 0.712097141123819
524 0.8692341336428775
525 0.8692341336428775
526 0.5852158661508605
527 0.5852158661508605
528 0.22483267093386583
529 0.22483267093386583
530 0.9600332831386945
531 0.9600332831386945
532 0.7565151555702639
533 0.7565151555702639
534 0.5730470982892035
535 0.5730470982892035
536 0.4610653373527277
537 0.4610653373527277
538 0.4675739537917053
539 0.4675739537917053
540 0.42814810909595186
541 0.42814810909595186
542 0.9563412324275429
543 0.9563412324275429
544 0.3580951784386696
545 0.3580951784386696
546 0.5941504990499674
547 0.5941504990499674
548 0.3605039367540056
549 0.3605039367540056
550 0.9667046573936049
551 0.9667046573936049
552 0.7585485396448282
553 0.7585485396448282
554 0.8036452602853942
555 0.8036452602853942
556 0.4375263356417395
557 4.443859485721498
558 4.443859485721498
559 1.1835843819431464
560 1.1835843819431464
561 1.2939464607444717
562 1.2939464607444717
563 3.1607460973977872
564 3.1607460973977872
565 2.3521899832255997
566 2.3521899832255997
567 3.6291186991786515
568 3.6291186991786515
569 3.0774637869178694
570 3.0774637869178694
571 2.560843348510588
572 2.560843348510588
573 4.3017299501034865
574 4.3017299501034865
575 3.024621282558228
576 3.024621282558228
577 2.165525265342251
578 2.165525265342251
579 1.1107677150854158
580 1.1107677150854158
581 2.2584296972388964
582 2.2584296972388964
583 2.5119617945975845
584 2.5119617945975845
585 3.3736266672517683
586 3.3736266672517683
587 0.6201457566075794
588 0.6201457566075794
589 2.497355850797244
590 2.497355850797244
591 1.311969424709343
592 1.311969424709343
593 3.332094974229647
594 3.332094974229647
595 3.453159613061903
596 3.453159613061903
597 1.1272823138162475
598 1.1272823138162475
599 1.065434642200944
600 1.065434642200944
601 4.552481028415286
602 4.552481028415286
603 3.070394767683547
604 3.070394767683547
605 3.6397201969561643
606 3.6397201969561643
607 1.9915485893076494
608 1.9915485893076494
609 3.1007152437245837
610 3.1007152437245837
611 4.269082550416402
612 4.269082550416402
613 2.965728270990567
614 2.965728270990567
615 3.3858288579697717
616 3.3858288579697717
617 2.8456208817542263
618 2.8456208817542263
619 2.5154016051787464
620 2.5154016051787464
621 1.7433878102165496
622 1.7433878102165496
623 3.3369637634227822
624 3.3369637634227822
625 3.883805321607147
626 3.883805321607147
627 2.129321770923275
628 2.129321770923275
629 2.5676623886709735
630 2.5676623886709735
631 1.5335874690516014
632 1.5335874690516014
633 2.0931634952785982
634 2.0931634952785982
635 3.9527659689747323
636 3.9527659689747323
637 2.1872493213119295
638 2.1872493213119295
639 1.681613329090691
640 1.681613329090691
641 1.6167543438870795
642 1.6167543438870795
643 2.127888779715002
644 2.127888779715002
645 2.9248825715222195
646 2.9248825715222195
647 1.979199482234713
648 1.979199482234713
649 2.324759592545119
650 2.324759592545119
651 1.2923681078987919
652 1.2923681078987919
653 4.486122795226008
654 4.486122795226008
655 2.1169657888304805
656 2.1169657888304805
657 1.8010335801806234
658 1.8010335801806234
659 3.0294704118488816
660 3.0294704118488816
661 2.9175745399402033
662 2.9175745399402033
663 1.6309031001715601
664 1.6309031001715601
665 0.5897507723732027
666 0.5897507723732027
667 4.6479269616566
668 4.6479269616566
669 1.7134902231195963
670 1.7134902231195963
671 2.7025022893374926
672 2.7025022893374926
673 3.0623533546737205
674 3.0623533546737205
675 2.6755413231184204
676 2.6755413231184204
677 4.077032342534876
678 4.077032342534876
679 2.0486101420349003
680 2.0486101420349003
681 3.7262045463983213
682 3.7262045463983213
683 2.5679520260790896
684 2.5679520260790896
685 2.2341062097479525
686 2.2341062097479525
687 1.7483837811749803
688 1.7483837811749803
689 1.4037539013057934
690 1.4037539013057934
691 1.362445874998699
692 1.362445874998699
693 1.813991439956276
694 1.813991439956276
695 3.552259243797905
696 3.552259243797905
697 3.1155587207295903
698 3.1155587207295903
699 2.5654752860638155
700 2.5654752860638155
701 4.008254089552725
702 4.008254089552725
703 2.6088573200505425
704 2.6088573200505425
705 2.4724547179832155
706 2.4724547179832155
707 1.7524077483698863
708 1.7524077483698863
709 3.858560495277227
710 3.858560495277227
711 1.894785985722794
712 1.894785985722794
713 2.3934507317325546
714 2.3934507317325546
715 1.975512219247134
716 1.975512219247134
717 2.8591861145979225
718 2.8591861145979225
719 3.3564076857101774
720 3.3564076857101774
721 2.4224757729350794
722 2.4224757729350794
723 2.436307769669907
724 2.436307769669907
725 2.788029587121784
726 2.788029587121784
727 1.911384957975943
728 1.911384957975943
729 3.3167465866428056
730 3.3167465866428056
731 0.9958295855047747
732 0.9958295855047747
733 1.926687756204042
734 1.926687756204042
735 2.5404608517086507
736 2.5404608517086507
737 2.5702031236758875
738 2.5702031236758875
739 1.0920234485676474
740 1.0920234485676474
741 1.8805463502498665
742 1.8805463502498665
743 3.495189467944058
744 3.495189467944058
745 4.715837825134198
746 4.715837825134198
747 2.78667829019967
748 2.78667829019967
749 3.5541506572617756
750 3.5541506572617756
751 4.282375438256807
752 4.282375438256807
753 4.238448046540774
754 4.238448046540774
755 4.180047864514729
756 4.180047864514729
757 3.6989742563024466
758 3.6989742563024466
759 3.458849750857387
760 3.458849750857387
761 4.53935091782685
762 4.53935091782685
763 3.951007986146278
764 3.951007986146278
765 2.292140244946617
766 2.292140244946617
767 5.074559033285831
768 5.074559033285831
769 2.4169737308972117
770 2.4169737308972117
771 2.9885504990303673
772 2.9885504990303673
773 1.5498603317370758
774 1.5498603317370758
775 5.005498708255281
776 5.005498708255281
777 4.712160796351744
778 4.712160796351744
779 2.950109204921333
780 2.950109204921333
781 5.281699578043839
782 5.281699578043839
783 2.34846699131531
784 2.34846699131531
785 2.627449499666743
786 2.627449499666743
787 1.3214578069514795
788 1.3214578069514795
789 4.337532067889291
790 4.337532067889291
791 4.09369851426063
792 4.09369851426063
793 4.503379211161896
794 4.503379211161896
795 0.9061219415231241
796 0.9061219415231241
797 5.53578205136169
798 5.53578205136169
799 4.512653857458938
800 4.512653857458938
801 3.697870694296221
802 3.697870694296221
803 3.9954750185090404
804 3.9954750185090404
805 4.1082952661228544
806 4.1082952661228544
807 5.506027089065026
808 5.506027089065026
809 2.308815237285697
810 2.308815237285697
811 6.098109575581281
812 6.098109575581281
813 7.12019846979332
814 7.12019846979332
815 4.297902757234121
816 4.297902757234121
817 3.734762344063033
818 3.734762344063033
819 4.718581343717466
820 4.718581343717466
821 3.352612907346207
822 3.352612907346207
823 2.1580116679198627
824 2.1580116679198627
825 3.5530282899719197
826 3.5530282899719197
827 4.288535932980622
828 4.288535932980622
829 3.220849081755167
830 3.220849081755167
831 4.300856027921314
832 4.300856027921314
833 2.0110109114057924
834 2.0110109114057924
835 4.588635746406626
836 4.588635746406626
837 4.683180012524092
838 4.683180012524092
839 2.3636472511742737
840 2.3636472511742737
841 4.843448954770893
842 4.843448954770893
843 4.298658906098975
844 4.298658906098975
845 4.74824764352865
846 4.74824764352865
847 1.9122786098399451
848 1.9122786098399451
849 4.749253980026298
850 4.749253980026298
851 5.450255272759855
852 5.450255272759855
853 2.9806388307484717
854 2.9806388307484717
855 5.293526938168624
856 5.293526938168624
857 6.069577313224402
858 6.069577313224402
859 4.52998515308246
860 4.52998515308246
861 2.5947374230041444
862 2.5947374230041444
863 1.4471370449954657
864 1.4471370449954657
865 2.2387514740156855
866 2.2387514740156855
867 2.6279739469562964
868 2.6279739469562964
869 4.272028444344444
870 4.272028444344444
871 2.946984738303539
872 2.946984738303539
873 4.29862485005183
874 4.29862485005183
875 5.9293802536173
876 5.9293802536173
877 1.1435131330720267
878 1.1435131330720267
879 4.968000165707155
880 4.968000165707155
881 2.7731947808118536
882 2.7731947808118536
883 6.667275239737405
884 6.667275239737405
885 3.411020994334022
886 3.411020994334022
887 3.092131953433474
888 3.092131953433474
889 5.526345917581103
890 5.526345917581103
891 1.8237367074880138
892 1.8237367074880138
893 4.428376103405496
894 4.428376103405496
895 3.16177340258809
896 3.16177340258809
897 5.068125086386812
898 5.068125086386812
899 5.004493423298166
900 5.004493423298166
901 3.6867827610654835
902 3.6867827610654835
903 3.7986397290106653
904 3.7986397290106653
905 4.4168883204347935
906 4.4168883204347935
907 3.3525508117781375
908 3.3525508117781375
909 2.8337444370939977
910 2.8337444370939977
911 3.4362067311903517
912 3.4362067311903517
913 4.210665811197069
914 4.210665811197069
915 3.990458323662897
916 3.990458323662897
917 1.8265080601891683
918 1.8265080601891683
919 3.3085621872442808
920 3.3085621872442808
921 2.299391875092309
922 2.299391875092309
923 6.540377899860537
924 6.540377899860537
925 6.181581591023756
926 6.181581591023756
927 3.583830123779463
928 3.583830123779463
929 3.1063129877465276
930 3.1063129877465276
931 3.272065994247818
932 3.272065994247818
933 4.781111476460386
934 4.781111476460386
935 5.300037943177976
936 5.300037943177976
937 4.275715875423963
938 4.275715875423963
939 3.876924181615148
940 3.876924181615148
941 4.778119584401204
942 4.778119584401204
943 2.812707727545476
944 2.812707727545476
945 6.77872004602682
946 6.77872004602682
947 4.625637464002726
948 4.625637464002726
949 4.447224557767664
950 4.447224557767664
951 1.206336531035383
952 1.206336531035383
953 4.031939222122247
954 4.031939222122247
955 4.783165863768695
956 4.783165863768695
957 4.86425531892047
958 4.86425531892047
959 6.119736382429183
960 6.119736382429183
961 5.014523345424166
962 5.014523345424166
963 2.83400480443819
964 2.83400480443819
965 6.279523550637886
966 6.279523550637886
967 2.028295944124833
968 2.028295944124833
969 4.567297743066868
970 4.567297743066868
971 1.622482295917023
972 1.622482295917023
973 4.9867674363314665
974 4.9867674363314665
975 4.658853228358313
976 4.658853228358313
977 8.042319809274327
978 8.042319809274327
979 6.320163300704509
980 6.320163300704509
981 6.282177665653322
982 6.282177665653322
983 3.4616230120518807
984 3.4616230120518807
985 3.7421784070014974
986 3.7421784070014974
987 3.677765870455789
988 3.677765870455789
989 4.651965209916214
990 4.651965209916214
991 4.442674993830342
992 4.442674993830342
993 4.1459472276855145
994 4.1459472276855145
995 2.4298288709421785
996 2.4298288709421785
997 4.632889727513476
998 4.632889727513476
999 3.3003671413127513
1000 3.3003671413127513
1001 4.654558117442241
1002 4.654558117442241
1003 4.586557977153339
1004 4.586557977153339
1005 3.72407904995812
1006 3.72407904995812
1007 4.164277529853678
1008 4.164277529853678
1009 2.1107085866977258
1010 2.1107085866977258
1011 5.533983977907444
1012 5.533983977907444
1013 3.21286575803663
1014 3.21286575803663
1015 5.273089685123578
1016 5.273089685123578
1017 5.076330287674471
1018 5.076330287674471
1019 1.885534859204932
1020 1.885534859204932
1021 1.5179961011523986
1022 1.5179961011523986
1023 6.2800340384300615
1024 6.2800340384300615
1025 5.212777641555523
1026 5.212777641555523
1027 2.4420733506562513
1028 2.4420733506562513
1029 3.3291250123093015
1030 3.3291250123093015
1031 3.2329153532014336
1032 3.2329153532014336
1033 3.473155768505696
1034 3.473155768505696
1035 3.564992969292577
1036 3.564992969292577
1037 2.926573488017065
1038 2.926573488017065
1039 6.530456571699235
1040 6.530456571699235
1041 3.249687101319658
1042 3.249687101319658
1043 4.846462839105643
1044 4.846462839105643
1045 3.1663815430644044
1046 3.1663815430644044
1047 3.2653267998248396
1048 3.2653267998248396
1049 3.113250639401103
1050 3.113250639401103
1051 4.503555604756406
1052 4.503555604756406
1053 4.0711048845781805
1054 4.0711048845781805
1055 4.4187469038642275
1056 4.4187469038642275
1057 4.214817415014757
1058 4.214817415014757
1059 6.662592478284559
1060 6.662592478284559
1061 5.199250002448227
1062 5.199250002448227
1063 4.657175967882085
1064 4.657175967882085
1065 2.3369102864168787
1066 2.3369102864168787
1067 3.0522578622048773
1068 3.0522578622048773
1069 3.719713897807739
1070 3.719713897807739
1071 3.561961238189795
1072 3.561961238189795
1073 3.667653811205505
1074 3.667653811205505
1075 4.920196116085112
1076 4.920196116085112
1077 5.543428256644491
1078 5.543428256644491
1079 5.637045286870929
1080 5.637045286870929
1081 2.0147647461067586
1082 2.0147647461067586
1083 2.2488575208833805
1084 2.2488575208833805
1085 5.562505740897902
1086 5.562505740897902
1087 1.5296998852768664
1088 1.5296998852768664
1089 0.6068873901579291
1090 0.6068873901579291
1091 1.4889026643656287
1092 1.4889026643656287
1093 1.171621315413879
1094 1.171621315413879
1095 1.3332664074930638
1096 1.3332664074930638
1097 1.726008144697585
1098 1.726008144697585
1099 0.8123423233730707
1100 0.8123423233730707
1101 1.3255059546826071
1102 1.3255059546826071
1103 1.0205923087627267
1104 1.0205923087627267
1105 1.4118836755210322
1106 1.4118836755210322
1107 0.9869725497261711
1108 0.9869725497261711
1109 0.8094712246771515
1110 0.8094712246771515
1111 1.2082025584882012
1112 1.2082025584882012
1113 0.7452198477742304
1114 0.7452198477742304
1115 0.26222452092597826
1116 0.26222452092597826
1117 0.6854913547997719
1118 0.6854913547997719
1119 0.6281724861646768
1120 0.6281724861646768
1121 1.3337593080686836
1122 1.3337593080686836
1123 0.9755655959386618
1124 0.9755655959386618
1125 1.433137753920814
1126 1.433137753920814
1127 1.4183597491150222
1128 1.4183597491150222
1129 0.30888690916574724
1130 0.30888690916574724
1131 1.7704384019570516
1132 1.7704384019570516
1133 1.47561714408287
1134 1.47561714408287
1135 2.342266592284759
1136 2.342266592284759
1137 0.7194768659941089
1138 0.7194768659941089
1139 1.6547426732904023
1140 1.6547426732904023
1141 1.1599694941928533
1142 1.1599694941928533
1143 2.0404321988440417
1144 2.0404321988440417
1145 3.0469392240296007
1146 3.0469392240296007
1147 1.8129229321703582
1148 1.8129229321703582
1149 4.1469578083950305
1150 4.1469578083950305
1151 5.49287608936842
1152 5.49287608936842
1153 5.647187587852095
1154 5.647187587852095
1155 5.702642091510928
1156 5.702642091510928
1157 3.0914768058682567
1158 3.0914768058682567
1159 4.165960178099053
1160 4.165960178099053
1161 5.098286294735746
1162 5.098286294735746
1163 3.887072583003047
1164 3.887072583003047
1165 3.572450720095355
1166 3.572450720095355
1167 5.624510581298539
1168 5.624510581298539
1169 4.866986903346096
1170 4.866986903346096
1171 2.297900290256829
1172 2.297900290256829
1173 4.737865104838851
1174 4.737865104838851
1175 5.666271345858964
1176 0.9528862699280364
1177 0.9528862699280364
1178 2.8600418379847232
1179 2.8600418379847232
1180 1.729778409113657
1181 1.729778409113657
1182 1.9009455098562793
1183 1.9009455098562793
1184 1.6601207919036296
1185 1.6601207919036296
1186 2.2974580302288654
1187 2.2974580302288654
1188 1.2949786184941958
1189 1.2949786184941958
1190 2.9082832761687087
1191 2.9082832761687087
1192 1.4912530223229794
1193 1.4912530223229794
1194 1.118373275023711
1195 1.118373275023711
1196 1.5244944730659187
1197 1.5244944730659187
1198 2.255093125264149
1199 2.255093125264149
1200 0.9975595283764551
1201 0.9975595283764551
1202 2.4760305376137937
1203 2.4760305376137937
1204 2.1639861064359227
1205 2.1639861064359227
1206 2.861860396511842
1207 2.861860396511842
1208 1.887987727556485
1209 1.887987727556485
1210 1.0477757308075777
1211 1.0477757308075777
1212 2.1433801517844944
1213 2.1433801517844944
1214 3.270409869782081
1215 3.270409869782081
1216 2.584169338858285
1217 2.584169338858285
1218 3.424952739117574
1219 3.424952739117574
1220 4.481919661265143
1221 4.481919661265143
1222 3.202803443828731
1223 3.202803443828731
1224 2.9273264170700415
1225 2.9273264170700415
1226 3.626399650956049
1227 3.626399650956049
1228 3.443947065992119
1229 3.443947065992119
1230 2.677359705184852
1231 2.677359705184852
1232 3.621542459054873
1233 3.621542459054873
1234 3.9465581579832913
1235 3.9465581579832913
1236 1.7303381498313535
1237 1.7303381498313535
1238 2.557773855867919
1239 2.557773855867919
1240 2.6358440220577752
1241 2.6358440220577752
1242 3.29641384113794
1243 3.29641384113794
1244 1.6653052952191447
1245 1.6653052952191447
1246 1.8751538726405075
1247 1.8751538726405075
1248 4.65119941159247
1249 4.65119941159247
1250 1.0848853729445964
1251 1.0848853729445964
1252 4.246708120990822
1253 4.246708120990822
1254 3.451248724440861
1255 3.451248724440861
1256 3.530141293658215
1257 3.530141293658215
1258 3.5222454443835622
1259 3.5222454443835622
1260 1.3658356345241371
1261 1.3658356345241371
1262 3.356975845560504
1263 3.356975845560504
1264 1.7161175834355142
1265 1.7161175834355142
1266 3.714115582051363
1267 3.714115582051363
1268 4.587266958322584
1269 4.587266958322584
1270 3.2699755932925494
1271 3.2699755932925494
1272 0.4292755154775829
1273 0.4292755154775829
1274 3.6785504838545995
1275 3.6785504838545995
1276 5.036000040407833
1277 5.036000040407833
1278 3.380946871456098
1279 3.380946871456098
1280 3.6804124620750693
1281 3.6804124620750693
1282 1.0492178472926919
1283 1.0492178472926919
1284 3.085629409469547
1285 3.085629409469547
1286 4.522384800623719
1287 4.522384800623719
1288 3.1002668822237127
1289 3.1002668822237127
1290 0.38346614090471576
1291 0.38346614090471576
1292 2.8173439266683946
1293 2.8173439266683946
1294 3.7239636876198925
1295 3.7239636876198925
1296 2.008811963985817
1297 2.008811963985817
1298 3.69783267090424
1299 3.69783267090424
1300 3.292126568202762
1301 3.292126568202762
1302 3.86652101512158
1303 3.86652101512158
1304 3.062719235990751
1305 3.062719235990751
1306 1.0547043588122929
1307 1.0547043588122929
1308 2.1249150365078866
1309 2.1249150365078866
1310 1.9805331255239234
1311 1.9805331255239234
1312 2.726508700420635
1313 2.726508700420635
1314 3.71212541191467
1315 3.71212541191467
1316 4.948266743400636
1317 4.948266743400636
1318 2.6806500129852333
1319 2.6806500129852333
1320 2.4994396367801803
1321 2.4994396367801803
1322 2.495741372000198
1323 2.495741372000198
1324 2.7261719521419967
1325 2.7261719521419967
1326 1.3293809320478158
1327 1.3293809320478158
1328 1.4107967454101455
1329 1.4107967454101455
1330 1.8334991436000911
1331 1.8334991436000911
1332 1.8536397996229783
1333 1.8536397996229783
1334 0.6359994874666706
1335 0.6359994874666706
1336 1.2873386332624435
1337 1.2873386332624435
1338 1.7733748304764687
1339 1.7733748304764687
1340 1.5345132674742434
1341 1.5345132674742434
1342 2.2708358538604276
1343 2.2708358538604276
1344 0.1
1345 0.1
1346 1.7345190336550436
1347 1.7345190336550436
1348 0.9528498990344566
1349 0.9528498990344566
1350 1.449095304206545
1351 1.449095304206545
1352 1.6383202969243216
1353 1.6383202969243216
1354 1.4789190923370052
1355 1.4789190923370052
1356 1.6157682113363032
1357 1.6157682113363032
1358 1.208105024083725
1359 1.208105024083725
1360 0.7348151979437577
1361 0.7348151979437577
1362 1.492804912615555
1363 1.492804912615555
1364 1.3223100180696765
1365 1.3223100180696765
1366 2.0501128502880124
1367 2.0501128502880124
1368 0.6687969425361487
1369 0.6687969425361487
1370 0.7522717015826322
1371 0.7522717015826322
1372 1.6533648197800404
1373 1.6533648197800404
1374 1.349928722346001
1375 1.349928722346001
1376 1.3015052456229639
1377 1.3015052456229639
1378 1.019638963699919
1379 1.019638963699919
1380 1.393344612638868
1381 1.393344612638868
1382 1.126565168286127
1383 1.126565168286127
1384 2.147703930248915
1385 2.147703930248915
1386 1.1603859355775197
1387 1.1603859355775197
1388 1.5384509363442609
1389 1.5384509363442609
1390 2.586734537083877
1391 2.586734537083877
1392 1.0711418215341317
1393 1.0711418215341317
1394 2.8455656978014745
1395 2.8455656978014745
1396 3.715381933741866
1397 3.715381933741866
1398 3.48288276111849
1399 3.48288276111849
1400 3.2465312606855545
1401 3.2465312606855545
1402 2.75605309037866
1403 2.75605309037866
1404 3.7596101657452055
1405 3.7596101657452055
1406 2.6736767898537366
1407 2.6736767898537366
1408 0.48416717179647106
1409 0.48416717179647106
1410 2.1694913110739726
1411 2.1694913110739726
1412 3.0142345399835855
1413 3.0142345399835855
1414 1.4465522802884099
1415 1.4465522802884099
1416 1.1792082787473332
1417 1.1792082787473332
1418 1.2737466656153067
1419 1.2737466656153067
1420 1.83665609330001
1421 1.83665609330001
1422 0.9202921486717125
1423 0.9202921486717125
1424 1.48053989264981
1425 1.48053989264981
1426 1.434848037641039
1427 1.434848037641039
1428 0.4018837605674599
1429 0.4018837605674599
1430 1.327064242859778
1431 1.327064242859778
1432 1.3151934100459712
1433 0.1609536851160852
1434 0.1609536851160852
1435 0.2585229616713767
1436 0.2585229616713767
1437 0.30830213286447783
1438 0.30830213286447783
1439 0.21169297724770594
1440 0.21169297724770594
1441 0.14572672278763968
1442 0.14572672278763968
1443 0.13113127168447647
1444 0.13113127168447647
1445 0.21807583872941003
1446 0.21807583872941003
1447 0.1734206719929924
1448 0.1734206719929924
1449 0.15409814512488265
1450 0.15409814512488265
1451 0.18663393781583285
1452 0.18663393781583285
1453 0.16694497956894283
1454 0.16694497956894283
1455 0.188792209557994
1456 0.188792209557994
1457 0.16927837531230142
1458 0.16927837531230142
1459 0.32329818560397555
1460 0.32329818560397555
1461 0.1
1462 0.1
1463 0.19721866808503288
1464 0.19721866808503288
1465 0.1
1466 0.1
1467 0.34005443707360883
1468 0.34005443707360883
1469 0.15253236071384757
1470 0.15253236071384757
1471 0.21981611212738247
1472 0.21981611212738247
1473 3.6026858935311705
1474 3.6026858935311705
1475 3.697644075337863
1476 3.697644075337863
1477 3.0707911224301614
1478 3.0707911224301614
1479 2.00613327780171
1480 2.00613327780171
1481 2.6017682897686316
1482 2.6017682897686316
1483 5.052007744646543
1484 5.052007744646543
1485 5.250803188913342
1486 5.250803188913342
1487 3.770371267790441
1488 3.770371267790441
1489 3.626234292483076
1490 3.626234292483076
1491 1.877515524544774
1492 1.877515524544774
1493 3.232362930094663
1494 3.232362930094663
1495 2.0383614396445835
1496 2.0383614396445835
1497 3.4753501473080544
1498 3.4753501473080544
1499 2.6032214983899893
1500 2.6032214983899893
1501 2.652369171070214
1502 2.652369171070214
1503 0.4951773994618396
1504 0.4951773994618396
1505 5.358615895712511
1506 5.358615895712511
1507 3.6341730421860583
1508 3.6341730421860583
1509 0.1
1510 0.1
1511 6.053552528957867
1512 6.053552528957867
1513 4.495334500979547
1514 4.495334500979547
1515 5.449777708666467
1516 5.449777708666467
1517 5.376725436384067
1518 5.376725436384067
1519 1.8541457868157951
1520 1.8541457868157951
1521 5.02512647565613
1522 5.02512647565613
1523 4.643434851209632
1524 4.643434851209632
1525 2.5725017290144763
1526 2.5725017290144763
1527 3.007831707150005
1528 3.007831707150005
1529 3.0298175601801742
1530 3.0298175601801742
1531 5.367010586282536
1532 5.367010586282536
1533 4.656879138661879
1534 4.656879138661879
1535 3.1427524954438333
1536 3.1427524954438333
1537 5.074713090544722
1538 5.074713090544722
1539 3.93683557052345
1540 3.93683557052345
1541 5.3052329705971175
1542 5.3052329705971175
1543 3.5335092251945426
1544 3.5335092251945426
1545 3.8746276859539615
1546 3.8746276859539615
1547 4.939857970781219
1548 4.939857970781219
1549 2.8685547466569803
1550 2.8685547466569803
1551 3.0532171625546223
1552 3.0532171625546223
1553 0.889383968402631
1554 0.889383968402631
1555 5.914127478238849
1556 5.914127478238849
1557 2.1637922281467556
1558 2.1637922281467556
1559 4.945006219987304
1560 4.945006219987304
1561 5.399399098031498
1562 5.399399098031498
1563 5.318823049614688
1564 5.318823049614688
1565 4.2952541642423565
1566 4.2952541642423565
1567 5.071277306115027
1568 5.071277306115027
1569 3.0373187895373364
1570 3.0373187895373364
1571 3.2137387885425146
1572 3.2137387885425146
1573 4.950807217874379
1574 4.950807217874379
1575 2.473172548745558
1576 2.473172548745558
1577 4.17568504126351
1578 4.17568504126351
1579 6.760286669951837
1580 6.760286669951837
1581 4.471137636421334
1582 4.471137636421334
1583 1.9578810129968827
1584 1.9578810129968827
1585 0.8664535900771441
1586 0.8664535900771441
1587 1.8835660015851214
1588 1.8835660015851214
1589 2.1240205562732735
1590 2.1240205562732735
1591 1.251703632013911
1592 1.251703632013911
1593 2.6085572581057757
1594 2.6085572581057757
1595 2.216043923734053
1596 2.216043923734053
1597 0.5406704491729324
1598 0.5406704491729324
1599 1.0970470326411368
1600 1.0970470326411368
1601 2.4591873711831798
1602 2.4591873711831798
1603 0.7992314989639864
1604 0.7992314989639864
1605 2.196315859310499
1606 2.196315859310499
1607 1.0366456753184896
1608 1.0366456753184896
1609 2.765267398374899
1610 2.765267398374899
1611 2.6150424063071283
1612 2.6150424063071283
1613 1.9858659401918832
1614 1.9858659401918832
1615 1.9428191952720426
1616 1.9428191952720426
1617 1.7255864763408373
1618 1.7255864763408373
1619 1.0319614249807296
1620 1.0319614249807296
1621 0.8244812143133161
1622 0.8244812143133161
1623 1.06161682310204
1624 1.06161682310204
1625 1.4141814636371268
1626 1.4141814636371268
1627 1.2993890830956707
1628 1.2993890830956707
1629 2.235734024081208
1630 2.235734024081208
1631 2.7158739253200723
1632 2.7158739253200723
1633 2.5794708148657923
1634 2.5794708148657923
1635 0.8314488258266816
1636 0.8314488258266816
1637 2.036190636481279
1638 2.036190636481279
1639 1.691078442374855
1640 1.691078442374855
1641 1.710863673225007
1642 1.710863673225007
1643 1.8218021534388857
1644 1.8218021534388857
1645 2.7800349192093834
1646 2.7800349192093834
1647 2.7727630690960403
1648 2.7727630690960403
1649 1.3404992591427436
1650 1.3404992591427436
1651 1.7198739873923399
1652 1.7198739873923399
1653 2.5310367324090786
1654 2.5310367324090786
1655 1.897426655985655
1656 1.897426655985655
1657 0.1483104442394696
1658 0.1483104442394696
1659 2.3630975571695947
1660 2.3630975571695947
1661 1.2767936074241277
1662 1.2767936074241277
1663 0.8574975954427994
1664 0.8574975954427994
1665 1.2767617862054075
1666 1.2767617862054075
1667 1.400167942196496
1668 1.400167942196496
1669 2.243333127191938
1670 2.243333127191938
1671 1.3971140879600854
1672 1.3971140879600854
1673 1.9888779430723842
1674 1.9888779430723842
1675 1.7189563940784394
1676 1.7189563940784394
1677 2.219514757166034
1678 2.219514757166034
1679 1.4018228961337182
1680 1.4018228961337182
1681 1.5189856771955261
1682 1.5189856771955261
1683 1.187874398714849
1684 1.187874398714849
1685 2.1983921031295592
1686 2.1983921031295592
1687 0.7150946594096468
1688 0.7150946594096468
1689 1.286182433474319
1690 1.286182433474319
1691 1.8357187365103573
1692 1.8357187365103573
1693 0.5484049784035343
1694 0.5484049784035343
1695 1.2323180120177997
1696 1.2323180120177997
1697 1.852574374590716
1698 1.852574374590716
1699 1.104707702045724
1700 1.104707702045724
1701 1.1283482290721196
1702 1.1283482290721196
1703 1.7835272866376444
1704 1.7835272866376444
1705 1.420893893492994
1706 1.420893893492994
1707 0.9386374932129395
1708 0.9386374932129395
1709 1.2403982676265406
1710 1.2403982676265406
1711 1.6237456282504539
1712 1.6237456282504539
1713 2.1305442645042127
1714 2.1305442645042127
1715 1.090216494832632
1716 1.090216494832632
1717 2.027188059250024
1718 2.027188059250024
1719 1.2708328140958374
1720 1.2708328140958374
1721 1.6193430709373657
1722 1.6193430709373657
1723 1.0147553496916104
1724 1.0147553496916104
1725 1.4457866911078505
1726 1.4457866911078505
1727 1.298397816088474
1728 1.298397816088474
1729 0.8931422613698131
1730 0.8931422613698131
1731 0.8721248333384758
1732 0.8721248333384758
1733 0.733432631025944
1734 0.733432631025944
1735 0.9606049983662714
1736 0.9606049983662714
1737 1.9093836693844615
1738 1.9093836693844615
1739 2.0742857995646937
1740 2.0742857995646937
1741 1.6710793715802212
1742 1.6710793715802212
1743 2.5180266140566343
1744 2.5180266140566343
1745 1.8937922753051137
1746 1.8937922753051137
1747 1.5739050552779987
1748 1.5739050552779987
1749 0.6258515260000728
1750 0.6258515260000728
1751 2.4680892732482818
1752 2.4680892732482818
1753 1.1311163809312248
1754 1.1311163809312248
1755 1.3736512983247176
1756 1.3736512983247176
1757 1.6690209818467003
1758 1.6690209818467003
1759 2.0661674663791505
1760 2.0661674663791505
1761 2.541589274055464
1762 2.541589274055464
1763 1.0202568915160892
1764 1.0202568915160892
1765 0.9308723093415618
1766 0.9308723093415618
1767 1.3805082259724868
1768 1.3805082259724868
1769 1.597215689292991
1770 1.597215689292991
1771 1.8255875957581262
1772 1.8255875957581262
1773 1.4426883230776497
1774 1.4426883230776497
1775 2.062648270724754
1776 2.062648270724754
1777 2.0211722218686266
1778 2.0211722218686266
1779 2.6949427335714224
1780 2.6949427335714224
1781 1.286453834617231
1782 1.286453834617231
1783 2.9747167757619124
1784 2.9747167757619124
1785 2.4684645772330023
1786 2.4684645772330023
1787 1.2867743743667743
1788 1.2867743743667743
1789 1.575946056942307
1790 1.575946056942307
1791 0.3563252072444958
1792 0.3563252072444958
1793 1.3324982060574795
1794 1.3324982060574795
1795 1.8041020488127781
1796 1.8041020488127781
1797 2.56461336120952
1798 2.56461336120952
1799 1.1954323547476142
1800 1.1954323547476142
1801 1.3303987607714232
1802 1.3303987607714232
1803 2.078969684133412
1804 2.078969684133412
1805 2.514805710790022
1806 2.514805710790022
1807 1.2017965200155671
1808 1.2017965200155671
1809 2.123290452610831
1810 2.123290452610831
1811 1.5786979560942778
1812 1.5786979560942778
1813 1.9205795639619314
1814 1.9205795639619314
1815 1.319961740676858
1816 1.319961740676858
1817 2.2277567379900662
1818 2.2277567379900662
1819 1.0324181496818585
1820 1.0324181496818585
1821 0.6799731381532081
1822 0.6799731381532081
1823 1.5923531909295772
1824 1.5923531909295772
1825 1.2905098644084803
1826 1.2905098644084803
1827 0.38486140745319153
1828 0.38486140745319153
1829 1.8925821892120729
1830 1.8925821892120729
1831 1.4579038409558995
1832 1.4579038409558995
1833 1.6367480397146352
1834 1.6367480397146352
1835 1.82869267037619
1836 1.82869267037619
1837 1.9252809209093553
1838 1.9252809209093553
1839 1.9111923788826322
1840 1.9111923788826322
1841 1.2790400852602521
1842 1.2790400852602521
1843 2.2591812659564705
1844 2.2591812659564705
1845 1.3019247629818405
1846 1.3019247629818405
1847 1.9284721213662754
1848 1.9284721213662754
1849 1.7235591978044646
1850 1.7235591978044646
1851 1.940029661226064
1852 1.940029661226064
1853 1.4833615339214252
1854 1.4833615339214252
1855 1.433673873924068
1856 1.433673873924068
1857 1.4679993044552555
1858 1.4679993044552555
1859 1.4846891505362432
1860 1.4846891505362432
1861 0.6278837370985642
1862 0.6278837370985642
1863 2.996753966487684
1864 2.996753966487684
1865 1.4590160861354284
1866 1.4590160861354284
1867 1.7525232870041787
1868 1.7525232870041787
1869 1.805724751625382
1870 1.805724751625382
1871 1.7611605121472405
1872 1.7611605121472405
1873 2.1992876308008817
1874 2.1992876308008817
1875 2.265063708819936
1876 2.265063708819936
1877 2.364764768805146
1878 2.364764768805146
1879 3.841393993310832
1880 3.841393993310832
1881 1.5837394439848538
1882 1.5837394439848538
1883 3.133288982977606
1884 3.133288982977606
1885 3.9722377428138276
1886 3.9722377428138276
1887 4.149899189382838
1888 4.149899189382838
1889 3.115230474897173
1890 3.115230474897173
1891 4.81289183634242
1892 4.81289183634242
1893 2.5616841992523773
1894 2.5616841992523773
1895 4.523578085890334
1896 4.523578085890334
1897 4.17368271600673
1898 4.17368271600673
1899 4.431303651570984
1900 4.431303651570984
1901 4.401729715905578
1902 4.401729715905578
1903 2.7582544362348598
1904 2.7582544362348598
1905 4.736186564822351
1906 4.736186564822351
1907 2.999500348376185
1908 2.999500348376185
1909 3.013721090630852
1910 3.013721090630852
1911 7.245007886786555
1912 7.245007886786555
1913 3.6687363518416034
1914 3.6687363518416034
1915 4.177082789509126
1916 4.177082789509126
1917 2.651964062293993
1918 2.651964062293993
1919 1.2843655569177734
1920 1.2843655569177734
1921 3.480888647717886
1922 3.480888647717886
1923 5.778602214328854
1924 5.778602214328854
1925 2.520780668497763
1926 2.520780668497763
1927 4.615886079711894
1928 4.615886079711894
1929 3.1371389022301353
1930 3.1371389022301353
1931 3.2774086983712793
1932 3.2774086983712793
1933 3.6364669678826327
1934 3.6364669678826327
1935 4.203787307273578
1936 4.203787307273578
1937 2.217924672314962
1938 2.217924672314962
1939 2.747921673058644
1940 2.747921673058644
1941 3.143122330557073
1942 3.143122330557073
1943 4.374998499771956
1944 4.374998499771956
1945 3.3291587361477846
1946 3.3291587361477846
1947 6.127819487131058
1948 6.127819487131058
1949 5.876533486272348
1950 5.876533486272348
1951 4.555676102061709
1952 4.555676102061709
1953 3.5442963845809135
1954 3.5442963845809135
1955 4.154592741894308
1956 4.154592741894308
1957 2.061005844115612
1958 2.061005844115612
1959 5.503721630601741
1960 5.503721630601741
1961 3.1286455525317685
1962 3.1286455525317685
1963 4.757462471752302
1964 4.757462471752302
1965 3.922036228944229
1966 3.922036228944229
1967 3.847724788198497
1968 3.847724788198497
1969 3.296700823058832
1970 3.296700823058832
1971 3.998014894296428
1972 3.998014894296428
1973 4.546968299270348
1974 4.546968299270348
1975 5.021293823086914
1976 5.021293823086914
1977 3.336989792430465
1978 3.336989792430465
1979 3.0066523671968515
1980 3.0066523671968515
1981 4.852078958784636
1982 4.852078958784636
1983 1.798590849414064
1984 1.798590849414064
1985 3.2740477100592313
1986 3.2740477100592313
1987 1.4738926421747318
1988 1.4738926421747318
1989 0.5184364496729725
1990 0.5184364496729725
1991 1.392106987627099
1992 1.392106987627099
1993 1.876555931162872
1994 1.876555931162872
1995 1.8085513577900865
1996 1.8085513577900865
1997 1.0860701252935814
1998 1.0860701252935814
1999 1.6945765794993541
