0 3.6097794741260874
1 3.6097794741260874
2 3.6097794741260874
3 2.2533162183960114
4 2.2533162183960114
5 2.2533162183960114
6 3.240704641514122
7 3.240704641514122
8 3.240704641514122
9 1.2581605573292738
10 1.2581605573292738
11 1.2581605573292738
12 4.310270300753566
13 4.310270300753566
14 4.310270300753566
15 2.810454700713036
16 2.810454700713036
17 2.810454700713036
18 2.062460405312587
19 2.062460405312587
20 2.062460405312587
21 3.094398240122261
22 3.094398240122261
23 3.094398240122261
24 2.2578848929851763
25 2.2578848929851763
26 2.2578848929851763
27 2.591233489325332
28 2.591233489325332
29 2.591233489325332
30 3.026422805645045
31 3.026422805645045
32 3.026422805645045
33 2.318324020199925
34 2.318324020199925
35 2.318324020199925
36 2.0687749713518273
37 2.0687749713518273
38 2.0687749713518273
39 3.3950958375018554
40 3.3950958375018554
41 3.3950958375018554
42 2.067243598349541
43 2.067243598349541
44 2.067243598349541
45 1.9229394706258436
46 1.9229394706258436
47 1.9229394706258436
48 0.6984516761550077
49 0.6984516761550077
50 0.6984516761550077
51 1.2063312483231168
52 1.2063312483231168
53 1.2063312483231168
54 1.1821358534486321
55 1.1821358534486321
56 1.1821358534486321
57 1.3705768969011598
58 1.3705768969011598
59 1.3705768969011598
60 1.031452799529901
61 1.031452799529901
62 1.031452799529901
63 1.0209413668336766
64 1.0209413668336766
65 1.0209413668336766
66 1.1975652576123736
67 1.1975652576123736
68 1.1975652576123736
69 1.1105447341277475
70 1.1105447341277475
71 1.1105447341277475
72 1.4535261766108432
73 1.4535261766108432
74 1.4535261766108432
75 1.279098884144244
76 1.279098884144244
77 1.279098884144244
78 0.7319498258015118
79 0.7319498258015118
80 0.7319498258015118
81 1.5764758266323051
82 1.5764758266323051
83 1.5764758266323051
84 1.0601047750966395
85 1.0601047750966395
86 0.4758688388360006
87 0.4758688388360006
88 0.4758688388360006
89 0.8613778188339045
90 0.8613778188339045
91 0.8613778188339045
92 0.756497470343744
93 1.0892730412859706
94 1.8455520499685674
95 1.8455520499685674
96 1.8455520499685674
97 3.1391870665109414
98 3.1391870665109414
99 3.1391870665109414
100 3.0271219531922005
101 3.0271219531922005
102 3.0271219531922005
103 2.978337031073999
104 2.978337031073999
105 2.978337031073999
106 2.1028157348793135
107 2.1028157348793135
108 2.1028157348793135
109 3.087552280587016
110 3.087552280587016
111 3.087552280587016
112 3.0542108514468764
113 3.0542108514468764
114 0.5658096275068671
115 0.5658096275068671
116 0.5658096275068671
117 0.7202163457570481
118 0.7202163457570481
119 0.7202163457570481
120 0.5921125447486597
121 0.5921125447486597
122 0.5921125447486597
123 0.5050550490833448
124 0.5050550490833448
125 0.5050550490833448
126 0.43931370048382923
127 0.43931370048382923
128 0.43931370048382923
129 0.1869862482892946
130 0.1869862482892946
131 0.1869862482892946
132 0.2301009338433429
133 0.2301009338433429
134 0.2301009338433429
135 0.12500906230436334
136 0.12500906230436334
137 0.12500906230436334
138 0.2526339848314119
139 0.2526339848314119
140 0.2526339848314119
141 0.19296292403406012
142 0.5655959309274834
143 0.5655959309274834
144 0.5655959309274834
145 0.6639427719110383
146 0.6639427719110383
147 0.6639427719110383
148 0.4900474835768663
149 1.1157404583136634
150 1.1157404583136634
151 1.1157404583136634
152 1.2218709150094993
153 1.2218709150094993
154 1.2218709150094993
155 1.1809986348255117
156 1.1809986348255117
157 1.1809986348255117
158 1.4078922160775733
159 1.4078922160775733
160 1.4078922160775733
161 1.3451043643872351
162 1.3451043643872351
163 1.3451043643872351
164 1.151420761944711
165 1.151420761944711
166 1.151420761944711
167 1.3819907448776285
168 1.3819907448776285
169 1.3819907448776285
170 0.7758301889740177
171 0.7758301889740177
172 0.7758301889740177
173 1.0617507195866787
174 1.0617507195866787
175 1.0617507195866787
176 1.1578260270629515
177 1.1578260270629515
178 1.1578260270629515
179 1.2705645585933516
180 1.2705645585933516
181 1.2705645585933516
182 0.9561418051348634
183 0.9561418051348634
184 0.9561418051348634
185 0.2860340298142807
186 0.2860340298142807
187 0.2860340298142807
188 1.4015710696024508
189 1.4015710696024508
190 1.4015710696024508
191 1.5077131273352797
192 1.5077131273352797
193 1.5077131273352797
194 0.7540635299737046
195 1.483342312906282
196 1.483342312906282
197 1.483342312906282
198 2.0163351402350367
199 4.143256438917717
200 4.143256438917717
201 4.143256438917717
202 3.880256867740375
203 3.880256867740375
204 3.880256867740375
205 1.7536421587626103
206 1.7536421587626103
207 1.7536421587626103
208 4.002824505946359
209 4.002824505946359
210 4.002824505946359
211 1.84407416736599
212 1.84407416736599
213 1.84407416736599
214 1.2906748596756694
215 1.2906748596756694
216 1.2906748596756694
217 1.6066502255920116
218 1.6066502255920116
219 1.6066502255920116
220 1.4890775421949842
221 1.4890775421949842
222 1.4890775421949842
223 1.432714332092628
224 1.432714332092628
225 1.432714332092628
226 1.4207142200330614
227 1.4207142200330614
228 1.4207142200330614
229 1.4251535437684513
230 1.4251535437684513
231 1.4251535437684513
232 1.2976162790225119
233 1.2976162790225119
234 1.2976162790225119
235 0.8569626122307791
236 0.8569626122307791
237 0.8569626122307791
238 0.9922942672578268
239 0.9922942672578268
240 0.13560771588818843
241 0.13560771588818843
242 0.13560771588818843
243 2.265637941159498
244 2.265637941159498
245 2.265637941159498
246 3.20692408979583
247 3.20692408979583
248 3.20692408979583
249 2.3921938062297157
250 2.3921938062297157
251 2.3921938062297157
252 2.8098440290918623
253 2.8098440290918623
254 2.8098440290918623
255 2.3734689280869157
256 2.3734689280869157
257 2.3734689280869157
258 1.8526629649026343
259 1.8526629649026343
260 1.8526629649026343
261 3.0537917216175843
262 3.0537917216175843
263 3.0537917216175843
264 3.1723411493517397
265 3.1723411493517397
266 3.1723411493517397
267 5.039729992943752
268 5.039729992943752
269 5.039729992943752
270 4.2109174244913214
271 4.2109174244913214
272 4.2109174244913214
273 4.492279578350944
274 4.492279578350944
275 4.492279578350944
276 1.583648964958131
277 1.583648964958131
278 1.583648964958131
279 4.109370276972238
280 4.109370276972238
281 4.109370276972238
282 3.783855670011898
283 3.783855670011898
284 3.783855670011898
285 3.7917160841186046
286 1.6584262119599835
287 1.6584262119599835
288 1.6584262119599835
289 1.424830008980494
290 1.424830008980494
291 4.081008850191094
292 4.081008850191094
293 4.081008850191094
294 2.0168290169109375
295 2.0168290169109375
296 2.0168290169109375
297 3.5801601734701602
298 3.5801601734701602
299 3.5801601734701602
300 2.340291025407589
301 2.340291025407589
302 2.340291025407589
303 3.0437230469512047
304 3.0437230469512047
305 3.0437230469512047
306 2.174122418065095
307 2.174122418065095
308 2.174122418065095
309 2.0929540223752836
310 4.589190146074957
311 4.589190146074957
312 4.589190146074957
313 2.9106366827775334
314 2.9106366827775334
315 2.9106366827775334
316 4.344661874599177
317 4.344661874599177
318 4.344661874599177
319 1.2412047599541092
320 1.2412047599541092
321 1.2412047599541092
322 3.650669291511565
323 3.650669291511565
324 3.650669291511565
325 3.445106670901479
326 3.445106670901479
327 3.445106670901479
328 3.3298683939019202
329 3.3298683939019202
330 3.3298683939019202
331 2.7123829751464417
332 2.7123829751464417
333 2.7123829751464417
334 3.1740462488775245
335 3.1740462488775245
336 3.1740462488775245
337 2.51715586046388
338 2.51715586046388
339 2.51715586046388
340 2.615178605837077
341 3.8210279763915524
342 3.8210279763915524
343 3.8210279763915524
344 2.397560377973708
345 0.701034629954398
346 0.701034629954398
347 0.701034629954398
348 0.8958520668615165
349 0.8958520668615165
350 0.8958520668615165
351 0.6990743781330417
352 0.6990743781330417
353 0.6990743781330417
354 0.6271460270297398
355 0.6271460270297398
356 0.6271460270297398
357 0.8218137323373458
358 0.8218137323373458
359 0.8218137323373458
360 0.332474008145747
361 0.332474008145747
362 1.857252967755045
363 1.857252967755045
364 1.857252967755045
365 1.0983454878274566
366 1.0983454878274566
367 1.0983454878274566
368 1.2852465083881164
369 1.2852465083881164
370 1.2852465083881164
371 1.3644058553844258
372 1.3644058553844258
373 1.3644058553844258
374 1.0989545933049258
375 1.0989545933049258
376 1.0989545933049258
377 0.779737046203701
378 0.779737046203701
379 0.779737046203701
380 0.7003749532295878
381 0.7003749532295878
382 0.7003749532295878
383 1.2012835193700067
384 1.2012835193700067
385 1.2012835193700067
386 1.6914031940522452
387 1.6914031940522452
388 1.6914031940522452
389 2.38868981776095
390 2.38868981776095
391 2.38868981776095
392 1.6418484478314432
393 1.6418484478314432
394 1.6418484478314432
395 1.7693808593764202
396 1.7693808593764202
397 1.7693808593764202
398 2.091863023377671
399 2.091863023377671
400 2.091863023377671
401 1.4930369847750806
402 1.4930369847750806
403 1.4930369847750806
404 1.8500288103376237
405 1.8500288103376237
406 1.8500288103376237
407 1.7816079755933951
408 3.6884104935694104
409 3.6884104935694104
410 3.6884104935694104
411 2.620056340419287
412 2.620056340419287
413 2.620056340419287
414 3.803479283075178
415 3.803479283075178
416 3.803479283075178
417 2.539331732410476
418 2.539331732410476
419 2.539331732410476
420 2.191089146927231
421 2.191089146927231
422 2.191089146927231
423 3.0971318475085194
424 3.0971318475085194
425 3.0971318475085194
426 3.4238221383326413
427 3.4238221383326413
428 3.4238221383326413
429 2.914766894969453
430 2.914766894969453
431 2.914766894969453
432 3.3540268711784784
433 3.3540268711784784
434 0.6116890676782448
435 0.6116890676782448
436 0.6116890676782448
437 0.5574519382882263
438 0.5574519382882263
439 0.5574519382882263
440 0.8781542601884286
441 0.8781542601884286
442 0.8781542601884286
443 0.27704923310207535
444 0.27704923310207535
445 0.27704923310207535
446 0.9024509535403995
447 0.9024509535403995
448 0.16000587631940738
449 2.8123553737559224
450 2.8123553737559224
451 2.8123553737559224
452 2.7900336675517274
453 2.7900336675517274
454 2.7900336675517274
455 3.163300968846309
456 3.163300968846309
457 3.163300968846309
458 3.1523185373111082
459 3.1523185373111082
460 3.1523185373111082
461 1.5825226275822628
462 1.5825226275822628
463 1.5825226275822628
464 4.252398129248137
465 0.507717683856114
466 0.507717683856114
467 0.507717683856114
468 0.7218799820605709
469 0.7218799820605709
470 0.7218799820605709
471 0.5477479981711992
472 0.5477479981711992
473 1.624326196037207
474 1.624326196037207
475 1.624326196037207
476 2.7046555249729454
477 2.7046555249729454
478 3.3837299940668966
479 3.3837299940668966
480 3.3837299940668966
481 1.7469089586716093
482 1.7469089586716093
483 1.7469089586716093
484 1.9076840177106438
485 1.9076840177106438
486 1.9076840177106438
487 2.989727677885003
488 2.989727677885003
489 2.989727677885003
490 3.478447106218198
491 3.478447106218198
492 3.478447106218198
493 1.2864913311830182
494 3.9355741854609096
495 3.9355741854609096
496 3.9355741854609096
497 4.864484489289441
498 4.864484489289441
499 2.43128704866445
500 2.43128704866445
501 2.43128704866445
502 1.9537311727127615
503 1.9537311727127615
504 1.9537311727127615
505 3.0217056565545453
506 3.0217056565545453
507 3.0217056565545453
508 2.7909317346537055
509 2.7909317346537055
510 2.7909317346537055
511 1.9330112227084282
512 1.9330112227084282
513 1.9330112227084282
514 2.970491324165058
515 2.970491324165058
516 2.970491324165058
517 1.4150923562678026
518 1.4150923562678026
519 1.4150923562678026
520 2.0751166637011553
521 2.0751166637011553
522 2.0751166637011553
523 2.3152408873797126
524 2.3152408873797126
525 2.3152408873797126
526 2.9654168336510702
527 2.9654168336510702
528 2.9654168336510702
529 4.800252633784032
530 4.800252633784032
531 4.800252633784032
532 4.252644328774202
533 4.252644328774202
534 4.252644328774202
535 4.5890886736043734
536 4.5890886736043734
537 4.5890886736043734
538 4.582637200835573
539 4.995113422161891
540 4.995113422161891
541 4.995113422161891
542 4.662120501800621
543 4.662120501800621
544 4.662120501800621
545 3.5810387715608485
546 3.5810387715608485
547 3.5810387715608485
548 0.7881458746411524
549 0.7881458746411524
550 0.7881458746411524
551 1.2089533272810975
552 1.2089533272810975
553 1.2089533272810975
554 1.1497888593108854
555 1.1497888593108854
556 1.1497888593108854
557 0.344566807586275
558 0.344566807586275
559 0.344566807586275
560 1.0590395715039451
561 1.0590395715039451
562 1.0590395715039451
563 1.2117525194767942
564 1.2117525194767942
565 1.2117525194767942
566 0.5296162951240215
567 0.5296162951240215
568 0.5296162951240215
569 1.2201070829875156
570 1.2201070829875156
571 1.2201070829875156
572 1.243633375386587
573 1.243633375386587
574 1.243633375386587
575 1.0397258342438298
576 1.0397258342438298
577 1.0397258342438298
578 1.1762269260603395
579 1.1762269260603395
580 1.1762269260603395
581 1.0417038071604816
582 1.0417038071604816
583 1.0417038071604816
584 0.4877299681749594
585 0.4877299681749594
586 0.4877299681749594
587 1.012670282461767
588 1.012670282461767
589 1.012670282461767
590 0.9458257350631853
591 0.9458257350631853
592 0.9458257350631853
593 0.8227967376294187
594 0.8227967376294187
595 0.8227967376294187
596 1.2198027964437481
597 1.2198027964437481
598 1.2198027964437481
599 1.2382709864051962
600 1.2382709864051962
601 1.2382709864051962
602 1.1287573694463882
603 1.1287573694463882
604 1.1287573694463882
605 1.3257167168309572
606 1.3257167168309572
607 2.634344027536842
608 2.634344027536842
609 2.634344027536842
610 1.948195216062804
611 1.948195216062804
612 1.948195216062804
613 4.289888828255308
614 4.289888828255308
615 4.289888828255308
616 2.984713508366037
617 2.984713508366037
618 2.984713508366037
619 0.3634438189792526
620 0.3634438189792526
621 0.3634438189792526
622 3.1195501198886273
623 3.1195501198886273
624 3.1195501198886273
625 4.5113091699548535
626 4.5113091699548535
627 4.5113091699548535
628 2.642815654925427
629 2.642815654925427
630 2.642815654925427
631 3.6369144089001297
632 3.6369144089001297
633 3.6369144089001297
634 2.940653185032803
635 2.940653185032803
636 5.917253134764174
637 5.917253134764174
638 5.917253134764174
639 5.3188596712613405
640 5.3188596712613405
641 5.3188596712613405
642 6.123931706026336
643 1.4198206209947082
644 1.4198206209947082
645 1.4198206209947082
646 3.05065501791674
647 3.05065501791674
648 3.05065501791674
649 2.7836454629458656
650 2.7836454629458656
651 2.7836454629458656
652 3.3045062444381816
653 3.3045062444381816
654 3.3045062444381816
655 1.7821578112052188
656 1.7821578112052188
657 1.7821578112052188
658 3.0121294703610744
659 3.0121294703610744
660 3.0121294703610744
661 3.3568063396447485
662 3.3568063396447485
663 1.0483258660517214
664 1.0483258660517214
665 1.0483258660517214
666 0.7241439126183156
667 2.954244445695658
668 2.954244445695658
669 2.954244445695658
670 4.023333857332775
671 4.023333857332775
672 4.023333857332775
673 3.450490919166101
674 3.450490919166101
675 3.450490919166101
676 4.2859339692079255
677 4.2859339692079255
678 4.2859339692079255
679 3.445179725391275
680 3.445179725391275
681 3.445179725391275
682 4.744729608430214
683 4.744729608430214
684 4.744729608430214
685 4.145697812774956
686 4.145697812774956
687 4.145697812774956
688 1.0913769815319196
689 1.663819105550441
690 1.663819105550441
691 1.663819105550441
692 0.3943714062658773
693 0.3943714062658773
694 0.3943714062658773
695 1.1013005781397036
696 1.1013005781397036
697 1.1013005781397036
698 1.3966429383616719
699 1.3966429383616719
700 1.3966429383616719
701 0.44119454369461175
702 0.44119454369461175
703 0.44119454369461175
704 1.0064577553123968
705 1.4687520992163807
706 1.4687520992163807
707 1.4687520992163807
708 2.0735685892330986
709 2.0735685892330986
710 2.0735685892330986
711 1.4356898448726862
712 1.4356898448726862
713 1.4356898448726862
714 1.9509711400488376
715 1.9509711400488376
716 1.9509711400488376
717 1.6809895606065939
718 1.6809895606065939
719 1.6809895606065939
720 1.4845854220848265
721 1.4845854220848265
722 1.4845854220848265
723 3.069654451392919
724 3.069654451392919
725 3.069654451392919
726 1.3255559075752075
727 1.3255559075752075
728 1.3255559075752075
729 2.2698509489351393
730 2.2698509489351393
731 2.2698509489351393
732 2.0144928493599146
733 2.0144928493599146
734 2.0144928493599146
735 2.079192720563023
736 2.079192720563023
737 2.378650719511833
738 2.378650719511833
739 2.378650719511833
740 2.4940256507218455
741 2.4940256507218455
742 2.4940256507218455
743 4.122087686558804
744 4.122087686558804
745 4.122087686558804
746 3.3672114690804484
747 3.3672114690804484
748 3.3672114690804484
749 3.6959198518683896
750 3.6959198518683896
751 3.6959198518683896
752 2.629021253404331
753 2.629021253404331
754 2.629021253404331
755 2.444918089786361
756 2.444918089786361
757 2.444918089786361
758 2.4486751117366135
759 2.4486751117366135
760 2.4486751117366135
761 3.61063642655517
762 3.61063642655517
763 3.61063642655517
764 2.9797276561297004
765 2.9797276561297004
766 2.9797276561297004
767 4.116134521698619
768 3.179433430228016
769 3.179433430228016
770 3.179433430228016
771 1.5644901132271318
772 1.5644901132271318
773 1.5644901132271318
774 2.2640691740371626
775 2.2640691740371626
776 2.2640691740371626
777 1.8691806106947675
778 1.8691806106947675
779 1.8691806106947675
780 2.9073763180606593
781 2.9073763180606593
782 2.9073763180606593
783 2.521621258006791
784 2.521621258006791
785 2.521621258006791
786 2.367784814971924
787 2.367784814971924
788 2.367784814971924
789 2.151160532335339
790 2.151160532335339
791 2.151160532335339
792 2.5221807717728453
793 2.5221807717728453
794 2.5221807717728453
795 1.814400322771224
796 1.814400322771224
797 1.9737107904811235
798 1.9737107904811235
799 1.9737107904811235
800 2.1615816872425238
801 2.1615816872425238
802 2.1615816872425238
803 2.3396998397483872
804 2.3396998397483872
805 2.3396998397483872
806 1.7564032321623158
807 1.7564032321623158
808 1.7564032321623158
809 2.0427744552070077
810 1.3417059399661726
811 1.3417059399661726
812 1.3417059399661726
813 1.5785621298933428
814 1.5785621298933428
815 1.5785621298933428
816 1.1127738951552957
817 1.1127738951552957
818 1.1127738951552957
819 1.3710058861501038
820 1.3710058861501038
821 1.3710058861501038
822 1.8041400813686095
823 1.8041400813686095
824 1.8041400813686095
825 1.7328933824203574
826 1.7328933824203574
827 1.7328933824203574
828 1.479959697448715
829 1.479959697448715
830 1.479959697448715
831 1.790987474844932
832 3.4676211865383086
833 3.4676211865383086
834 3.4676211865383086
835 2.5193573678765393
836 2.5193573678765393
837 2.5193573678765393
838 4.460863830405373
839 4.460863830405373
840 4.460863830405373
841 3.9315521484654976
842 3.9315521484654976
843 3.9315521484654976
844 4.488616278569873
845 4.488616278569873
846 4.488616278569873
847 3.800459127369427
848 3.800459127369427
849 3.800459127369427
850 1.7399068921316245
851 1.7399068921316245
852 1.7399068921316245
853 3.5933580701386236
854 3.5933580701386236
855 3.5933580701386236
856 3.969247421884961
857 3.969247421884961
858 3.969247421884961
859 3.8323078507370796
860 1.9493742330822228
861 1.9493742330822228
862 1.9493742330822228
863 1.6965890174274512
864 1.6965890174274512
865 1.6965890174274512
866 1.2296314965348754
867 1.2296314965348754
868 1.2296314965348754
869 1.2605114543313019
870 1.2605114543313019
871 1.2605114543313019
872 1.5736011601331608
873 1.5736011601331608
874 1.5736011601331608
875 1.7342089600352297
876 1.7342089600352297
877 1.7342089600352297
878 1.876129033756757
879 1.876129033756757
880 1.876129033756757
881 1.6860905539973423
882 1.6860905539973423
883 1.6860905539973423
884 1.5175355224601577
885 1.5175355224601577
886 1.5175355224601577
887 1.6621895950360048
888 1.6621895950360048
889 1.6621895950360048
890 1.8184526746064402
891 1.8184526746064402
892 1.8184526746064402
893 1.9112592740198358
894 1.9112592740198358
895 1.9112592740198358
896 1.7223853242534743
897 1.7223853242534743
898 1.7223853242534743
899 1.0229125281071547
900 1.0229125281071547
901 1.0229125281071547
902 1.9357871151027344
903 1.9357871151027344
904 1.9357871151027344
905 1.6980676826351149
906 1.6980676826351149
907 1.6980676826351149
908 1.483314205640025
909 1.483314205640025
910 1.483314205640025
911 1.8257340481132227
912 1.8257340481132227
913 1.8257340481132227
914 1.8625557032650115
915 1.8625557032650115
916 1.8625557032650115
917 1.1850361050461617
918 1.1850361050461617
919 3.5227182660909584
920 3.5227182660909584
921 3.5227182660909584
922 3.8045177327122537
923 3.8045177327122537
924 3.8045177327122537
925 1.931405742212762
926 1.931405742212762
927 1.931405742212762
928 4.36475160830747
929 4.36475160830747
930 4.36475160830747
931 4.764612766374344
932 4.764612766374344
933 4.764612766374344
934 0.4931785873159879
935 0.4931785873159879
936 0.4931785873159879
937 0.44842803031696055
938 0.44842803031696055
939 0.44842803031696055
940 0.4561028574837345
941 0.4561028574837345
942 0.4561028574837345
943 0.8196996486411321
944 0.8196996486411321
945 0.8196996486411321
946 0.6274300067364107
947 0.19940846467682918
948 0.19940846467682918
949 0.19940846467682918
950 0.25700640119946805
951 0.25700640119946805
952 0.25700640119946805
953 0.19628304364866975
954 0.19628304364866975
955 0.19628304364866975
956 0.1936437786550704
957 0.1936437786550704
958 0.1936437786550704
959 0.15297215218953622
960 0.15297215218953622
961 0.15297215218953622
962 0.28294901422513596
963 0.28294901422513596
964 0.28294901422513596
965 0.2250278911127474
966 0.2250278911127474
967 0.2250278911127474
968 0.2890200090714093
969 0.2890200090714093
970 0.2890200090714093
971 0.2549404195454199
972 0.2549404195454199
973 0.2549404195454199
974 0.159174858521566
975 0.159174858521566
976 0.159174858521566
977 0.21100546860792063
978 0.21100546860792063
979 0.21100546860792063
980 0.18051427916476998
981 0.18051427916476998
982 0.18051427916476998
983 0.1563525772762134
984 0.1563525772762134
985 0.1563525772762134
986 0.21036515192488672
987 0.21036515192488672
988 0.21036515192488672
989 0.23661553309597916
990 0.23661553309597916
991 0.23661553309597916
992 0.17768143849170226
993 0.17768143849170226
994 0.17768143849170226
995 0.1729721025021795
996 0.1729721025021795
997 0.1729721025021795
998 0.24926297365121086
999 0.24926297365121086
1000 0.24926297365121086
1001 0.19798294383103918
1002 0.19798294383103918
1003 0.19798294383103918
1004 0.2583264525691541
1005 0.2583264525691541
1006 0.2583264525691541
1007 0.25736373317938716
1008 0.25736373317938716
1009 0.25736373317938716
1010 0.14186029110320486
1011 0.14186029110320486
1012 0.14186029110320486
1013 0.23281311156086654
1014 0.23281311156086654
1015 0.23281311156086654
1016 0.24962774543222316
1017 0.24962774543222316
1018 0.24962774543222316
1019 0.2615608571328589
1020 0.2615608571328589
1021 0.2615608571328589
1022 0.18855661155635378
1023 0.18855661155635378
1024 0.18855661155635378
1025 0.2594579053596181
1026 0.2594579053596181
1027 0.2594579053596181
1028 0.10079357372701517
1029 0.10079357372701517
1030 0.10079357372701517
1031 0.1878309997940425
1032 0.1878309997940425
1033 0.1878309997940425
1034 0.18926488009852882
1035 0.18926488009852882
1036 0.18926488009852882
1037 0.1
1038 0.1
1039 0.1
1040 0.19949471806327235
1041 0.19949471806327235
1042 0.19949471806327235
1043 0.21335525779772896
1044 0.21335525779772896
1045 0.21335525779772896
1046 0.19143924545690436
1047 0.19143924545690436
1048 0.19143924545690436
1049 0.2835278956106133
1050 2.568240634962398
1051 2.568240634962398
1052 2.568240634962398
1053 1.821892235338416
1054 1.821892235338416
1055 1.821892235338416
1056 3.656015308818021
1057 3.656015308818021
1058 3.656015308818021
1059 3.3399048944815473
1060 3.3399048944815473
1061 3.3399048944815473
1062 2.850303250891456
1063 2.850303250891456
1064 2.850303250891456
1065 3.489279053155612
1066 3.489279053155612
1067 0.9425010936903687
1068 0.9425010936903687
1069 0.9425010936903687
1070 1.2481404562140073
1071 1.2481404562140073
1072 1.2481404562140073
1073 1.3718216390239348
1074 1.3718216390239348
1075 1.3718216390239348
1076 1.3621120604876387
1077 1.3621120604876387
1078 1.3621120604876387
1079 1.749439836044292
1080 1.749439836044292
1081 1.749439836044292
1082 0.7840147165354053
1083 0.7840147165354053
1084 0.7840147165354053
1085 0.7510175494238697
1086 0.7510175494238697
1087 0.7510175494238697
1088 0.822765985895895
1089 0.822765985895895
1090 0.822765985895895
1091 1.389066865140768
1092 1.389066865140768
1093 1.389066865140768
1094 2.0744974122076036
1095 2.0744974122076036
1096 2.0744974122076036
1097 0.5236228757832067
1098 0.5236228757832067
1099 0.5236228757832067
1100 1.4339634155713237
1101 1.4339634155713237
1102 1.4339634155713237
1103 1.6528780064442217
1104 1.6528780064442217
1105 1.6528780064442217
1106 1.906414291935823
1107 0.1818893362650363
1108 0.1818893362650363
1109 0.1818893362650363
1110 0.5774608778366315
1111 0.5774608778366315
1112 0.5774608778366315
1113 0.4617598095421121
1114 0.4617598095421121
1115 3.918701081263638
1116 3.918701081263638
1117 3.918701081263638
1118 3.845789241207744
1119 3.845789241207744
1120 3.845789241207744
1121 2.1072353494667366
1122 2.1072353494667366
1123 2.1072353494667366
1124 2.514220606004313
1125 2.514220606004313
1126 2.514220606004313
1127 1.7207914619241442
1128 1.7207914619241442
1129 1.7207914619241442
1130 2.725982784272089
1131 2.725982784272089
1132 2.725982784272089
1133 3.0145344764490973
1134 3.0145344764490973
1135 3.0145344764490973
1136 3.164114495760872
1137 3.164114495760872
1138 0.6995044931629499
1139 0.6995044931629499
1140 0.6995044931629499
1141 0.6575763491083717
1142 0.6575763491083717
1143 0.6575763491083717
1144 0.7918787533944649
1145 0.7918787533944649
1146 0.7918787533944649
1147 0.6649787728299071
1148 0.6649787728299071
1149 0.6649787728299071
1150 0.5004760550084685
1151 0.5004760550084685
1152 0.5004760550084685
1153 0.6467464206380237
1154 0.6467464206380237
1155 0.6467464206380237
1156 0.7263052241310157
1157 0.7263052241310157
1158 0.7263052241310157
1159 0.576774061727562
1160 0.576774061727562
1161 0.576774061727562
1162 0.6430537216416005
1163 0.6430537216416005
1164 0.6430537216416005
1165 0.41594843893122685
1166 0.41594843893122685
1167 0.41594843893122685
1168 0.5761614932260909
1169 0.5761614932260909
1170 2.280742805570991
1171 2.280742805570991
1172 2.280742805570991
1173 2.9605801250983586
1174 2.9605801250983586
1175 1.7790116315140951
1176 1.7790116315140951
1177 1.782752185665215
1178 1.782752185665215
1179 1.782752185665215
1180 2.6997360578378093
1181 2.6997360578378093
1182 2.6997360578378093
1183 3.16810075403502
1184 3.16810075403502
1185 3.16810075403502
1186 1.7877558507705793
1187 1.7877558507705793
1188 1.7877558507705793
1189 2.3406629852854017
1190 2.3406629852854017
1191 2.3406629852854017
1192 1.7945790003952635
1193 1.7945790003952635
1194 1.7945790003952635
1195 1.5677610131733566
1196 1.5677610131733566
1197 1.5677610131733566
1198 1.7699358239987582
1199 1.7699358239987582
1200 1.7699358239987582
1201 1.5783150147837897
1202 1.5783150147837897
1203 1.5783150147837897
1204 2.207859870992931
1205 2.207859870992931
1206 2.207859870992931
1207 2.0873264649456296
1208 2.0873264649456296
1209 2.0873264649456296
1210 2.383123952461736
1211 2.383123952461736
1212 2.383123952461736
1213 2.943919158172215
1214 2.943919158172215
1215 2.943919158172215
1216 2.1611089864439696
1217 2.1611089864439696
1218 2.1611089864439696
1219 2.6982612815838727
1220 2.6982612815838727
1221 2.6982612815838727
1222 1.9820049705083083
1223 1.9820049705083083
1224 1.9820049705083083
1225 2.5373179959383583
1226 2.5373179959383583
1227 2.5373179959383583
1228 3.129692173310311
1229 3.129692173310311
1230 3.129692173310311
1231 2.88966309587055
1232 2.88966309587055
1233 2.88966309587055
1234 2.515101096654957
1235 2.515101096654957
1236 2.515101096654957
1237 1.708660663128284
1238 1.708660663128284
1239 1.708660663128284
1240 1.786279219271563
1241 1.786279219271563
1242 1.786279219271563
1243 1.6176123426286857
1244 1.6176123426286857
1245 1.6176123426286857
1246 0.5418846667183825
1247 0.5418846667183825
1248 0.5418846667183825
1249 1.1103962103266238
1250 1.1103962103266238
1251 1.1103962103266238
1252 0.6452585306765484
1253 0.6452585306765484
1254 0.6452585306765484
1255 1.2687688636171366
1256 1.2687688636171366
1257 1.2687688636171366
1258 1.1019405381412357
1259 1.1019405381412357
1260 1.1019405381412357
1261 1.0971100000060166
1262 3.2900329054739643
1263 3.2900329054739643
1264 3.2900329054739643
1265 2.7474887255204865
1266 2.7474887255204865
1267 2.7474887255204865
1268 1.5097381665755651
1269 1.5097381665755651
1270 1.5097381665755651
1271 1.6275971437005954
1272 1.6275971437005954
1273 1.6275971437005954
1274 1.4168464139758272
1275 1.4168464139758272
1276 1.4168464139758272
1277 1.7688007444231113
1278 1.7688007444231113
1279 1.7688007444231113
1280 1.7941261813477163
1281 1.7941261813477163
1282 1.7941261813477163
1283 1.7462081153165958
1284 1.7462081153165958
1285 1.7462081153165958
1286 1.642556491709668
1287 1.642556491709668
1288 1.642556491709668
1289 1.2043994284759103
1290 1.2043994284759103
1291 1.2043994284759103
1292 1.025226159968036
1293 1.025226159968036
1294 1.025226159968036
1295 1.7110089227321181
1296 1.7110089227321181
1297 1.7110089227321181
1298 3.9283139422106697
1299 3.9283139422106697
1300 3.9283139422106697
1301 2.961869736348711
1302 2.961869736348711
1303 2.961869736348711
1304 3.7894051932506594
1305 3.7894051932506594
1306 3.7894051932506594
1307 4.242133818734798
1308 4.242133818734798
1309 3.130038845523204
1310 3.130038845523204
1311 3.130038845523204
1312 4.315485020554848
1313 4.315485020554848
1314 4.315485020554848
1315 2.187643175227916
1316 2.187643175227916
1317 3.1477613888853657
1318 3.1477613888853657
1319 3.1477613888853657
1320 6.229227568121824
1321 6.229227568121824
1322 6.229227568121824
1323 3.9665871926808793
1324 3.9665871926808793
1325 3.9665871926808793
1326 4.436904425351481
1327 4.436904425351481
1328 4.436904425351481
1329 3.5035174166956295
1330 3.5035174166956295
1331 3.5035174166956295
1332 2.864193096401883
1333 2.864193096401883
1334 2.864193096401883
1335 3.895075542703027
1336 3.895075542703027
1337 3.895075542703027
1338 5.3909887256907645
1339 5.3909887256907645
1340 2.033302680305361
1341 2.033302680305361
1342 2.033302680305361
1343 3.127070405420316
1344 3.127070405420316
1345 3.127070405420316
1346 2.414063315248763
1347 2.414063315248763
1348 2.414063315248763
1349 3.0548207187137058
1350 3.0548207187137058
1351 3.0548207187137058
1352 3.7536463981259534
1353 3.7536463981259534
1354 3.7536463981259534
1355 3.7918451006763316
1356 3.7918451006763316
1357 3.7918451006763316
1358 3.0541982431498815
1359 3.0541982431498815
1360 3.0541982431498815
1361 3.5843591116990914
1362 3.5843591116990914
1363 3.5843591116990914
1364 3.002824781644557
1365 3.002824781644557
1366 3.002824781644557
1367 1.3492531613794807
1368 1.3492531613794807
1369 1.3492531613794807
1370 1.3041069093005726
1371 1.3041069093005726
1372 1.3041069093005726
1373 1.5499069378392705
1374 1.5499069378392705
1375 1.5499069378392705
1376 1.0562157099337819
1377 1.0562157099337819
1378 1.0562157099337819
1379 1.2572968725177824
1380 1.6158740119040753
1381 1.6158740119040753
1382 1.6158740119040753
1383 2.4921795760491903
1384 2.4921795760491903
1385 2.4921795760491903
1386 3.6375909225700025
1387 3.6375909225700025
1388 3.6375909225700025
1389 3.706936609830094
1390 3.706936609830094
1391 3.706936609830094
1392 2.267854070862373
1393 2.267854070862373
1394 2.267854070862373
1395 2.5832950578540466
1396 2.5832950578540466
1397 2.5832950578540466
1398 2.805962509239777
1399 2.805962509239777
1400 2.805962509239777
1401 2.976112215836631
1402 2.976112215836631
1403 2.976112215836631
1404 3.575163249734157
1405 3.575163249734157
1406 3.575163249734157
1407 3.600528223433251
1408 3.600528223433251
1409 3.600528223433251
1410 4.629909367088452
1411 4.629909367088452
1412 4.629909367088452
1413 1.5173604854313072
1414 1.5173604854313072
1415 1.5173604854313072
1416 1.0255612878308027
1417 1.0255612878308027
1418 1.0255612878308027
1419 0.7405684759155284
1420 0.7405684759155284
1421 0.7405684759155284
1422 1.4191048689853178
1423 1.4191048689853178
1424 1.4191048689853178
1425 4.445651060454319
1426 4.445651060454319
1427 4.445651060454319
1428 1.6305344517989835
1429 1.6305344517989835
1430 1.6305344517989835
1431 1.0809777998839498
1432 1.0809777998839498
1433 1.0809777998839498
1434 2.0200166966039164
1435 2.0200166966039164
1436 2.0200166966039164
1437 1.7525165471035182
1438 1.7525165471035182
1439 1.7525165471035182
1440 1.531304506806629
1441 1.531304506806629
1442 1.531304506806629
1443 1.6775734880651239
1444 1.6775734880651239
1445 1.6775734880651239
1446 1.632262315001855
1447 1.632262315001855
1448 1.632262315001855
1449 1.3383804598060334
1450 1.3383804598060334
1451 1.3383804598060334
1452 1.3103067988855035
1453 1.3103067988855035
1454 1.3103067988855035
1455 1.4905940186068625
1456 1.4905940186068625
1457 1.4905940186068625
1458 0.9351631604275462
1459 0.9351631604275462
1460 0.9351631604275462
1461 1.7759064406728564
1462 3.6463772998745996
1463 3.6463772998745996
1464 3.6463772998745996
1465 2.8460585479934917
1466 2.8460585479934917
1467 2.8460585479934917
1468 0.5574795857647274
1469 0.5574795857647274
1470 0.5574795857647274
1471 0.807297991815898
1472 0.807297991815898
1473 0.807297991815898
1474 0.5573307176004352
1475 1.2760454585308083
1476 1.2760454585308083
1477 2.8232817956401917
1478 2.8232817956401917
1479 2.8232817956401917
1480 2.0885530064746307
1481 2.0885530064746307
1482 2.0885530064746307
1483 3.1630126096078692
1484 3.1630126096078692
1485 3.1630126096078692
1486 2.6961949310060866
1487 2.6961949310060866
1488 2.6961949310060866
1489 4.8064687994241275
1490 4.8064687994241275
1491 4.8064687994241275
1492 0.9195626280851356
1493 0.8251968088513534
1494 0.8251968088513534
1495 0.8251968088513534
1496 0.6244422674764322
1497 0.6244422674764322
1498 0.6244422674764322
1499 0.790940636388648
1500 3.3173080333132305
1501 3.3173080333132305
1502 3.3173080333132305
1503 3.645159845873218
1504 3.645159845873218
1505 3.645159845873218
1506 1.6690077374655647
1507 1.6690077374655647
1508 1.6690077374655647
1509 3.1317339105863358
1510 3.1317339105863358
1511 3.1317339105863358
1512 2.842891936489627
1513 0.5808936371442388
1514 0.5808936371442388
1515 0.5808936371442388
1516 0.7225652428945468
1517 0.7225652428945468
1518 0.7225652428945468
1519 0.7363346940110687
1520 0.7363346940110687
1521 0.7363346940110687
1522 1.958678273353202
1523 1.958678273353202
1524 1.958678273353202
1525 1.2603914412673685
1526 1.2603914412673685
1527 1.2603914412673685
1528 0.8292085661656626
1529 0.8292085661656626
1530 0.8292085661656626
1531 1.1875623391113228
1532 1.1875623391113228
1533 1.1875623391113228
1534 0.8774454144809697
1535 0.8774454144809697
1536 3.0859511848574024
1537 3.0859511848574024
1538 3.0859511848574024
1539 2.4448083554566935
1540 2.4448083554566935
1541 2.4448083554566935
1542 2.039197517051933
1543 2.039197517051933
1544 2.039197517051933
1545 1.8949335732600017
1546 1.8949335732600017
1547 1.8949335732600017
1548 1.7866805849908032
1549 1.7866805849908032
1550 1.7866805849908032
1551 2.9460286360909667
1552 2.9460286360909667
1553 3.026474053909449
1554 3.026474053909449
1555 3.026474053909449
1556 4.059779166917482
1557 4.059779166917482
1558 1.5459156537135978
1559 1.5459156537135978
1560 1.5459156537135978
1561 1.8468109347545345
1562 1.8468109347545345
1563 1.8468109347545345
1564 0.934326095969688
1565 0.934326095969688
1566 0.934326095969688
1567 0.7293725950743335
1568 0.7293725950743335
1569 0.7293725950743335
1570 2.3381572053654205
1571 2.3381572053654205
1572 2.3381572053654205
1573 2.355026501254679
1574 2.355026501254679
1575 2.355026501254679
1576 1.3701798605268882
1577 1.3701798605268882
1578 1.3701798605268882
1579 1.2923100212289604
1580 1.2923100212289604
1581 1.2923100212289604
1582 1.8806441801833857
1583 1.8806441801833857
1584 1.8806441801833857
1585 1.241702882108168
1586 0.2645336665572424
1587 0.2645336665572424
1588 0.2645336665572424
1589 0.19734515577706097
1590 0.19734515577706097
1591 0.19734515577706097
1592 0.2234633959593661
1593 0.2234633959593661
1594 0.2234633959593661
1595 0.1746206893202312
1596 1.938680025780388
1597 1.938680025780388
1598 1.938680025780388
1599 2.0594798035425543
1600 2.0594798035425543
1601 2.0594798035425543
1602 2.035815406751869
1603 2.035815406751869
1604 2.035815406751869
1605 1.0655172658826575
1606 1.0655172658826575
1607 1.0655172658826575
1608 1.7988588851587293
1609 1.7988588851587293
1610 1.7988588851587293
1611 1.3077832969155434
1612 1.3077832969155434
1613 1.3077832969155434
1614 2.3317534614285935
1615 2.3317534614285935
1616 2.3317534614285935
1617 1.9375663945720407
1618 1.9375663945720407
1619 1.9375663945720407
1620 1.9808927751039087
1621 1.9808927751039087
1622 1.9808927751039087
1623 1.9612434161497765
1624 1.9612434161497765
1625 1.9612434161497765
1626 2.5093363602883505
1627 2.5093363602883505
1628 2.5093363602883505
1629 3.4341302166789016
1630 3.4341302166789016
1631 3.4341302166789016
1632 4.676333335630339
1633 4.676333335630339
1634 4.676333335630339
1635 4.186602411874248
1636 4.186602411874248
1637 4.186602411874248
1638 3.6520551044243525
1639 3.6520551044243525
1640 2.6912337788107035
1641 2.6912337788107035
1642 2.6912337788107035
1643 2.4158750792547297
1644 2.4158750792547297
1645 3.2989651847238646
1646 3.2989651847238646
1647 3.2989651847238646
1648 1.25102870421517
1649 1.25102870421517
1650 1.25102870421517
1651 1.7869816020583056
1652 1.7869816020583056
1653 1.7869816020583056
1654 2.005408961463895
1655 2.005408961463895
1656 2.005408961463895
1657 2.4385876387532672
1658 2.4385876387532672
1659 2.4385876387532672
1660 2.189901880959015
1661 2.189901880959015
1662 2.189901880959015
1663 2.970674247414789
1664 2.970674247414789
1665 2.970674247414789
1666 2.9636837323455794
1667 2.9636837323455794
1668 1.491326709223972
1669 1.491326709223972
1670 1.491326709223972
1671 1.6579671517401806
1672 1.6579671517401806
1673 1.6579671517401806
1674 1.5538533869659896
1675 1.5538533869659896
1676 1.5538533869659896
1677 2.4427302541076026
1678 2.4427302541076026
1679 2.4427302541076026
1680 2.444761391338036
1681 2.444761391338036
1682 2.444761391338036
1683 2.074053366462223
1684 2.074053366462223
1685 2.074053366462223
1686 2.145149952456507
1687 2.145149952456507
1688 2.145149952456507
1689 0.9741690106482683
1690 0.9741690106482683
1691 0.9741690106482683
1692 1.3972239990615405
1693 1.3972239990615405
1694 1.3972239990615405
1695 2.250876632063733
1696 2.250876632063733
1697 2.250876632063733
1698 1.7858389639738326
1699 1.7858389639738326
1700 1.7858389639738326
1701 2.399393733248173
1702 2.399393733248173
1703 2.399393733248173
1704 1.2694217236612557
1705 1.2694217236612557
1706 1.2694217236612557
1707 1.855127471468176
1708 1.855127471468176
1709 1.855127471468176
1710 2.2337865214181307
1711 2.2337865214181307
1712 2.2337865214181307
1713 2.2924409220488524
1714 2.2924409220488524
1715 2.2924409220488524
1716 2.092503480105438
1717 2.092503480105438
1718 2.092503480105438
1719 2.6845303621678878
1720 2.6845303621678878
1721 2.6845303621678878
1722 2.1194206928370036
1723 2.1194206928370036
1724 2.1194206928370036
1725 2.760464260357743
1726 2.760464260357743
1727 2.760464260357743
1728 2.415418115452077
1729 2.415418115452077
1730 2.415418115452077
1731 2.6222457503084127
1732 2.6222457503084127
1733 2.6222457503084127
1734 1.9762285003159135
1735 1.9762285003159135
1736 1.9762285003159135
1737 2.1023294638006966
1738 2.1023294638006966
1739 2.1023294638006966
1740 3.8977614542289647
1741 3.8977614542289647
1742 0.9704916625647995
1743 3.363661292268149
1744 3.363661292268149
1745 3.363661292268149
1746 3.413925631439648
1747 3.413925631439648
1748 3.413925631439648
1749 3.590247488851129
1750 3.590247488851129
1751 3.590247488851129
1752 3.3648903278343556
1753 3.3648903278343556
1754 3.3648903278343556
1755 3.2844834172972788
1756 3.2844834172972788
1757 3.2844834172972788
1758 3.416762127119319
1759 3.416762127119319
1760 3.416762127119319
1761 1.8724919290540754
1762 2.4309956453599177
1763 2.4309956453599177
1764 2.4309956453599177
1765 1.7561181111759754
1766 1.7561181111759754
1767 1.7561181111759754
1768 2.9729422387665423
1769 2.9729422387665423
1770 2.9729422387665423
1771 2.0388094271106434
1772 1.5946347885404384
1773 1.5946347885404384
1774 1.5946347885404384
1775 2.223649787787195
1776 2.223649787787195
1777 2.223649787787195
1778 1.1194993105372852
1779 1.1194993105372852
1780 3.9034224942909765
1781 3.9034224942909765
1782 3.9034224942909765
1783 2.785590410608634
1784 2.785590410608634
1785 2.785590410608634
1786 4.829014370139129
1787 4.829014370139129
1788 4.829014370139129
1789 4.357157266161052
1790 4.357157266161052
1791 4.357157266161052
1792 5.036440645807466
1793 5.036440645807466
1794 5.036440645807466
1795 3.9515823454357917
1796 3.9515823454357917
1797 3.9515823454357917
1798 3.1530990644121166
1799 3.1530990644121166
1800 3.1530990644121166
1801 3.804286869574385
1802 3.804286869574385
1803 3.804286869574385
1804 3.9705946142686552
1805 3.9705946142686552
1806 3.9705946142686552
1807 3.6354934903851257
1808 3.6354934903851257
1809 3.6354934903851257
1810 3.890087488334414
1811 3.890087488334414
1812 3.890087488334414
1813 3.1318727211718307
1814 3.1318727211718307
1815 3.1318727211718307
1816 3.245640428755947
1817 3.245640428755947
1818 0.5605078272683561
1819 0.5605078272683561
1820 0.5605078272683561
1821 0.67527184575025
1822 0.67527184575025
1823 0.67527184575025
1824 0.6502377763027937
1825 0.6502377763027937
1826 0.6502377763027937
1827 0.7512794726077724
1828 0.7512794726077724
1829 0.7512794726077724
1830 0.5635251775770588
1831 0.5635251775770588
1832 0.5635251775770588
1833 0.6937726749611134
1834 0.6937726749611134
1835 0.6937726749611134
1836 0.5065397654166706
1837 0.5065397654166706
1838 0.5065397654166706
1839 0.6444157920245046
1840 0.6444157920245046
1841 0.6444157920245046
1842 0.5033195640407255
1843 0.5033195640407255
1844 0.5033195640407255
1845 0.4660991470838344
1846 0.4660991470838344
1847 0.4660991470838344
1848 0.7753502361946643
1849 0.7753502361946643
1850 0.7753502361946643
1851 0.4458714191510431
1852 0.4458714191510431
1853 0.4458714191510431
1854 0.7742750735366836
1855 0.7742750735366836
1856 0.7742750735366836
1857 0.6605484174600503
1858 0.6605484174600503
1859 1.0072334801770622
1860 1.0072334801770622
1861 1.0072334801770622
1862 0.9314616721350538
1863 0.9314616721350538
1864 0.9314616721350538
1865 0.9895131635596836
1866 2.5419696255354896
1867 2.5419696255354896
1868 2.5419696255354896
1869 3.8002903359042133
1870 0.8289405340429473
1871 0.8289405340429473
1872 0.8289405340429473
1873 1.3668769222035229
1874 1.3668769222035229
1875 1.3668769222035229
1876 2.9151350143223804
1877 2.9151350143223804
1878 2.9151350143223804
1879 5.380686185485405
1880 5.380686185485405
1881 5.380686185485405
1882 3.112535109008893
1883 3.112535109008893
1884 3.112535109008893
1885 2.7679837650837413
1886 2.7679837650837413
1887 2.7679837650837413
1888 3.793561887925175
1889 3.793561887925175
1890 3.793561887925175
1891 3.5406399113539093
1892 3.5406399113539093
1893 3.5406399113539093
1894 4.076024271238298
1895 4.076024271238298
1896 4.076024271238298
1897 3.587629923793105
1898 3.587629923793105
1899 3.587629923793105
1900 3.24985958470253
1901 3.24985958470253
1902 3.24985958470253
1903 1.5582621035049842
1904 1.5582621035049842
1905 1.5582621035049842
1906 1.3802058985471
1907 1.3802058985471
1908 1.3802058985471
1909 0.6979771572727185
1910 0.6979771572727185
1911 0.6979771572727185
1912 1.7536500738711507
1913 1.7536500738711507
1914 1.7536500738711507
1915 1.5666743251051751
1916 1.5666743251051751
1917 1.5666743251051751
1918 0.8109531620851843
1919 0.8109531620851843
1920 0.8109531620851843
1921 1.338786044673275
1922 1.338786044673275
1923 1.338786044673275
1924 1.9866771762452768
1925 1.9866771762452768
1926 1.9866771762452768
1927 1.9799699875916326
1928 1.9799699875916326
1929 1.9799699875916326
1930 1.5593495810686067
1931 1.5593495810686067
1932 1.5593495810686067
1933 1.8962557093192003
1934 1.8962557093192003
1935 1.8962557093192003
1936 1.5922405504279529
1937 1.5922405504279529
1938 1.5922405504279529
1939 2.414649259106387
1940 2.414649259106387
1941 2.414649259106387
1942 1.2513017564440765
1943 1.2513017564440765
1944 1.2513017564440765
1945 1.1501916634842158
1946 1.1501916634842158
1947 1.1501916634842158
1948 1.2343110264049062
1949 3.483531804731162
1950 3.483531804731162
1951 3.483531804731162
1952 3.1408496454398676
1953 3.1408496454398676
1954 3.1408496454398676
1955 4.760692714946948
1956 4.760692714946948
1957 4.760692714946948
1958 2.5950848153181196
1959 2.5950848153181196
1960 2.5950848153181196
1961 3.126234198460544
1962 3.126234198460544
1963 3.126234198460544
1964 1.2764953213016657
1965 1.2764953213016657
1966 1.2764953213016657
1967 1.5882727515306585
1968 1.5882727515306585
1969 1.5882727515306585
1970 0.7237691938989053
1971 0.7237691938989053
1972 0.7237691938989053
1973 1.9413316143292925
1974 1.9413316143292925
1975 1.9413316143292925
1976 1.6281270141713975
1977 1.6281270141713975
1978 1.6281270141713975
1979 1.4335012958591888
1980 1.4335012958591888
1981 1.4335012958591888
1982 2.243771329292732
1983 2.243771329292732
1984 2.243771329292732
1985 1.0070905646824935
1986 1.0070905646824935
1987 1.0070905646824935
1988 2.368166019593616
1989 2.368166019593616
1990 2.368166019593616
1991 1.4392972439591156
1992 1.4392972439591156
1993 1.4392972439591156
1994 1.504058833222519
1995 1.504058833222519
1996 1.504058833222519
1997 1.8346931776264128
1998 1.8346931776264128
1999 1.8346931776264128
