0 0.6121322569746527
1 0.6121322569746527
2 0.6942889618401253
3 0.6942889618401253
4 0.7053230944419442
5 0.7053230944419442
6 0.7782155992049914
7 0.7782155992049914
8 0.6371637015367151
9 0.6371637015367151
10 0.756123453060132
11 0.756123453060132
12 0.5281982705205626
13 0.5281982705205626
14 0.7231158192634188
15 0.7231158192634188
16 0.3873747616254859
17 0.3873747616254859
18 0.6422510299557516
19 0.6422510299557516
20 0.7788458525794981
21 0.7788458525794981
22 0.8416851291000501
23 1.3808644163633446
24 1.3808644163633446
25 1.8421703925558273
26 1.8421703925558273
27 1.7558211351144686
28 1.7558211351144686
29 1.546034859899643
30 1.546034859899643
31 1.650848566012172
32 1.650848566012172
33 1.521484361420981
34 1.521484361420981
35 1.2588115205802004
36 1.2588115205802004
37 1.8011480583875226
38 1.8011480583875226
39 1.213977877252345
40 1.213977877252345
41 1.2562690642769816
42 1.2562690642769816
43 1.4869372099633502
44 1.4869372099633502
45 1.7513892129092739
46 1.7513892129092739
47 1.4883516589182588
48 1.4883516589182588
49 1.3921194036956444
50 1.3921194036956444
51 1.5335766271354778
52 3.7620517814351495
53 3.7620517814351495
54 3.606516013426004
55 3.606516013426004
56 4.08216656157102
57 4.08216656157102
58 4.760414006280725
59 4.760414006280725
60 3.1732746429493166
61 3.1732746429493166
62 3.9884914257319415
63 3.9884914257319415
64 4.063706958784218
65 4.063706958784218
66 4.761818675394357
67 4.761818675394357
68 2.070954183898797
69 2.070954183898797
70 3.5646599724548134
71 3.5646599724548134
72 4.611228956620783
73 4.611228956620783
74 3.2059222971738666
75 3.3388660923075646
76 3.3388660923075646
77 2.283827201484139
78 2.283827201484139
79 2.56817733254186
80 2.56817733254186
81 2.1614763582925964
82 2.1614763582925964
83 3.204751988594331
84 3.204751988594331
85 1.5097619570807046
86 3.468241599097313
87 3.468241599097313
88 3.7619353219782123
89 3.7619353219782123
90 4.563008534109413
91 4.563008534109413
92 3.079717331475889
93 3.079717331475889
94 2.9912299462053964
95 1.6581130752679172
96 1.6581130752679172
97 1.6801522669007107
98 1.6801522669007107
99 0.9442118012414826
100 0.9442118012414826
101 1.5166443381712857
102 1.5166443381712857
103 1.4570408197927067
104 1.4570408197927067
105 1.4646936758599856
106 1.4646936758599856
107 1.9233444064732768
108 1.9233444064732768
109 1.4570655893777693
110 1.4570655893777693
111 1.5629252632526662
112 1.5629252632526662
113 1.0357089889992785
114 1.0357089889992785
115 1.9511960796987033
116 1.9511960796987033
117 1.5840415077307988
118 1.5840415077307988
119 1.8860890185711425
120 1.8860890185711425
121 1.4702205754285038
122 1.4702205754285038
123 2.393012167355745
124 2.393012167355745
125 1.5188429751428607
126 1.5188429751428607
127 1.1961093111302865
128 1.1961093111302865
129 1.3577263292312232
130 1.3577263292312232
131 1.6901027869789895
132 1.6901027869789895
133 1.2867230432730072
134 1.2867230432730072
135 1.2750426169066957
136 3.7719590164562193
137 3.7719590164562193
138 3.0064809926695952
139 3.0064809926695952
140 3.788061477955667
141 3.788061477955667
142 3.2127370201362027
143 3.2127370201362027
144 2.1595303487094677
145 2.1595303487094677
146 3.048490126355494
147 3.048490126355494
148 2.593891878602245
149 2.593891878602245
150 3.222786443431813
151 3.222786443431813
152 3.755022796133864
153 3.755022796133864
154 2.856383116051121
155 2.856383116051121
156 3.6532680581210166
157 3.6532680581210166
158 3.752428732501216
159 3.752428732501216
160 3.287871129227973
161 3.287871129227973
162 3.8172493863322123
163 3.8172493863322123
164 2.414278557682556
165 2.414278557682556
166 3.5004960325042838
167 3.5004960325042838
168 2.2801219172601206
169 2.2801219172601206
170 3.5069008168767843
171 3.5069008168767843
172 3.1283984577398023
173 3.1283984577398023
174 4.816417937246078
175 4.816417937246078
176 2.8944210704188365
177 2.8944210704188365
178 2.5329308187651596
179 2.5329308187651596
180 2.131841151250123
181 2.131841151250123
182 1.7520862275105977
183 1.7520862275105977
184 3.630871623703514
185 3.630871623703514
186 2.6853597592305385
187 2.6853597592305385
188 2.134290065790246
189 2.134290065790246
190 2.15783231852419
191 2.15783231852419
192 3.4461343205259976
193 3.4461343205259976
194 3.421535768838245
195 3.421535768838245
196 3.055227950944687
197 3.055227950944687
198 3.7940386502339534
199 3.7940386502339534
200 2.9350032222865248
201 2.9350032222865248
202 2.3531467034617575
203 2.3531467034617575
204 1.5121970583686684
205 1.5121970583686684
206 3.1496376787838294
207 3.1496376787838294
208 2.3147378140265884
209 2.3147378140265884
210 2.707950798747305
211 2.707950798747305
212 3.319870437877145
213 3.319870437877145
214 2.9221902393267554
215 2.9221902393267554
216 0.39839040390455793
217 0.39839040390455793
218 0.8012281438169337
219 0.8012281438169337
220 0.7489656141793917
221 0.7489656141793917
222 0.5658627199346526
223 0.5658627199346526
224 0.449308668640712
225 0.449308668640712
226 0.6975725326077443
227 0.6975725326077443
228 0.8761032073194851
229 0.8761032073194851
230 0.986283053937167
231 0.986283053937167
232 0.708717895807996
233 0.708717895807996
234 0.6090336634428609
235 0.6090336634428609
236 0.8387162213501447
237 0.8387162213501447
238 0.8011990526057463
239 0.8011990526057463
240 0.504033799340011
241 0.504033799340011
242 0.8061975639165401
243 0.8061975639165401
244 0.8427835535829027
245 0.8427835535829027
246 0.7657198221652262
247 0.7657198221652262
248 0.7681778537623418
249 2.0211512891826997
250 2.0211512891826997
251 4.300480447863898
252 4.300480447863898
253 3.8668602377024155
254 3.8668602377024155
255 4.296631931383638
256 4.296631931383638
257 4.317073246367113
258 4.317073246367113
259 2.913410656034655
260 2.913410656034655
261 3.6423045321593044
262 3.6423045321593044
263 4.2257863350021365
264 4.2257863350021365
265 3.107784801966484
266 3.107784801966484
267 4.456390274868753
268 4.456390274868753
269 2.291986962861891
270 2.291986962861891
271 3.3193451019989126
272 3.3193451019989126
273 4.214174551374767
274 4.214174551374767
275 3.1479366543781833
276 3.1479366543781833
277 3.7746312384824345
278 3.7746312384824345
279 4.689611057685529
280 2.653492138430363
281 2.653492138430363
282 2.992632361170325
283 2.992632361170325
284 2.6502639584663856
285 4.3101192866187095
286 4.3101192866187095
287 4.322282588788367
288 4.322282588788367
289 3.4938137649098606
290 3.4938137649098606
291 4.263902863746994
292 4.263902863746994
293 3.184869431517147
294 3.184869431517147
295 3.119007012469445
296 3.119007012469445
297 3.8005338361257435
298 3.8005338361257435
299 5.001715434033392
300 5.001715434033392
301 3.8180135971332336
302 3.8180135971332336
303 4.216302095960727
304 4.216302095960727
305 3.7737316174162956
306 3.7737316174162956
307 3.912088470265871
308 3.912088470265871
309 3.4528131024624393
310 3.4528131024624393
311 4.002097491625964
312 4.002097491625964
313 2.3797115753464313
314 2.3797115753464313
315 3.9711047901245564
316 3.9711047901245564
317 4.662126023915198
318 4.662126023915198
319 5.077248693208876
320 5.077248693208876
321 3.382075497230423
322 3.382075497230423
323 3.6009412100103395
324 3.6009412100103395
325 2.645730959202436
326 2.645730959202436
327 4.969305861460654
328 4.969305861460654
329 3.953468683604228
330 0.7563191356844052
331 0.7563191356844052
332 1.2251326068949837
333 1.2251326068949837
334 1.1390583975929707
335 1.1390583975929707
336 1.3688116092749227
337 1.3688116092749227
338 1.3248340144119521
339 1.3248340144119521
340 1.458604081176476
341 1.458604081176476
342 1.9901812679812756
343 1.9901812679812756
344 1.3634143986311615
345 1.3634143986311615
346 1.531114215236022
347 1.531114215236022
348 1.5816959111241482
349 1.5816959111241482
350 1.6985437230444553
351 1.6985437230444553
352 1.6979194923839533
353 1.6979194923839533
354 1.9361365580061045
355 1.9361365580061045
356 1.3921071125160016
357 1.3921071125160016
358 1.348452768947297
359 1.348452768947297
360 1.3355835650815142
361 1.3355835650815142
362 2.229426353783164
363 2.229426353783164
364 1.5729068858936959
365 1.5729068858936959
366 1.616721842112163
367 1.616721842112163
368 1.7198043783196753
369 1.7198043783196753
370 1.0297223221926446
371 1.0297223221926446
372 1.4748427662315824
373 1.4748427662315824
374 1.4954889802875855
375 1.4954889802875855
376 1.4903612284112115
377 1.4903612284112115
378 1.7665626387580462
379 1.7665626387580462
380 2.2231885113850938
381 2.2231885113850938
382 1.7360924220737546
383 1.7360924220737546
384 2.211260840574956
385 2.211260840574956
386 1.6881686088885464
387 1.6881686088885464
388 1.0914725894510022
389 1.0914725894510022
390 1.8123054964095096
391 1.8123054964095096
392 1.687799192649096
393 1.687799192649096
394 2.284836960137148
395 2.284836960137148
396 0.9198463941890918
397 0.9198463941890918
398 1.6541751335403758
399 1.6541751335403758
400 1.2996507392708625
401 1.2996507392708625
402 1.8372627766925167
403 1.8372627766925167
404 1.068762986084869
405 1.068762986084869
406 1.3914919898454614
407 1.3914919898454614
408 1.6121858944802423
409 1.6121858944802423
410 1.86163492120416
411 1.86163492120416
412 1.6069529930624211
413 1.6069529930624211
414 1.7426318584776106
415 1.7426318584776106
416 2.495769339133569
417 2.495769339133569
418 1.5533894540512279
419 1.5533894540512279
420 1.031163762184763
421 1.031163762184763
422 1.5031763997215652
423 1.5031763997215652
424 1.908466857671138
425 1.908466857671138
426 1.2594108950355218
427 1.2594108950355218
428 1.3345353408453033
429 1.3345353408453033
430 1.9408415323310901
431 1.9408415323310901
432 2.4190212292628233
433 2.4190212292628233
434 1.1571492945997912
435 3.9029518537484664
436 2.3354115852778596
437 2.3354115852778596
438 3.342845784226655
439 3.342845784226655
440 2.6700569953154365
441 2.6700569953154365
442 3.0535348446468986
443 3.0535348446468986
444 2.741787259491761
445 1.605041364679569
446 0.19026228344401627
447 0.19026228344401627
448 0.1949427055617046
449 0.1949427055617046
450 0.31400043091603136
451 0.31400043091603136
452 0.22629356001768713
453 0.22629356001768713
454 0.49202546778522227
455 0.49202546778522227
456 0.6497898957729342
457 0.6497898957729342
458 0.7948076599048052
459 0.7948076599048052
460 0.6853514616088343
461 0.6853514616088343
462 0.5827578875075833
463 0.5827578875075833
464 0.6277527554796556
465 0.6277527554796556
466 0.6215848444092011
467 0.6215848444092011
468 0.37561911020442307
469 0.37561911020442307
470 0.634572733315664
471 0.634572733315664
472 0.7670293479231513
473 0.7670293479231513
474 0.7899847669460207
475 0.7899847669460207
476 0.9379921884089533
477 0.9379921884089533
478 0.6059572562145201
479 0.6059572562145201
480 0.6542885024387516
481 0.6542885024387516
482 0.4624103065269267
483 0.4624103065269267
484 0.6658327486158702
485 0.6658327486158702
486 0.6361722953904214
487 3.3545694073771357
488 3.3545694073771357
489 3.2275623966010847
490 3.2275623966010847
491 4.244064807268867
492 4.244064807268867
493 2.877911414202072
494 2.877911414202072
495 2.926097279667459
496 2.926097279667459
497 2.199966784317291
498 2.199966784317291
499 2.9375218545652912
500 2.9375218545652912
501 2.6474566361190552
502 2.6474566361190552
503 3.381120605989611
504 3.381120605989611
505 3.700763821854011
506 3.700763821854011
507 4.263505796256034
508 4.263505796256034
509 3.517798337624159
510 3.517798337624159
511 2.8165737167042044
512 2.8165737167042044
513 2.745072287892284
514 2.745072287892284
515 3.7807483929753287
516 3.7807483929753287
517 3.222965355298885
518 3.222965355298885
519 2.587220437215949
520 2.587220437215949
521 2.287483305723571
522 2.287483305723571
523 2.6875719266047815
524 2.6875719266047815
525 4.314304935733521
526 4.314304935733521
527 3.331290501272571
528 3.331290501272571
529 3.648519806716378
530 3.648519806716378
531 4.214309233068071
532 4.214309233068071
533 3.6470196694333485
534 3.6470196694333485
535 2.177956622195874
536 2.177956622195874
537 2.0181819928756806
538 2.0181819928756806
539 3.402325815760525
540 3.402325815760525
541 3.4214532845869505
542 3.4214532845869505
543 2.314706734687255
544 2.314706734687255
545 3.218499379799716
546 3.218499379799716
547 5.028618539486267
548 5.028618539486267
549 4.64447705442531
550 4.64447705442531
551 3.5299601442166786
552 3.5299601442166786
553 4.199262631463935
554 4.199262631463935
555 2.234582876103362
556 2.234582876103362
557 3.5515295893092755
558 3.5515295893092755
559 2.4449964340485986
560 2.4449964340485986
561 2.4883735682732504
562 2.4883735682732504
563 3.927360373497357
564 3.927360373497357
565 3.050101506824952
566 3.050101506824952
567 3.4926653044004397
568 3.4926653044004397
569 4.37999992819523
570 4.37999992819523
571 3.1976028031450534
572 3.1976028031450534
573 1.7414256084433488
574 1.7414256084433488
575 1.9395488182190603
576 1.9395488182190603
577 1.2526934431825403
578 1.2526934431825403
579 1.6818968753412422
580 1.6818968753412422
581 2.1860456326095385
582 2.1860456326095385
583 2.1832537201263476
584 2.1832537201263476
585 1.9040412405757359
586 1.9040412405757359
587 3.1680792109217553
588 3.1680792109217553
589 2.1655583840757746
590 2.1655583840757746
591 1.914156693317894
592 1.914156693317894
593 2.399236420541769
594 2.399236420541769
595 2.2669295885281335
596 2.2669295885281335
597 1.8542933322562296
598 1.8542933322562296
599 1.5216091465732553
600 1.5216091465732553
601 1.3697837841470024
602 1.3697837841470024
603 2.1187331906472564
604 2.1187331906472564
605 2.6690022933713218
606 2.6690022933713218
607 1.820350437881273
608 1.820350437881273
609 1.792426779446712
610 4.4675328689852
611 4.4675328689852
612 3.3932924398502076
613 3.3932924398502076
614 4.0962882630764685
615 4.0962882630764685
616 2.8251288717618714
617 2.8251288717618714
618 2.5422991034428737
619 2.5422991034428737
620 3.4565114321915544
621 3.4565114321915544
622 4.789672527581225
623 4.789672527581225
624 2.5798719980795486
625 2.5798719980795486
626 3.407476809566637
627 3.407476809566637
628 3.0505411021037783
629 3.0505411021037783
630 3.0314494031160284
631 3.0314494031160284
632 3.3842522583615384
633 3.3842522583615384
634 3.9611533866452655
635 3.9611533866452655
636 1.9517680314718586
637 1.9517680314718586
638 3.254351508563355
639 3.254351508563355
640 3.2403831051687586
641 3.2403831051687586
642 4.329539255783528
643 4.329539255783528
644 2.9319704456546964
645 2.9319704456546964
646 3.9825483381934945
647 3.9825483381934945
648 4.005028184299381
649 4.005028184299381
650 2.2956874151206943
651 2.2956874151206943
652 2.502852090863469
653 2.502852090863469
654 3.8165565188961725
655 3.8165565188961725
656 3.3108073632528927
657 3.3108073632528927
658 3.729294702220675
659 3.729294702220675
660 2.5804953532545323
661 2.5804953532545323
662 3.4626839260727267
663 3.4626839260727267
664 3.2141853918550787
665 4.686703129196085
666 4.686703129196085
667 3.590671224060522
668 3.590671224060522
669 3.4442914389240715
670 3.4442914389240715
671 3.533325074261772
672 3.533325074261772
673 4.3954222060120465
674 4.3954222060120465
675 5.262712938484918
676 5.262712938484918
677 2.608993315990978
678 2.608993315990978
679 3.895738799027787
680 3.895738799027787
681 2.057318497553243
682 2.057318497553243
683 4.113173209110156
684 4.113173209110156
685 3.046736793736708
686 3.046736793736708
687 1.4795795476812934
688 1.4795795476812934
689 2.313940454998134
690 2.313940454998134
691 2.4142981907091396
692 2.4142981907091396
693 2.2564443552385804
694 2.2564443552385804
695 2.6366299106901865
696 2.6366299106901865
697 2.577737846382042
698 2.577737846382042
699 2.0383722858936184
700 2.0383722858936184
701 2.418629788622276
702 2.418629788622276
703 2.7051411253381885
704 2.7051411253381885
705 2.3787807910363115
706 2.3787807910363115
707 1.8258494991963794
708 1.8258494991963794
709 0.661280493161848
710 0.661280493161848
711 0.4467878391659842
712 0.4467878391659842
713 0.6383033429367013
714 0.6383033429367013
715 0.9031881250513842
716 0.9031881250513842
717 0.9852505285640756
718 0.9852505285640756
719 0.6436222683172732
720 0.6436222683172732
721 0.880036406532696
722 0.880036406532696
723 0.8680163072438485
724 0.8680163072438485
725 0.5699749485102635
726 0.5699749485102635
727 0.5016609551698245
728 0.5016609551698245
729 0.5284628560859517
730 0.5284628560859517
731 0.7272087695855091
732 0.7272087695855091
733 0.5438460910741929
734 0.5438460910741929
735 0.9127729882627874
736 0.9127729882627874
737 0.5599489058986613
738 0.5599489058986613
739 0.862538152702945
740 0.862538152702945
741 0.7692100476363999
742 0.7692100476363999
743 0.725004531826785
744 0.725004531826785
745 0.5558784232351293
746 0.5558784232351293
747 0.7133032611913047
748 0.7133032611913047
749 0.610772626424097
750 0.610772626424097
751 0.36190008555191683
752 0.36190008555191683
753 0.7460203293477293
754 0.7460203293477293
755 0.6424132135999141
756 0.6424132135999141
757 0.7147695398078967
758 0.7147695398078967
759 0.7946631790256685
760 0.7946631790256685
761 0.6454402083234279
762 0.6454402083234279
763 1.6988916414149373
764 1.6988916414149373
765 2.0706145131781217
766 2.0706145131781217
767 2.266011861388914
768 2.266011861388914
769 2.156942024245994
770 2.156942024245994
771 1.5394647392092549
772 1.5394647392092549
773 2.322225371628939
774 2.322225371628939
775 1.2817772533240124
776 1.2817772533240124
777 2.4779647330841272
778 2.4779647330841272
779 1.9882161106050469
780 1.9882161106050469
781 2.5579671329491305
782 2.5579671329491305
783 2.1164077928622724
784 2.1164077928622724
785 1.6516634457270487
786 1.6516634457270487
787 2.01233266894549
788 2.01233266894549
789 2.4221223603299773
790 2.4221223603299773
791 3.693015633247118
792 3.693015633247118
793 2.708084024963802
794 2.708084024963802
795 1.9720198669773326
796 1.9720198669773326
797 3.268976461355106
798 3.268976461355106
799 1.9638914623182016
800 1.9638914623182016
801 2.781036459492306
802 2.781036459492306
803 2.4393061906015685
804 2.4393061906015685
805 1.6546276227713825
806 1.6546276227713825
807 1.7130153728148105
808 1.7130153728148105
809 1.8897605882261388
810 1.8897605882261388
811 1.5766538888286412
812 1.5766538888286412
813 1.6784174997386812
814 1.6784174997386812
815 2.0893132888205623
816 2.0893132888205623
817 2.243951748042367
818 2.243951748042367
819 1.7374501873887132
820 1.7374501873887132
821 1.597487067188907
822 1.597487067188907
823 2.242354223284363
824 2.242354223284363
825 1.8816518356310241
826 1.8816518356310241
827 2.2083107510458237
828 2.2083107510458237
829 2.245464398114334
830 2.245464398114334
831 1.2527486220763626
832 1.2527486220763626
833 2.0472440156864407
834 2.0472440156864407
835 2.10813122066238
836 1.6114820094828692
837 1.6114820094828692
838 1.6709266183266682
839 1.6709266183266682
840 1.3896198049820008
841 1.3896198049820008
842 2.003715596473037
843 0.15578695992891461
844 0.15578695992891461
845 0.2420631318659324
846 0.2420631318659324
847 0.20078018542408643
848 0.20078018542408643
849 0.1120067144676443
850 0.1120067144676443
851 0.17682237395500547
852 0.17682237395500547
853 0.16750892291521774
854 0.16750892291521774
855 0.24753154688350515
856 0.24753154688350515
857 0.25496690820988066
858 0.25496690820988066
859 0.1571901798930662
860 0.1571901798930662
861 0.1717016159445255
862 0.1717016159445255
863 0.1092062485777221
864 0.1092062485777221
865 0.1886245726883212
866 0.1886245726883212
867 0.2734491726839661
868 0.2734491726839661
869 0.26512238125701204
870 0.26512238125701204
871 0.30548412359137833
872 0.30548412359137833
873 0.17418593005830743
874 0.17418593005830743
875 0.13142703161848118
876 0.13142703161848118
877 0.21106331862503794
878 0.21106331862503794
879 0.21885936512724805
880 0.21885936512724805
881 0.16339158570734374
882 0.16339158570734374
883 0.12712254909667475
884 0.12712254909667475
885 0.1837612490363329
886 0.1837612490363329
887 0.24334241836957934
888 0.24334241836957934
889 0.2722705832343936
890 0.2722705832343936
891 0.19182510064352917
892 0.19182510064352917
893 0.2378272061537968
894 0.2378272061537968
895 0.18721721679527425
896 0.18721721679527425
897 0.21064210115441173
898 0.21064210115441173
899 0.24110949443529553
900 0.24110949443529553
901 0.15516464321860862
902 0.15516464321860862
903 0.2422797792528964
904 0.2422797792528964
905 0.23360182036884308
906 0.23360182036884308
907 0.2017142623542628
908 0.2017142623542628
909 0.1658090422913478
910 0.1658090422913478
911 0.2387598606782529
912 0.2387598606782529
913 0.19285495797899319
914 0.19285495797899319
915 0.18813139039847868
916 0.18813139039847868
917 0.1
918 0.1
919 0.20255657287984394
920 0.20255657287984394
921 0.1518609266154385
922 0.1518609266154385
923 0.21515297153224774
924 0.21515297153224774
925 0.18635547850034018
926 0.18635547850034018
927 0.18059455743311653
928 0.18059455743311653
929 0.18163447725539544
930 0.18163447725539544
931 0.20280313991787685
932 0.20280313991787685
933 0.2299228788604697
934 0.2299228788604697
935 0.1998593035699155
936 0.1998593035699155
937 0.16756082190290106
938 0.16756082190290106
939 2.030925449220812
940 2.030925449220812
941 1.321843212339174
942 1.321843212339174
943 1.3636937147135737
944 1.3636937147135737
945 1.5391044898023476
946 1.5391044898023476
947 1.8341784106250352
948 1.8341784106250352
949 4.774370124294199
950 4.774370124294199
951 3.5896008194244455
952 3.5896008194244455
953 4.828969521340262
954 4.828969521340262
955 3.4862944055400824
956 3.4862944055400824
957 4.243325829181837
958 4.243325829181837
959 5.016195272719223
960 5.016195272719223
961 3.1797769057446956
962 3.1797769057446956
963 3.4047602447441054
964 3.4047602447441054
965 3.6857287554399654
966 3.6857287554399654
967 4.803096318217306
968 4.803096318217306
969 3.5409868007344283
970 3.5409868007344283
971 2.9877573375531687
972 2.9877573375531687
973 4.108366911680051
974 4.108366911680051
975 3.4194541950209594
976 3.4194541950209594
977 1.7069240650520683
978 1.7069240650520683
979 1.5395828928780164
980 1.5395828928780164
981 2.283903690313094
982 2.283903690313094
983 1.2725381419907882
984 1.2725381419907882
985 1.6418826011516372
986 1.6418826011516372
987 1.886635055124007
988 1.886635055124007
989 2.087823801702386
990 2.087823801702386
991 1.9805390828179676
992 1.9805390828179676
993 1.5899063270539502
994 1.5899063270539502
995 1.7410342115482498
996 1.7410342115482498
997 1.8061683476671386
998 1.8061683476671386
999 1.2815837346613614
1000 1.2815837346613614
1001 1.824788123060782
1002 1.824788123060782
1003 2.0575865002290037
1004 2.0575865002290037
1005 1.2725811782644172
1006 1.2725811782644172
1007 1.5310022323234722
1008 1.5310022323234722
1009 1.565291921123571
1010 1.565291921123571
1011 1.8599214660370267
1012 1.8599214660370267
1013 2.0239432488834743
1014 2.0239432488834743
1015 2.0449163899638454
1016 2.0449163899638454
1017 1.4644221238187876
1018 1.4644221238187876
1019 1.6394410856674826
1020 1.6394410856674826
1021 1.3715443159390839
1022 1.3715443159390839
1023 1.6261059040522938
1024 1.6261059040522938
1025 1.4241470032020596
1026 1.4241470032020596
1027 1.820844567353503
1028 1.820844567353503
1029 1.2459729569586262
1030 1.2459729569586262
1031 1.514234120201252
1032 1.514234120201252
1033 1.7268806053541486
1034 1.7268806053541486
1035 1.617922731819101
1036 1.617922731819101
1037 1.25711247777493
1038 1.25711247777493
1039 1.3466578424949727
1040 1.3466578424949727
1041 1.4007148147663009
1042 1.4007148147663009
1043 1.1800815591493177
1044 1.1800815591493177
1045 1.4073428226959455
1046 1.4073428226959455
1047 1.756867671681428
1048 1.756867671681428
1049 1.0913485918036243
1050 3.4584480535377073
1051 3.4584480535377073
1052 4.6654436080427235
1053 4.6654436080427235
1054 3.403092136985804
1055 3.403092136985804
1056 5.44727482732654
1057 5.44727482732654
1058 3.1214372033558737
1059 3.1214372033558737
1060 4.179015934870554
1061 4.179015934870554
1062 4.48903295780154
1063 4.48903295780154
1064 3.5187562401399943
1065 3.5187562401399943
1066 2.480466024528765
1067 2.480466024528765
1068 4.098810068736264
1069 4.098810068736264
1070 1.7534977332261161
1071 1.7534977332261161
1072 3.2908696737327654
1073 3.2908696737327654
1074 4.375954012044623
1075 4.375954012044623
1076 2.730314170413576
1077 2.730314170413576
1078 3.668482958357417
1079 3.668482958357417
1080 3.864663025679926
1081 3.864663025679926
1082 3.83181739757346
1083 3.83181739757346
1084 4.347264773139177
1085 4.347264773139177
1086 5.209604809157296
1087 5.209604809157296
1088 2.1198530633107926
1089 2.1198530633107926
1090 4.36510903298709
1091 4.36510903298709
1092 2.3279441987702105
1093 2.3279441987702105
1094 5.230874729394188
1095 5.230874729394188
1096 5.503101601839009
1097 5.503101601839009
1098 3.3154918938592863
1099 3.3154918938592863
1100 3.1004342576070396
1101 3.1004342576070396
1102 3.661730596788554
1103 3.661730596788554
1104 3.7350275426401525
1105 3.7350275426401525
1106 1.7178272282403153
1107 1.7178272282403153
1108 4.042118120432352
1109 4.042118120432352
1110 2.3430228927933188
1111 2.3430228927933188
1112 3.323143271705076
1113 3.323143271705076
1114 3.641401280938076
1115 3.641401280938076
1116 3.5322333456165707
1117 3.5322333456165707
1118 4.556119472616623
1119 4.556119472616623
1120 3.3165250024336057
1121 3.3165250024336057
1122 4.618927069869423
1123 4.618927069869423
1124 2.642332664005713
1125 2.642332664005713
1126 4.125197044237787
1127 4.125197044237787
1128 2.7473418729983745
1129 2.7473418729983745
1130 4.289011660802507
1131 4.289011660802507
1132 2.433960994831293
1133 2.433960994831293
1134 2.6158822510077084
1135 2.6158822510077084
1136 4.0639888331747684
1137 4.0639888331747684
1138 3.619687311357028
1139 3.619687311357028
1140 4.778550570741627
1141 1.0285803480284297
1142 1.0285803480284297
1143 0.9977243301760416
1144 0.9977243301760416
1145 1.3366021257016232
1146 1.3366021257016232
1147 1.0261858586344514
1148 1.0261858586344514
1149 1.5063001894477666
1150 1.5063001894477666
1151 1.0883178208573767
1152 1.0883178208573767
1153 1.1745811807061177
1154 1.1745811807061177
1155 0.730322595604175
1156 0.730322595604175
1157 1.3794693372003892
1158 1.3794693372003892
1159 1.2284347441294894
1160 1.2284347441294894
1161 1.778470566071256
1162 1.5075149555541936
1163 1.5075149555541936
1164 1.629564529411154
1165 1.629564529411154
1166 1.6022316604099414
1167 1.6022316604099414
1168 1.2697801214110656
1169 1.2697801214110656
1170 2.0924565982914296
1171 2.0924565982914296
1172 1.6509565275260105
1173 1.6509565275260105
1174 1.8620174175487338
1175 1.8620174175487338
1176 1.454189406336585
1177 1.454189406336585
1178 1.4631300373208058
1179 1.4631300373208058
1180 1.2936095709048892
1181 1.2936095709048892
1182 1.6792807668794214
1183 1.6792807668794214
1184 1.49831540192409
1185 1.49831540192409
1186 1.96460440090705
1187 1.96460440090705
1188 1.7406388930281091
1189 1.7406388930281091
1190 1.7050612425935319
1191 1.7050612425935319
1192 2.195501437393262
1193 2.195501437393262
1194 1.289981597978116
1195 4.76506783470531
1196 4.76506783470531
1197 4.20855587233801
1198 4.20855587233801
1199 3.226663123156709
1200 3.226663123156709
1201 3.3158315011344626
1202 3.3158315011344626
1203 5.153268632069569
1204 5.153268632069569
1205 4.82793401415938
1206 4.82793401415938
1207 2.9053269138328996
1208 2.9053269138328996
1209 4.818932394198249
1210 4.818932394198249
1211 2.710898597499133
1212 2.710898597499133
1213 2.4811715266259187
1214 2.4811715266259187
1215 2.641048471922667
1216 2.641048471922667
1217 4.076426432675638
1218 4.076426432675638
1219 3.6970920445642124
1220 3.6970920445642124
1221 4.416166605673877
1222 4.416166605673877
1223 3.142163462873925
1224 3.142163462873925
1225 3.356495307607194
1226 3.356495307607194
1227 3.8465485389688
1228 3.8465485389688
1229 4.832798071339683
1230 4.832798071339683
1231 3.4659388446924497
1232 3.4659388446924497
1233 2.3414224739780805
1234 2.3414224739780805
1235 4.886091189066911
1236 4.886091189066911
1237 5.834281592743199
1238 5.834281592743199
1239 3.657705341731917
1240 3.657705341731917
1241 3.3343188732751026
1242 3.3343188732751026
1243 4.697463661749515
1244 4.697463661749515
1245 3.3973803222009518
1246 3.3973803222009518
1247 3.198442888466173
1248 3.198442888466173
1249 4.02510580222555
1250 4.02510580222555
1251 3.8345939390217656
1252 3.8345939390217656
1253 4.427360764735322
1254 4.427360764735322
1255 3.6114505885645154
1256 3.6114505885645154
1257 4.872605301065513
1258 4.872605301065513
1259 3.775969305791054
1260 3.775969305791054
1261 3.683606768215267
1262 3.683606768215267
1263 3.282843097108935
1264 3.282843097108935
1265 2.9924177268671173
1266 2.9924177268671173
1267 3.7901906688425218
1268 3.7901906688425218
1269 6.073762129263916
1270 6.073762129263916
1271 5.157216669211992
1272 5.157216669211992
1273 3.2342490599016647
1274 3.2342490599016647
1275 4.654624591890646
1276 4.654624591890646
1277 4.451605918594574
1278 4.451605918594574
1279 3.0550342938519752
1280 3.0550342938519752
1281 1.1809279966348813
1282 1.1809279966348813
1283 0.898476926887739
1284 0.898476926887739
1285 1.0524674774062512
1286 1.0524674774062512
1287 0.7182582339017065
1288 0.7182582339017065
1289 1.4131965809759381
1290 1.4131965809759381
1291 1.2294097078696073
1292 1.2294097078696073
1293 0.9305976928014975
1294 0.9305976928014975
1295 0.9354515324207329
1296 0.9354515324207329
1297 0.7826544145511892
1298 0.7826544145511892
1299 0.8679852008257326
1300 0.8679852008257326
1301 1.1116769226379928
1302 1.1116769226379928
1303 1.4905310171519452
1304 1.4905310171519452
1305 1.2471041888452834
1306 1.2471041888452834
1307 1.3904058908302486
1308 1.3904058908302486
1309 1.0058350390173196
1310 1.0058350390173196
1311 1.2386489533815879
1312 2.8373466020333957
1313 2.8373466020333957
1314 1.3904179500429021
1315 1.3904179500429021
1316 2.446739121564954
1317 2.446739121564954
1318 2.3024403890984257
1319 2.3024403890984257
1320 2.1232514824572246
1321 2.1232514824572246
1322 1.8622875324186459
1323 1.8622875324186459
1324 1.4946863894736722
1325 1.4946863894736722
1326 2.661365705909212
1327 2.661365705909212
1328 2.410951042029248
1329 2.410951042029248
1330 2.496375661844598
1331 2.496375661844598
1332 4.077081025874496
1333 4.077081025874496
1334 2.9551041340485664
1335 2.9551041340485664
1336 4.281691309037661
1337 4.281691309037661
1338 2.6026796272864186
1339 2.6026796272864186
1340 3.5932127965004987
1341 3.5932127965004987
1342 3.6397871250950655
1343 3.6397871250950655
1344 5.043466965824652
1345 5.043466965824652
1346 3.4096971929003885
1347 3.4096971929003885
1348 2.722252011697946
1349 2.722252011697946
1350 2.8759890339797933
1351 2.8759890339797933
1352 3.873495790389476
1353 3.873495790389476
1354 3.3619964852695374
1355 3.3619964852695374
1356 3.7058848225707584
1357 3.7058848225707584
1358 3.4904416214327356
1359 3.4904416214327356
1360 3.126472838055846
1361 3.126472838055846
1362 3.7173322840148195
1363 3.7173322840148195
1364 2.049083739490247
1365 2.049083739490247
1366 2.4542459170706894
1367 2.4542459170706894
1368 2.258081145805457
1369 2.258081145805457
1370 2.152900158467038
1371 2.152900158467038
1372 2.691606074149147
1373 2.691606074149147
1374 3.662826114853014
1375 3.662826114853014
1376 1.7456439904671772
1377 1.7456439904671772
1378 3.542539345042015
1379 3.542539345042015
1380 1.82128741517948
1381 1.82128741517948
1382 2.8489227054071007
1383 2.8489227054071007
1384 1.2587457707981182
1385 1.2587457707981182
1386 1.490888388013203
1387 1.490888388013203
1388 1.4009077084990988
1389 1.4009077084990988
1390 1.4239093952437192
1391 1.4239093952437192
1392 1.3659696004648223
1393 1.3659696004648223
1394 1.4300175121693954
1395 1.4300175121693954
1396 0.9934683791259319
1397 0.9934683791259319
1398 1.9513045551124693
1399 1.9513045551124693
1400 1.3425689044839888
1401 1.3425689044839888
1402 1.1005735541944424
1403 1.1005735541944424
1404 1.974214835530012
1405 1.974214835530012
1406 1.6239418821610938
1407 1.6239418821610938
1408 1.7169179584406895
1409 1.7169179584406895
1410 1.5054660753384999
1411 1.5054660753384999
1412 1.694087975859504
1413 1.694087975859504
1414 2.1790839576231766
1415 2.1790839576231766
1416 1.9847421753270797
1417 1.9847421753270797
1418 2.2862869094953235
1419 2.2862869094953235
1420 1.0612967057191312
1421 1.0612967057191312
1422 1.6170278435622485
1423 1.6170278435622485
1424 1.9461994314349822
1425 1.9461994314349822
1426 1.7606031431600522
1427 1.7606031431600522
1428 1.5110925019088184
1429 1.5110925019088184
1430 1.0972819376143488
1431 1.0972819376143488
1432 2.297861237483911
1433 2.297861237483911
1434 2.1385044278089955
1435 2.1385044278089955
1436 2.150681331176931
1437 2.150681331176931
1438 1.8623795887623706
1439 1.8623795887623706
1440 1.2812726568697352
1441 1.2812726568697352
1442 1.379963377603542
1443 1.379963377603542
1444 1.118335830059368
1445 1.118335830059368
1446 1.3871135052462562
1447 1.3871135052462562
1448 1.2526428988273564
1449 1.2526428988273564
1450 1.7861722434885243
1451 1.7861722434885243
1452 1.782918191096375
1453 1.782918191096375
1454 1.0727329572191828
1455 1.0727329572191828
1456 1.58490650378792
1457 1.58490650378792
1458 1.1682074416889663
1459 1.1682074416889663
1460 1.4110550946369997
1461 1.4110550946369997
1462 1.4488591926586754
1463 1.4488591926586754
1464 1.2570525839496114
1465 1.2570525839496114
1466 1.6058260882948745
1467 1.6058260882948745
1468 1.3062513538794025
1469 1.3062513538794025
1470 1.5283640109955499
1471 1.5283640109955499
1472 5.207983840483676
1473 5.207983840483676
1474 3.2810533514709617
1475 3.2810533514709617
1476 4.425768200205277
1477 4.425768200205277
1478 3.7157236773018405
1479 3.7157236773018405
1480 2.8337583399479644
1481 3.8289873900090905
1482 3.8289873900090905
1483 3.0383999721219013
1484 3.0383999721219013
1485 2.614860463369934
1486 2.614860463369934
1487 3.274960181407354
1488 3.274960181407354
1489 3.6403946667929263
1490 3.6403946667929263
1491 3.3963352284528194
1492 3.3963352284528194
1493 3.3368775477235917
1494 3.3368775477235917
1495 2.228160752568477
1496 2.228160752568477
1497 2.725053717308689
1498 2.725053717308689
1499 1.5252873078979277
1500 1.5252873078979277
1501 2.9378844112891116
1502 2.9378844112891116
1503 2.9559008269596685
1504 2.9559008269596685
1505 3.1733895758289528
1506 3.1733895758289528
1507 3.3746849256932743
1508 3.3746849256932743
1509 2.046660808251917
1510 2.046660808251917
1511 3.748690501318555
1512 3.748690501318555
1513 3.3387664216785744
1514 3.3387664216785744
1515 2.44476515330267
1516 2.44476515330267
1517 3.8226630258393004
1518 3.8226630258393004
1519 2.73525137095957
1520 2.73525137095957
1521 2.527157470923378
1522 2.527157470923378
1523 3.848916176147619
1524 3.848916176147619
1525 2.9445238182866635
1526 2.9445238182866635
1527 2.200188880967246
1528 2.200188880967246
1529 3.4844398227481514
1530 3.4844398227481514
1531 2.0996905165073096
1532 2.0996905165073096
1533 3.3134618945975793
1534 3.3134618945975793
1535 2.3145474195532536
1536 2.3145474195532536
1537 2.735699712733262
1538 2.735699712733262
1539 3.7322752640677472
1540 3.7322752640677472
1541 2.94995866968571
1542 2.94995866968571
1543 2.431634396160452
1544 2.431634396160452
1545 3.5212139809898466
1546 3.5212139809898466
1547 4.065821005705113
1548 4.065821005705113
1549 3.0088072916786124
1550 3.0088072916786124
1551 2.891418822906113
1552 2.891418822906113
1553 3.405706994574235
1554 3.405706994574235
1555 2.8452333000742325
1556 2.8452333000742325
1557 2.834583140054021
1558 2.834583140054021
1559 2.6273178333690383
1560 2.6273178333690383
1561 2.6867478448913116
1562 2.6867478448913116
1563 2.762652530986836
1564 2.762652530986836
1565 3.1874106054059097
1566 3.1874106054059097
1567 2.1566878643109186
1568 2.1566878643109186
1569 2.555512353338028
1570 2.555512353338028
1571 3.106337117878593
1572 3.106337117878593
1573 3.8556199912317064
1574 3.8556199912317064
1575 2.593124971311243
1576 2.593124971311243
1577 2.9953824248495478
1578 2.9953824248495478
1579 1.9118203320073572
1580 1.9118203320073572
1581 3.954886079058528
1582 3.954886079058528
1583 2.1748520783281435
1584 2.1748520783281435
1585 3.1732271529606413
1586 3.1732271529606413
1587 2.9915816626452356
1588 2.9915816626452356
1589 2.080456583569095
1590 2.080456583569095
1591 3.577725078598186
1592 3.577725078598186
1593 4.404391828870151
1594 4.404391828870151
1595 2.8223532912945593
1596 2.8223532912945593
1597 3.556933016438771
1598 3.556933016438771
1599 3.389318777055997
1600 3.144899384937271
1601 3.144899384937271
1602 3.341885938177098
1603 3.341885938177098
1604 3.231715597760769
1605 3.231715597760769
1606 2.5896759732594377
1607 2.5896759732594377
1608 2.9561218898142387
1609 2.9561218898142387
1610 2.376068972418997
1611 2.376068972418997
1612 3.563329637890452
1613 3.563329637890452
1614 2.3043996249650363
1615 2.3043996249650363
1616 3.089694779251179
1617 3.089694779251179
1618 2.544441799224199
1619 2.544441799224199
1620 2.736715942678029
1621 2.736715942678029
1622 4.264933058740728
1623 4.264933058740728
1624 4.631698154378144
1625 4.631698154378144
1626 2.9738712197720942
1627 2.9738712197720942
1628 1.9415887175756303
1629 1.9415887175756303
1630 3.3113410914126087
1631 3.3113410914126087
1632 3.6950446269271855
1633 3.6950446269271855
1634 3.2822495314214932
1635 3.2822495314214932
1636 3.2849207651946597
1637 3.296850309333415
1638 3.296850309333415
1639 3.2199898992908054
1640 3.2199898992908054
1641 4.453512751711052
1642 6.389983969647433
1643 6.389983969647433
1644 4.413234028274903
1645 4.413234028274903
1646 4.663027430950635
1647 4.663027430950635
1648 6.07977177734811
1649 6.07977177734811
1650 4.193078672264053
1651 4.193078672264053
1652 3.895869991369133
1653 3.895869991369133
1654 6.157810963241147
1655 6.157810963241147
1656 4.388283945765145
1657 4.388283945765145
1658 2.9591146650141056
1659 2.9591146650141056
1660 3.7983938537979984
1661 3.7983938537979984
1662 4.424692733271133
1663 4.424692733271133
1664 5.3000219528575485
1665 5.3000219528575485
1666 5.396120175440122
1667 5.396120175440122
1668 4.623296895649129
1669 4.623296895649129
1670 2.9658996934703796
1671 2.9658996934703796
1672 2.5012795852922283
1673 2.5012795852922283
1674 4.498030514688513
1675 4.498030514688513
1676 3.8550333338379996
1677 3.8550333338379996
1678 5.746327565509189
1679 5.746327565509189
1680 4.570908799451618
1681 4.570908799451618
1682 5.567548735606807
1683 5.567548735606807
1684 4.158855449925291
1685 4.158855449925291
1686 3.7894280840059373
1687 3.7894280840059373
1688 4.5173723293922725
1689 4.5173723293922725
1690 4.970325231410152
1691 4.970325231410152
1692 4.295567316408211
1693 4.295567316408211
1694 3.6979536790210634
1695 3.6979536790210634
1696 4.467417555328484
1697 4.467417555328484
1698 3.563844962279352
1699 3.563844962279352
1700 4.557279744744227
1701 4.557279744744227
1702 4.549009676262256
1703 4.549009676262256
1704 4.818849312968772
1705 4.818849312968772
1706 5.218931917054163
1707 5.218931917054163
1708 4.67891361550176
1709 4.67891361550176
1710 3.7070707623352757
1711 3.7070707623352757
1712 2.7530048524651987
1713 2.7530048524651987
1714 5.666394608196821
1715 5.666394608196821
1716 4.462744754785122
1717 4.462744754785122
1718 4.8701175344683385
1719 4.8701175344683385
1720 6.286125923556694
1721 6.286125923556694
1722 4.36678006129365
1723 4.36678006129365
1724 5.182677027330834
1725 5.182677027330834
1726 3.833507673325324
1727 3.833507673325324
1728 4.433893554899944
1729 4.433893554899944
1730 5.078449939704396
1731 5.078449939704396
1732 4.628491667266584
1733 4.628491667266584
1734 1.4662051741801014
1735 1.4662051741801014
1736 2.513699702506493
1737 2.513699702506493
1738 1.9009005697494425
1739 1.9009005697494425
1740 2.3428393813449233
1741 2.3428393813449233
1742 2.133132006768644
1743 2.133132006768644
1744 3.2155392926265645
1745 3.2155392926265645
1746 2.7051179768094777
1747 2.7051179768094777
1748 2.4404012868325777
1749 2.4404012868325777
1750 2.3586546417668472
1751 2.3586546417668472
1752 2.0846651391975897
1753 2.0846651391975897
1754 2.231967319653008
1755 2.231967319653008
1756 1.782317904804722
1757 1.782317904804722
1758 2.4736566137226963
1759 2.4736566137226963
1760 1.4113633708776068
1761 1.4113633708776068
1762 2.2913985906548535
1763 2.2913985906548535
1764 1.7115326535344595
1765 1.7115326535344595
1766 2.2595619124104545
1767 2.2595619124104545
1768 1.4426010644446752
1769 1.4426010644446752
1770 1.6956404876231412
1771 1.6956404876231412
1772 1.936904060057667
1773 1.936904060057667
1774 1.695755332086113
1775 1.695755332086113
1776 1.7646609212108262
1777 1.7646609212108262
1778 2.5682194514579675
1779 2.5682194514579675
1780 1.8314838162021223
1781 1.8314838162021223
1782 2.5356873419663675
1783 2.5356873419663675
1784 2.1379978265654103
1785 2.1379978265654103
1786 1.784279039667089
1787 1.207683975494067
1788 1.207683975494067
1789 1.5576681228018776
1790 1.5576681228018776
1791 2.5535089690600405
1792 2.5535089690600405
1793 1.5964429995555602
1794 1.5964429995555602
1795 1.6671687998646387
1796 1.6671687998646387
1797 0.8589359550511881
1798 0.8589359550511881
1799 1.4017100997510048
1800 1.4017100997510048
1801 2.845348493480861
1802 2.845348493480861
1803 2.133130546602535
1804 2.133130546602535
1805 3.0259105149238863
1806 3.0259105149238863
1807 2.3785671163337256
1808 2.3785671163337256
1809 3.0251723909481205
1810 3.0251723909481205
1811 1.7436936628909505
1812 1.7436936628909505
1813 3.4973675248417915
1814 3.4973675248417915
1815 2.233812868932558
1816 2.233812868932558
1817 2.661448244565285
1818 2.661448244565285
1819 2.334265132484425
1820 2.334265132484425
1821 3.2459399690705464
1822 3.2459399690705464
1823 2.5131702873197854
1824 2.5131702873197854
1825 3.517080702174978
1826 3.517080702174978
1827 4.025943449768915
1828 4.025943449768915
1829 1.9943095693008546
1830 1.9943095693008546
1831 2.4676720154957232
1832 2.4676720154957232
1833 2.6727305781626836
1834 2.6727305781626836
1835 2.4345708271703193
1836 2.4345708271703193
1837 2.567336640624103
1838 2.567336640624103
1839 2.5364587367286595
1840 2.5364587367286595
1841 1.258846902988029
1842 1.258846902988029
1843 1.7073777277026494
1844 1.7073777277026494
1845 3.4864423923194687
1846 3.4864423923194687
1847 1.8616571686423935
1848 1.8616571686423935
1849 2.4443718393524274
1850 2.4443718393524274
1851 2.2913519882101845
1852 2.2913519882101845
1853 2.0167678268974045
1854 2.0167678268974045
1855 1.6339042489796571
1856 1.6339042489796571
1857 2.832798420401977
1858 2.832798420401977
1859 2.997818001017489
1860 2.997818001017489
1861 2.958361308850347
1862 2.958361308850347
1863 2.873248764156176
1864 2.873248764156176
1865 3.2753916169732915
1866 3.2753916169732915
1867 2.337540021088613
1868 2.337540021088613
1869 3.29880341044079
1870 3.29880341044079
1871 2.6744288533155918
1872 2.6744288533155918
1873 3.7785995188071757
1874 3.7785995188071757
1875 1.3990674159350323
1876 1.3990674159350323
1877 2.3060379990209317
1878 2.3060379990209317
1879 2.6080050573682043
1880 2.6080050573682043
1881 1.8231292431158361
1882 1.8231292431158361
1883 2.8355864145430205
1884 1.8348582791281793
1885 1.8348582791281793
1886 1.9828429054986922
1887 1.9828429054986922
1888 1.847939131510142
1889 4.908650646954095
1890 4.908650646954095
1891 3.1618675825886244
1892 3.1618675825886244
1893 4.597829167383168
1894 4.597829167383168
1895 3.3794338086139324
1896 3.632411245675595
1897 3.632411245675595
1898 2.9582522547055428
1899 2.9582522547055428
1900 3.0454323826110064
1901 3.0454323826110064
1902 3.5464178702720126
1903 3.5464178702720126
1904 3.284624299813921
1905 3.284624299813921
1906 3.205157558125127
1907 3.205157558125127
1908 2.956037064394904
1909 2.956037064394904
1910 3.918001427277746
1911 3.918001427277746
1912 2.8428942664628694
1913 1.7944332396867682
1914 1.7944332396867682
1915 2.6180390044067
1916 2.6180390044067
1917 1.5107528762118614
1918 1.5107528762118614
1919 2.0637685532805654
1920 0.6213091042234292
1921 0.6213091042234292
1922 0.3655512807741282
1923 0.3655512807741282
1924 0.7336020537431355
1925 0.7336020537431355
1926 0.6771087143040158
1927 0.6771087143040158
1928 0.6476832937310958
1929 0.6476832937310958
1930 0.7178618334665408
1931 0.7178618334665408
1932 0.5018765689259259
1933 0.5018765689259259
1934 0.6273413502147107
1935 0.6273413502147107
1936 0.4807784073770045
1937 0.4807784073770045
1938 0.4830823517666619
1939 0.4830823517666619
1940 0.8012501888103134
1941 0.8012501888103134
1942 0.4920638106784292
1943 0.4920638106784292
1944 0.4990239253211507
1945 0.4990239253211507
1946 0.5705979922565089
1947 0.5705979922565089
1948 0.7094932045981148
1949 0.7094932045981148
1950 0.5111026620878433
1951 0.5111026620878433
1952 0.8611659623098636
1953 0.8611659623098636
1954 0.8493327358521983
1955 0.8493327358521983
1956 0.563348499763293
1957 0.563348499763293
1958 0.5520517226270356
1959 0.5520517226270356
1960 0.8449472092428584
1961 0.8449472092428584
1962 0.9059697719814286
1963 0.9059697719814286
1964 0.7610452500844315
1965 0.7610452500844315
1966 0.7504099224554948
1967 0.7504099224554948
1968 0.5191576877459865
1969 0.5191576877459865
1970 0.5450750333823093
1971 0.5450750333823093
1972 0.7014987408704724
1973 0.7014987408704724
1974 0.5900915881402439
1975 0.5900915881402439
1976 0.5577670432653883
1977 0.5577670432653883
1978 0.4879090734166751
1979 0.4879090734166751
1980 0.6986962186381556
1981 0.6986962186381556
1982 0.5483658318377779
1983 0.5483658318377779
1984 0.705030656101415
1985 0.705030656101415
1986 0.8636685729338414
1987 0.8636685729338414
1988 0.7174496108667833
1989 0.7174496108667833
1990 0.7896965252120585
1991 0.7896965252120585
1992 0.531088303932093
1993 0.531088303932093
1994 0.6932719641542635
1995 0.6932719641542635
1996 0.4669265118550835
1997 0.4669265118550835
1998 0.39396686511666257
1999 0.39396686511666257
