0 0.14634531713213303
1 0.14634531713213303
2 0.14634531713213303
3 0.14634531713213303
4 0.14634531713213303
5 0.17322877991927477
6 0.17322877991927477
7 0.17322877991927477
8 0.17322877991927477
9 0.17322877991927477
10 0.22183857487424244
11 0.22183857487424244
12 0.22183857487424244
13 0.22183857487424244
14 0.22183857487424244
15 0.26066698288710444
16 0.26066698288710444
17 0.26066698288710444
18 0.26066698288710444
19 0.26066698288710444
20 0.2765005751616488
21 0.2765005751616488
22 0.2765005751616488
23 0.2765005751616488
24 0.2765005751616488
25 0.2745343882729165
26 0.2745343882729165
27 0.2745343882729165
28 0.2745343882729165
29 0.2745343882729165
30 0.21818463440543082
31 0.21818463440543082
32 0.21818463440543082
33 0.21818463440543082
34 0.21818463440543082
35 0.24639069179778605
36 0.24639069179778605
37 0.24639069179778605
38 0.24639069179778605
39 0.24639069179778605
40 0.2566779107645001
41 0.2566779107645001
42 0.2566779107645001
43 0.2566779107645001
44 0.2566779107645001
45 0.21760795632894592
46 0.21760795632894592
47 0.21760795632894592
48 0.21760795632894592
49 0.21760795632894592
50 0.15013453109009173
51 0.15013453109009173
52 0.15013453109009173
53 0.15013453109009173
54 0.15013453109009173
55 0.162968160927387
56 0.162968160927387
57 1.4308059188198643
58 1.4308059188198643
59 1.4308059188198643
60 1.4308059188198643
61 1.4308059188198643
62 2.2591123352279596
63 2.2591123352279596
64 2.2591123352279596
65 2.2591123352279596
66 2.2591123352279596
67 1.7003290430475566
68 1.7003290430475566
69 1.7003290430475566
70 1.7003290430475566
71 1.7003290430475566
72 1.8775360650556485
73 1.8775360650556485
74 1.8775360650556485
75 1.8775360650556485
76 1.8775360650556485
77 2.2605588761764963
78 2.2605588761764963
79 2.2605588761764963
80 2.2605588761764963
81 2.2605588761764963
82 0.804959458850618
83 0.804959458850618
84 0.804959458850618
85 0.804959458850618
86 0.804959458850618
87 1.9209163667429374
88 1.9209163667429374
89 1.9209163667429374
90 1.9209163667429374
91 1.9209163667429374
92 1.3358738666080252
93 1.3358738666080252
94 1.3358738666080252
95 1.3358738666080252
96 1.3358738666080252
97 1.2392588249863334
98 1.2392588249863334
99 1.2392588249863334
100 1.2392588249863334
101 1.2392588249863334
102 1.0171702221042607
103 3.0370781736808463
104 3.0370781736808463
105 3.0370781736808463
106 3.0370781736808463
107 3.0370781736808463
108 3.2203191796225337
109 3.2203191796225337
110 3.2203191796225337
111 3.2203191796225337
112 3.2203191796225337
113 2.485730939020507
114 2.485730939020507
115 2.485730939020507
116 2.485730939020507
117 2.485730939020507
118 3.175600732176233
119 3.175600732176233
120 3.175600732176233
121 3.175600732176233
122 3.175600732176233
123 1.6364609950567188
124 1.6364609950567188
125 1.6364609950567188
126 1.6364609950567188
127 1.6364609950567188
128 3.565830907943849
129 3.565830907943849
130 1.5440082354615945
131 1.5440082354615945
132 1.5440082354615945
133 1.5440082354615945
134 1.5440082354615945
135 1.242224531578467
136 1.242224531578467
137 1.242224531578467
138 1.242224531578467
139 1.242224531578467
140 1.3441706381234946
141 1.3441706381234946
142 1.3441706381234946
143 1.3441706381234946
144 1.3441706381234946
145 1.2587367590401843
146 1.2587367590401843
147 1.2587367590401843
148 1.2587367590401843
149 1.2587367590401843
150 1.2586126361503525
151 1.2586126361503525
152 1.2586126361503525
153 1.2586126361503525
154 1.2586126361503525
155 0.8994794486073697
156 0.8994794486073697
157 0.8994794486073697
158 0.8994794486073697
159 0.8994794486073697
160 1.2243907924000859
161 1.2243907924000859
162 1.2243907924000859
163 1.2243907924000859
164 1.2243907924000859
165 1.0543314127617145
166 1.0543314127617145
167 1.0543314127617145
168 1.0543314127617145
169 1.0543314127617145
170 1.0439339954101605
171 1.0439339954101605
172 1.0439339954101605
173 1.0439339954101605
174 1.0439339954101605
175 0.790680095912418
176 0.790680095912418
177 0.790680095912418
178 0.790680095912418
179 0.790680095912418
180 1.2960997771926546
181 3.7127066998270344
182 0.662882862325783
183 0.662882862325783
184 0.662882862325783
185 0.662882862325783
186 0.662882862325783
187 1.391400470124712
188 1.391400470124712
189 1.391400470124712
190 1.391400470124712
191 1.391400470124712
192 1.0653039966295363
193 1.0653039966295363
194 1.0653039966295363
195 1.0653039966295363
196 1.0653039966295363
197 0.9791833745554924
198 0.9791833745554924
199 0.9791833745554924
200 0.9791833745554924
201 0.9791833745554924
202 1.1441746249530726
203 1.1441746249530726
204 1.1441746249530726
205 1.1441746249530726
206 1.1441746249530726
207 0.9813995383520243
208 0.9813995383520243
209 0.9813995383520243
210 0.9813995383520243
211 0.9813995383520243
212 0.6231642620315233
213 0.6231642620315233
214 0.6231642620315233
215 0.6231642620315233
216 0.6231642620315233
217 0.9906145859516933
218 0.9906145859516933
219 3.154152199623992
220 3.154152199623992
221 3.154152199623992
222 3.154152199623992
223 3.154152199623992
224 4.269166542141757
225 4.269166542141757
226 4.269166542141757
227 4.269166542141757
228 4.269166542141757
229 3.4895188717689174
230 3.4895188717689174
231 3.4895188717689174
232 3.4895188717689174
233 3.4895188717689174
234 3.406839687939242
235 3.406839687939242
236 3.406839687939242
237 3.406839687939242
238 3.406839687939242
239 2.9820809630384315
240 2.9820809630384315
241 2.9820809630384315
242 2.9820809630384315
243 2.9820809630384315
244 5.268721361152726
245 5.268721361152726
246 5.268721361152726
247 5.268721361152726
248 5.268721361152726
249 4.246951826925963
250 4.246951826925963
251 4.246951826925963
252 4.246951826925963
253 4.246951826925963
254 2.00226636236641
255 2.00226636236641
256 2.00226636236641
257 2.00226636236641
258 2.00226636236641
259 3.7602266600624676
260 3.7602266600624676
261 3.7602266600624676
262 3.7602266600624676
263 3.7602266600624676
264 3.896988129197706
265 3.896988129197706
266 3.896988129197706
267 3.896988129197706
268 3.896988129197706
269 2.7310690243898637
270 2.7310690243898637
271 2.7310690243898637
272 2.7310690243898637
273 2.7310690243898637
274 3.014271917006934
275 3.014271917006934
276 3.014271917006934
277 3.014271917006934
278 3.014271917006934
279 4.577735257556526
280 4.577735257556526
281 4.577735257556526
282 4.577735257556526
283 4.577735257556526
284 2.2761927402843254
285 2.2761927402843254
286 2.2761927402843254
287 2.2761927402843254
288 2.2761927402843254
289 3.776416892757491
290 3.776416892757491
291 3.776416892757491
292 3.776416892757491
293 3.776416892757491
294 3.8479476669211135
295 3.8479476669211135
296 3.8479476669211135
297 3.8479476669211135
298 3.8479476669211135
299 2.9490467877568594
300 2.9490467877568594
301 2.9490467877568594
302 2.9490467877568594
303 2.9490467877568594
304 2.640296625820906
305 2.640296625820906
306 2.640296625820906
307 2.640296625820906
308 2.640296625820906
309 4.479968434062097
310 4.479968434062097
311 4.479968434062097
312 4.479968434062097
313 4.479968434062097
314 3.9068950498249233
315 3.9068950498249233
316 3.9068950498249233
317 3.9068950498249233
318 3.9068950498249233
319 2.019657764399472
320 2.019657764399472
321 2.019657764399472
322 2.019657764399472
323 2.019657764399472
324 2.5091741977689894
325 2.5091741977689894
326 2.5091741977689894
327 2.5091741977689894
328 2.5091741977689894
329 4.047951485068834
330 4.047951485068834
331 4.047951485068834
332 4.047951485068834
333 4.047951485068834
334 4.520400231780812
335 4.520400231780812
336 4.520400231780812
337 4.520400231780812
338 4.520400231780812
339 3.5623499825928193
340 3.5623499825928193
341 3.5623499825928193
342 3.5623499825928193
343 3.5623499825928193
344 3.7692747229862826
345 3.7692747229862826
346 2.7060218970658294
347 2.7060218970658294
348 2.7060218970658294
349 2.7060218970658294
350 2.7060218970658294
351 1.9133124357650368
352 1.9133124357650368
353 1.9133124357650368
354 1.9133124357650368
355 1.9133124357650368
356 1.4137700344037285
357 1.4137700344037285
358 1.4137700344037285
359 1.4137700344037285
360 1.4137700344037285
361 2.10866484216284
362 2.10866484216284
363 2.10866484216284
364 2.10866484216284
365 2.10866484216284
366 2.269993939765327
367 2.269993939765327
368 2.269993939765327
369 2.269993939765327
370 2.269993939765327
371 1.8535431368560304
372 1.8535431368560304
373 1.8535431368560304
374 1.8535431368560304
375 1.8535431368560304
376 1.7059678759976422
377 1.7059678759976422
378 1.7059678759976422
379 1.7059678759976422
380 1.7059678759976422
381 2.4732351327212942
382 2.4732351327212942
383 2.4732351327212942
384 2.4732351327212942
385 2.4732351327212942
386 1.7899380563085956
387 1.7899380563085956
388 1.7899380563085956
389 1.7899380563085956
390 1.7899380563085956
391 1.7421727788229864
392 1.7421727788229864
393 1.7421727788229864
394 1.7421727788229864
395 1.7421727788229864
396 2.023860549232348
397 2.023860549232348
398 2.023860549232348
399 2.023860549232348
400 2.023860549232348
401 1.5326295503443632
402 1.5326295503443632
403 1.5326295503443632
404 1.5326295503443632
405 1.5326295503443632
406 2.0424332081834966
407 2.0424332081834966
408 2.0424332081834966
409 2.0424332081834966
410 2.0424332081834966
411 1.422353396080608
412 1.1602136644244858
413 1.1602136644244858
414 1.1602136644244858
415 1.1602136644244858
416 1.1602136644244858
417 0.808246546319084
418 0.808246546319084
419 0.808246546319084
420 0.808246546319084
421 0.808246546319084
422 0.6794256506945964
423 0.6794256506945964
424 0.6794256506945964
425 0.6794256506945964
426 0.6794256506945964
427 1.0059866890525897
428 1.0059866890525897
429 1.0059866890525897
430 1.0059866890525897
431 1.0059866890525897
432 1.4052947349232139
433 1.4052947349232139
434 1.4052947349232139
435 1.4052947349232139
436 1.4052947349232139
437 0.9080810784908884
438 0.9080810784908884
439 0.9080810784908884
440 0.9080810784908884
441 0.9080810784908884
442 1.4305551386554443
443 1.4305551386554443
444 1.4305551386554443
445 1.4305551386554443
446 1.4305551386554443
447 0.5920826132996788
448 0.5920826132996788
449 0.5920826132996788
450 0.5920826132996788
451 0.5920826132996788
452 1.1109495381787367
453 1.1109495381787367
454 1.1109495381787367
455 1.1109495381787367
456 1.1109495381787367
457 1.202822088036163
458 1.202822088036163
459 1.202822088036163
460 1.202822088036163
461 4.0659407475325855
462 4.0659407475325855
463 4.0659407475325855
464 4.0659407475325855
465 4.0659407475325855
466 4.430887334838685
467 4.430887334838685
468 4.430887334838685
469 4.430887334838685
470 4.430887334838685
471 3.501713039963833
472 3.501713039963833
473 3.501713039963833
474 3.501713039963833
475 3.501713039963833
476 3.1366953971978915
477 3.1366953971978915
478 3.1366953971978915
479 3.1366953971978915
480 3.1366953971978915
481 3.380133659751121
482 3.380133659751121
483 3.380133659751121
484 3.380133659751121
485 3.380133659751121
486 3.683209723236887
487 3.683209723236887
488 3.683209723236887
489 3.683209723236887
490 3.683209723236887
491 3.7848347984752686
492 3.7848347984752686
493 3.7848347984752686
494 3.7848347984752686
495 3.7848347984752686
496 2.521770914959969
497 2.521770914959969
498 2.521770914959969
499 2.521770914959969
500 2.521770914959969
501 4.50778759414716
502 4.50778759414716
503 4.50778759414716
504 4.50778759414716
505 4.50778759414716
506 3.010262452717673
507 3.010262452717673
508 3.010262452717673
509 3.010262452717673
510 3.010262452717673
511 4.506881122640153
512 4.506881122640153
513 4.506881122640153
514 4.506881122640153
515 4.506881122640153
516 4.673992294063689
517 4.673992294063689
518 4.673992294063689
519 4.673992294063689
520 4.673992294063689
521 3.6882336651050016
522 3.6882336651050016
523 3.6882336651050016
524 3.6882336651050016
525 3.6882336651050016
526 3.3246594042620776
527 3.3246594042620776
528 3.3246594042620776
529 3.3246594042620776
530 3.3246594042620776
531 4.328354552378504
532 4.328354552378504
533 4.328354552378504
534 4.328354552378504
535 4.328354552378504
536 2.790590345536876
537 2.790590345536876
538 2.790590345536876
539 2.790590345536876
540 2.790590345536876
541 3.9670585399858074
542 3.9670585399858074
543 3.9670585399858074
544 3.9670585399858074
545 1.8685946009724603
546 1.8685946009724603
547 1.8685946009724603
548 1.8685946009724603
549 1.8685946009724603
550 2.9304539311339908
551 2.9304539311339908
552 2.9304539311339908
553 2.9304539311339908
554 2.9304539311339908
555 2.34115395069801
556 2.34115395069801
557 2.34115395069801
558 2.34115395069801
559 2.34115395069801
560 2.2551284094105153
561 2.2551284094105153
562 2.2551284094105153
563 2.2551284094105153
564 2.2551284094105153
565 1.7171331398447656
566 1.7171331398447656
567 1.7171331398447656
568 1.7171331398447656
569 1.7171331398447656
570 2.389135837302651
571 2.389135837302651
572 2.389135837302651
573 2.389135837302651
574 2.389135837302651
575 2.5855835085397234
576 2.5855835085397234
577 2.5855835085397234
578 2.5855835085397234
579 2.5855835085397234
580 1.9309753071535978
581 1.9309753071535978
582 1.9309753071535978
583 1.9309753071535978
584 1.9309753071535978
585 2.9776521084280527
586 2.9776521084280527
587 2.9776521084280527
588 2.9776521084280527
589 2.9776521084280527
590 2.0402825322502807
591 2.0402825322502807
592 2.0402825322502807
593 2.0402825322502807
594 2.0402825322502807
595 1.8765073122526668
596 1.8765073122526668
597 1.8765073122526668
598 1.8765073122526668
599 1.8765073122526668
600 3.2565833873964616
601 3.2565833873964616
602 3.2565833873964616
603 3.2565833873964616
604 3.2565833873964616
605 3.73202397821169
606 3.73202397821169
607 3.73202397821169
608 3.73202397821169
609 3.73202397821169
610 3.2956037042316364
611 3.2956037042316364
612 3.2956037042316364
613 3.2956037042316364
614 3.2956037042316364
615 1.4550519702837703
616 1.4550519702837703
617 1.4550519702837703
618 1.4550519702837703
619 1.4550519702837703
620 2.2826120478115177
621 2.2826120478115177
622 2.2826120478115177
623 2.2826120478115177
624 2.2826120478115177
625 1.09059833208086
626 1.09059833208086
627 1.09059833208086
628 1.09059833208086
629 1.09059833208086
630 3.2108145542160873
631 3.2108145542160873
632 3.2108145542160873
633 3.2108145542160873
634 3.2108145542160873
635 2.2083911151830504
636 2.2083911151830504
637 2.2083911151830504
638 2.2083911151830504
639 2.2083911151830504
640 2.9685325175045896
641 2.9685325175045896
642 2.9685325175045896
643 2.9685325175045896
644 2.9685325175045896
645 3.5231252356797507
646 3.5231252356797507
647 3.5231252356797507
648 3.5231252356797507
649 3.5231252356797507
650 2.0957831525013493
651 2.0957831525013493
652 2.0957831525013493
653 2.0957831525013493
654 2.0957831525013493
655 2.395966999740426
656 2.395966999740426
657 2.395966999740426
658 2.395966999740426
659 2.395966999740426
660 1.9330997636624327
661 1.9330997636624327
662 1.9330997636624327
663 1.9330997636624327
664 1.9330997636624327
665 2.855894272134761
666 2.855894272134761
667 2.855894272134761
668 2.855894272134761
669 2.855894272134761
670 1.7205003877052323
671 1.7205003877052323
672 1.7205003877052323
673 1.7205003877052323
674 1.7205003877052323
675 1.9806492832924254
676 1.9806492832924254
677 1.9806492832924254
678 1.9806492832924254
679 1.9806492832924254
680 2.4373279965447563
681 2.4373279965447563
682 2.4373279965447563
683 2.4373279965447563
684 2.4373279965447563
685 2.0935767200606534
686 2.0935767200606534
687 2.0935767200606534
688 2.0935767200606534
689 2.0935767200606534
690 4.186172235506432
691 4.186172235506432
692 4.186172235506432
693 4.186172235506432
694 4.186172235506432
695 2.3622964809137654
696 2.3622964809137654
697 2.3622964809137654
698 2.3622964809137654
699 2.3622964809137654
700 4.139188591727571
701 4.139188591727571
702 4.139188591727571
703 4.139188591727571
704 4.139188591727571
705 4.17421162292957
706 4.17421162292957
707 4.17421162292957
708 4.17421162292957
709 4.17421162292957
710 3.9325517261513427
711 3.9325517261513427
712 3.9325517261513427
713 3.9325517261513427
714 3.9325517261513427
715 4.266276157727119
716 4.266276157727119
717 4.266276157727119
718 4.266276157727119
719 4.266276157727119
720 3.0101638021854136
721 3.0101638021854136
722 3.0101638021854136
723 3.0101638021854136
724 3.0101638021854136
725 3.4988741539684227
726 3.4988741539684227
727 3.4988741539684227
728 3.4988741539684227
729 3.4988741539684227
730 3.4725778271433216
731 3.4725778271433216
732 3.4725778271433216
733 3.4725778271433216
734 3.4725778271433216
735 3.524013428839923
736 3.524013428839923
737 3.524013428839923
738 3.524013428839923
739 3.524013428839923
740 3.333527778264014
741 3.333527778264014
742 3.333527778264014
743 3.333527778264014
744 3.333527778264014
745 3.5169490073117275
746 3.5169490073117275
747 3.5169490073117275
748 3.5169490073117275
749 3.5169490073117275
750 3.92949322476521
751 3.92949322476521
752 3.92949322476521
753 3.92949322476521
754 3.92949322476521
755 4.873768329875908
756 4.873768329875908
757 4.873768329875908
758 4.873768329875908
759 4.873768329875908
760 4.317656266882976
761 4.317656266882976
762 4.317656266882976
763 4.317656266882976
764 4.317656266882976
765 3.4714005390484277
766 3.4714005390484277
767 3.4714005390484277
768 3.4714005390484277
769 3.4714005390484277
770 3.3377786115449055
771 3.3377786115449055
772 3.3377786115449055
773 3.3377786115449055
774 3.3377786115449055
775 4.080610193601322
776 4.080610193601322
777 4.080610193601322
778 4.080610193601322
779 4.080610193601322
780 3.7091727420998275
781 3.7091727420998275
782 3.7091727420998275
783 3.7091727420998275
784 3.7091727420998275
785 2.883320639457996
786 2.883320639457996
787 2.883320639457996
788 2.883320639457996
789 2.883320639457996
790 2.254871844730275
791 2.254871844730275
792 2.254871844730275
793 2.254871844730275
794 2.254871844730275
795 2.594097027598397
796 2.594097027598397
797 2.594097027598397
798 2.594097027598397
799 2.594097027598397
800 4.238599818756969
801 4.238599818756969
802 4.238599818756969
803 4.238599818756969
804 4.238599818756969
805 3.2342780000650073
806 3.2342780000650073
807 3.2342780000650073
808 3.2342780000650073
809 3.2342780000650073
810 2.041134083929141
811 2.041134083929141
812 2.041134083929141
813 2.041134083929141
814 2.041134083929141
815 3.7721599227455744
816 3.7721599227455744
817 3.7721599227455744
818 3.7721599227455744
819 3.7721599227455744
820 1.3226054411484247
821 1.3226054411484247
822 1.3226054411484247
823 1.3226054411484247
824 1.3226054411484247
825 2.2060782229994005
826 2.2060782229994005
827 2.2060782229994005
828 2.2060782229994005
829 2.2060782229994005
830 4.320741391597853
831 4.320741391597853
832 4.320741391597853
833 4.320741391597853
834 4.320741391597853
835 4.233911784904917
836 4.233911784904917
837 4.233911784904917
838 4.233911784904917
839 4.233911784904917
840 3.3385689000603964
841 3.3385689000603964
842 3.3385689000603964
843 3.3385689000603964
844 3.3385689000603964
845 3.619271169150643
846 3.619271169150643
847 3.619271169150643
848 3.619271169150643
849 3.619271169150643
850 3.17614128549627
851 3.17614128549627
852 3.17614128549627
853 3.17614128549627
854 3.17614128549627
855 3.152489111184398
856 3.152489111184398
857 3.152489111184398
858 3.152489111184398
859 3.152489111184398
860 3.4558892478653864
861 3.4558892478653864
862 3.4558892478653864
863 3.4558892478653864
864 3.4558892478653864
865 3.208178602573182
866 3.208178602573182
867 3.208178602573182
868 3.208178602573182
869 3.208178602573182
870 2.9003533713645577
871 2.9003533713645577
872 2.9003533713645577
873 2.9003533713645577
874 2.9003533713645577
875 2.933859259306432
876 2.933859259306432
877 2.933859259306432
878 2.933859259306432
879 2.933859259306432
880 3.212291342851407
881 3.212291342851407
882 3.212291342851407
883 3.212291342851407
884 3.212291342851407
885 2.832909110312113
886 2.832909110312113
887 2.832909110312113
888 2.832909110312113
889 2.832909110312113
890 3.294358061417925
891 3.294358061417925
892 3.294358061417925
893 3.294358061417925
894 3.294358061417925
895 2.4058576804380802
896 2.4058576804380802
897 2.4058576804380802
898 2.4058576804380802
899 2.4058576804380802
900 3.502975773647026
901 3.502975773647026
902 3.502975773647026
903 3.502975773647026
904 3.502975773647026
905 3.9298112600915895
906 3.9298112600915895
907 3.9298112600915895
908 3.9298112600915895
909 3.9298112600915895
910 3.3096629776253623
911 3.3096629776253623
912 3.3096629776253623
913 3.3096629776253623
914 3.3096629776253623
915 3.7751786187125242
916 3.7751786187125242
917 3.7751786187125242
918 3.7751786187125242
919 3.7751786187125242
920 1.7229821801096779
921 1.7229821801096779
922 1.7229821801096779
923 1.7229821801096779
924 1.7229821801096779
925 3.2576337665291932
926 3.2576337665291932
927 3.2576337665291932
928 3.2576337665291932
929 3.2576337665291932
930 3.7393667514950923
931 3.7393667514950923
932 3.7393667514950923
933 3.7393667514950923
934 3.7393667514950923
935 3.536496376453052
936 3.536496376453052
937 3.536496376453052
938 3.536496376453052
939 3.536496376453052
940 1.9944387426066905
941 1.9944387426066905
942 1.9944387426066905
943 1.9944387426066905
944 1.9944387426066905
945 3.698548170199993
946 3.698548170199993
947 3.698548170199993
948 3.698548170199993
949 3.698548170199993
950 3.27384755090815
951 3.27384755090815
952 3.27384755090815
953 3.27384755090815
954 3.27384755090815
955 2.1925583863588756
956 2.1925583863588756
957 2.1925583863588756
958 2.1925583863588756
959 2.1925583863588756
960 4.015611006505985
961 4.015611006505985
962 4.015611006505985
963 1.6904734926453409
964 1.6904734926453409
965 1.6904734926453409
966 1.6904734926453409
967 1.6904734926453409
968 0.800346781758151
969 0.800346781758151
970 0.800346781758151
971 0.800346781758151
972 0.800346781758151
973 1.4429508577466972
974 1.4429508577466972
975 1.4429508577466972
976 1.4429508577466972
977 1.4429508577466972
978 1.2227612985981402
979 1.2227612985981402
980 1.2227612985981402
981 1.2227612985981402
982 1.2227612985981402
983 0.38612744907357155
984 0.38612744907357155
985 0.38612744907357155
986 0.38612744907357155
987 0.38612744907357155
988 0.5902023756136918
989 0.5902023756136918
990 0.5902023756136918
991 0.5902023756136918
992 0.5902023756136918
993 1.706559228304816
994 1.706559228304816
995 1.706559228304816
996 1.706559228304816
997 1.706559228304816
998 1.0195980561728812
999 1.0195980561728812
1000 1.0195980561728812
1001 1.0195980561728812
1002 1.0195980561728812
1003 1.4690000879008593
1004 1.4690000879008593
1005 1.4690000879008593
1006 1.4690000879008593
1007 1.4690000879008593
1008 1.7224314227283164
1009 1.7224314227283164
1010 1.7224314227283164
1011 1.7224314227283164
1012 1.7224314227283164
1013 1.3509588531503045
1014 1.3509588531503045
1015 1.3509588531503045
1016 1.3509588531503045
1017 1.3509588531503045
1018 1.4367069885278867
1019 1.4367069885278867
1020 1.4367069885278867
1021 1.4367069885278867
1022 1.4367069885278867
1023 1.8266670944294208
1024 1.8266670944294208
1025 1.8266670944294208
1026 1.8266670944294208
1027 1.8266670944294208
1028 1.5815193669511924
1029 1.5815193669511924
1030 1.5815193669511924
1031 1.5815193669511924
1032 1.5815193669511924
1033 1.490004267304688
1034 1.490004267304688
1035 1.490004267304688
1036 1.490004267304688
1037 1.490004267304688
1038 1.2259430040621453
1039 1.2259430040621453
1040 1.2259430040621453
1041 1.2259430040621453
1042 1.2259430040621453
1043 1.4498982323216136
1044 1.4498982323216136
1045 1.4498982323216136
1046 1.4498982323216136
1047 1.4498982323216136
1048 1.9952024897316454
1049 1.9952024897316454
1050 1.9952024897316454
1051 1.9952024897316454
1052 1.9952024897316454
1053 1.4698213637243505
1054 1.4698213637243505
1055 1.4698213637243505
1056 1.4698213637243505
1057 1.4698213637243505
1058 1.4223472044767336
1059 1.4223472044767336
1060 1.4223472044767336
1061 1.4223472044767336
1062 1.4223472044767336
1063 2.345107778274694
1064 2.345107778274694
1065 2.345107778274694
1066 2.345107778274694
1067 2.345107778274694
1068 1.0976784969041438
1069 1.0976784969041438
1070 1.0976784969041438
1071 1.0976784969041438
1072 1.0976784969041438
1073 1.1011734322304128
1074 1.1011734322304128
1075 1.1011734322304128
1076 1.1011734322304128
1077 1.1011734322304128
1078 1.189310426620153
1079 1.189310426620153
1080 1.189310426620153
1081 1.189310426620153
1082 1.189310426620153
1083 1.8968052737268368
1084 1.8968052737268368
1085 1.8968052737268368
1086 1.8968052737268368
1087 1.8968052737268368
1088 1.257219957756484
1089 1.257219957756484
1090 1.257219957756484
1091 1.257219957756484
1092 1.257219957756484
1093 1.6221527642025155
1094 1.6221527642025155
1095 1.6221527642025155
1096 1.6221527642025155
1097 1.6221527642025155
1098 1.3908195720542826
1099 1.3908195720542826
1100 1.3908195720542826
1101 1.3908195720542826
1102 1.3908195720542826
1103 1.5963063072386403
1104 1.5963063072386403
1105 1.5963063072386403
1106 1.5963063072386403
1107 1.5963063072386403
1108 1.700863580946932
1109 1.700863580946932
1110 1.700863580946932
1111 1.700863580946932
1112 1.700863580946932
1113 1.982536301115573
1114 1.982536301115573
1115 1.982536301115573
1116 1.982536301115573
1117 1.982536301115573
1118 2.067686190715754
1119 2.067686190715754
1120 2.067686190715754
1121 2.067686190715754
1122 2.067686190715754
1123 1.9524532363179166
1124 1.9524532363179166
1125 1.9524532363179166
1126 1.9524532363179166
1127 1.9524532363179166
1128 1.4004830272141493
1129 1.4004830272141493
1130 1.4004830272141493
1131 1.4004830272141493
1132 1.4004830272141493
1133 2.0296247834700623
1134 2.0296247834700623
1135 2.0296247834700623
1136 2.0296247834700623
1137 2.0296247834700623
1138 1.0209229848508783
1139 1.0209229848508783
1140 1.0209229848508783
1141 1.0209229848508783
1142 1.0209229848508783
1143 1.5087588188025254
1144 1.5087588188025254
1145 1.5087588188025254
1146 1.5087588188025254
1147 1.5087588188025254
1148 1.8194009086913927
1149 1.8194009086913927
1150 1.8194009086913927
1151 1.8194009086913927
1152 1.8194009086913927
1153 0.9952369050527221
1154 0.9952369050527221
1155 0.9952369050527221
1156 0.9952369050527221
1157 0.9952369050527221
1158 1.7501558744807828
1159 1.7501558744807828
1160 1.7501558744807828
1161 1.7501558744807828
1162 1.7501558744807828
1163 1.554754369740149
1164 1.554754369740149
1165 1.554754369740149
1166 1.554754369740149
1167 1.554754369740149
1168 1.3676212115590554
1169 1.3676212115590554
1170 1.3676212115590554
1171 1.3676212115590554
1172 1.3676212115590554
1173 1.8696071188970325
1174 1.8696071188970325
1175 1.8696071188970325
1176 1.8696071188970325
1177 1.8696071188970325
1178 1.534355889515563
1179 0.8876021284856207
1180 0.8876021284856207
1181 0.8876021284856207
1182 0.8876021284856207
1183 0.8876021284856207
1184 1.4156901668395256
1185 1.4156901668395256
1186 1.4156901668395256
1187 1.4156901668395256
1188 1.4156901668395256
1189 0.8255897904305931
1190 0.8255897904305931
1191 0.8255897904305931
1192 0.8255897904305931
1193 0.8255897904305931
1194 1.1673261905387198
1195 1.1673261905387198
1196 1.1673261905387198
1197 1.1673261905387198
1198 1.1673261905387198
1199 1.439122249553855
1200 1.439122249553855
1201 1.439122249553855
1202 1.439122249553855
1203 1.439122249553855
1204 1.1395809798014849
1205 1.1395809798014849
1206 1.1395809798014849
1207 1.1395809798014849
1208 1.1395809798014849
1209 0.21295951169786356
1210 1.8471126432740417
1211 1.8471126432740417
1212 1.8471126432740417
1213 1.8471126432740417
1214 1.8471126432740417
1215 2.0535504189669456
1216 2.0535504189669456
1217 2.0535504189669456
1218 2.0535504189669456
1219 2.0535504189669456
1220 1.8222779597527525
1221 1.8222779597527525
1222 1.8222779597527525
1223 1.8222779597527525
1224 1.8222779597527525
1225 2.9484779692891303
1226 2.9484779692891303
1227 2.9484779692891303
1228 2.9484779692891303
1229 2.9484779692891303
1230 1.753197397572488
1231 1.753197397572488
1232 1.753197397572488
1233 1.753197397572488
1234 1.753197397572488
1235 2.80248046206703
1236 2.80248046206703
1237 2.80248046206703
1238 2.80248046206703
1239 2.80248046206703
1240 2.8445437678761207
1241 2.8445437678761207
1242 2.8445437678761207
1243 2.8445437678761207
1244 2.8445437678761207
1245 2.6828942236385283
1246 2.6828942236385283
1247 2.6828942236385283
1248 2.6828942236385283
1249 2.6828942236385283
1250 2.708986964654148
1251 2.708986964654148
1252 2.708986964654148
1253 2.708986964654148
1254 2.708986964654148
1255 3.2082843792565305
1256 3.2082843792565305
1257 3.2082843792565305
1258 3.2082843792565305
1259 3.2082843792565305
1260 1.3743955270054717
1261 1.3743955270054717
1262 1.3743955270054717
1263 1.3743955270054717
1264 1.3743955270054717
1265 2.996314607126005
1266 2.996314607126005
1267 2.996314607126005
1268 2.996314607126005
1269 2.996314607126005
1270 2.147655896051542
1271 2.147655896051542
1272 2.147655896051542
1273 2.147655896051542
1274 2.147655896051542
1275 2.822453441087084
1276 2.822453441087084
1277 2.822453441087084
1278 2.822453441087084
1279 2.822453441087084
1280 2.4314452270690996
1281 2.4314452270690996
1282 2.4314452270690996
1283 2.4314452270690996
1284 2.4314452270690996
1285 4.5695032489779175
1286 4.5695032489779175
1287 4.5695032489779175
1288 4.5695032489779175
1289 4.5695032489779175
1290 1.907012935062543
1291 1.907012935062543
1292 1.907012935062543
1293 1.907012935062543
1294 1.907012935062543
1295 2.8754758409178454
1296 2.8754758409178454
1297 2.8754758409178454
1298 2.8754758409178454
1299 2.8754758409178454
1300 2.6105200794909207
1301 2.6105200794909207
1302 2.6105200794909207
1303 2.6105200794909207
1304 2.6105200794909207
1305 1.8790158668824186
1306 1.8790158668824186
1307 1.8790158668824186
1308 1.8790158668824186
1309 1.8790158668824186
1310 2.2448609918693805
1311 2.2448609918693805
1312 2.2448609918693805
1313 2.2448609918693805
1314 2.2448609918693805
1315 2.618514655301931
1316 3.1686121846146857
1317 3.1686121846146857
1318 3.1686121846146857
1319 3.1686121846146857
1320 3.1686121846146857
1321 2.760533142291077
1322 2.760533142291077
1323 2.760533142291077
1324 2.760533142291077
1325 2.760533142291077
1326 2.9067292231457817
1327 2.9067292231457817
1328 2.9067292231457817
1329 2.9067292231457817
1330 2.9067292231457817
1331 3.6980714083803217
1332 3.6980714083803217
1333 3.6980714083803217
1334 3.6980714083803217
1335 3.6980714083803217
1336 3.473934951582259
1337 3.473934951582259
1338 3.473934951582259
1339 3.473934951582259
1340 3.473934951582259
1341 3.568264922558091
1342 3.568264922558091
1343 3.568264922558091
1344 3.568264922558091
1345 3.568264922558091
1346 2.496368619484877
1347 2.496368619484877
1348 2.496368619484877
1349 2.496368619484877
1350 2.496368619484877
1351 3.680361453121545
1352 3.680361453121545
1353 3.680361453121545
1354 3.680361453121545
1355 3.680361453121545
1356 4.216565183773565
1357 4.216565183773565
1358 4.216565183773565
1359 4.216565183773565
1360 4.216565183773565
1361 2.287581766899055
1362 2.287581766899055
1363 2.287581766899055
1364 2.287581766899055
1365 2.287581766899055
1366 3.439300929235519
1367 3.439300929235519
1368 3.439300929235519
1369 3.439300929235519
1370 3.439300929235519
1371 2.676137185150138
1372 2.676137185150138
1373 2.676137185150138
1374 2.676137185150138
1375 2.676137185150138
1376 3.3385888833081196
1377 3.3385888833081196
1378 3.3385888833081196
1379 3.3385888833081196
1380 3.3385888833081196
1381 2.8803445637530753
1382 2.8803445637530753
1383 2.8803445637530753
1384 2.8803445637530753
1385 2.8803445637530753
1386 4.272551633486886
1387 4.272551633486886
1388 4.272551633486886
1389 4.272551633486886
1390 4.272551633486886
1391 4.032736733914342
1392 4.032736733914342
1393 4.032736733914342
1394 4.032736733914342
1395 4.032736733914342
1396 3.9308744758685967
1397 3.9308744758685967
1398 3.9308744758685967
1399 3.9308744758685967
1400 3.9308744758685967
1401 4.253393925267332
1402 4.253393925267332
1403 4.253393925267332
1404 4.253393925267332
1405 4.253393925267332
1406 3.2290401882715747
1407 3.2290401882715747
1408 3.2290401882715747
1409 3.2290401882715747
1410 3.2290401882715747
1411 4.248514272424262
1412 4.248514272424262
1413 4.248514272424262
1414 4.248514272424262
1415 4.248514272424262
1416 2.720142638168308
1417 2.720142638168308
1418 2.720142638168308
1419 2.720142638168308
1420 2.720142638168308
1421 4.283402994755213
1422 4.283402994755213
1423 4.283402994755213
1424 4.283402994755213
1425 4.283402994755213
1426 3.5956087493862072
1427 3.5956087493862072
1428 3.5956087493862072
1429 3.5956087493862072
1430 3.5956087493862072
1431 4.109196875094426
1432 4.109196875094426
1433 4.109196875094426
1434 4.109196875094426
1435 4.109196875094426
1436 4.780524964481524
1437 4.780524964481524
1438 4.780524964481524
1439 4.780524964481524
1440 4.780524964481524
1441 3.9496311531413952
1442 3.9496311531413952
1443 3.9496311531413952
1444 3.9496311531413952
1445 3.9496311531413952
1446 2.893711850076121
1447 2.893711850076121
1448 2.893711850076121
1449 2.893711850076121
1450 2.893711850076121
1451 4.163439349958137
1452 4.163439349958137
1453 4.163439349958137
1454 4.163439349958137
1455 4.163439349958137
1456 3.8593437711076204
1457 3.8593437711076204
1458 3.8593437711076204
1459 3.8593437711076204
1460 3.8593437711076204
1461 3.5124742824668935
1462 3.5124742824668935
1463 3.5124742824668935
1464 3.5124742824668935
1465 3.5124742824668935
1466 1.9508779060785753
1467 1.9508779060785753
1468 1.9508779060785753
1469 1.9508779060785753
1470 1.9508779060785753
1471 3.9063890021880936
1472 3.9063890021880936
1473 3.9063890021880936
1474 3.9063890021880936
1475 3.9063890021880936
1476 2.2872952102767727
1477 2.2872952102767727
1478 2.2872952102767727
1479 2.2872952102767727
1480 2.2872952102767727
1481 4.5063169542072234
1482 4.5063169542072234
1483 4.5063169542072234
1484 4.5063169542072234
1485 4.5063169542072234
1486 3.579656173583133
1487 3.579656173583133
1488 3.579656173583133
1489 3.579656173583133
1490 3.579656173583133
1491 4.584939914198589
1492 4.584939914198589
1493 4.584939914198589
1494 4.584939914198589
1495 4.584939914198589
1496 4.116732456533202
1497 4.116732456533202
1498 4.116732456533202
1499 4.116732456533202
1500 4.116732456533202
1501 4.153234136683789
1502 4.153234136683789
1503 4.153234136683789
1504 4.153234136683789
1505 4.153234136683789
1506 2.8359546362229437
1507 2.8359546362229437
1508 2.8359546362229437
1509 2.8359546362229437
1510 2.8359546362229437
1511 3.8333255032080613
1512 3.8333255032080613
1513 3.8333255032080613
1514 3.8333255032080613
1515 3.8333255032080613
1516 4.621572464519719
1517 4.621572464519719
1518 4.621572464519719
1519 4.621572464519719
1520 4.621572464519719
1521 3.0577300019928733
1522 3.0577300019928733
1523 3.0577300019928733
1524 3.0577300019928733
1525 3.0577300019928733
1526 3.609333586149077
1527 3.609333586149077
1528 3.609333586149077
1529 3.609333586149077
1530 3.609333586149077
1531 1.981523219031235
1532 1.981523219031235
1533 1.981523219031235
1534 1.981523219031235
1535 1.981523219031235
1536 3.245933083416689
1537 3.245933083416689
1538 3.245933083416689
1539 3.245933083416689
1540 3.245933083416689
1541 4.333131436657824
1542 4.333131436657824
1543 4.333131436657824
1544 4.333131436657824
1545 4.333131436657824
1546 2.6869890527808997
1547 2.6869890527808997
1548 2.6869890527808997
1549 2.6869890527808997
1550 2.6869890527808997
1551 1.8454324840097784
1552 1.8454324840097784
1553 1.8454324840097784
1554 1.8454324840097784
1555 1.8454324840097784
1556 2.288121497068487
1557 2.288121497068487
1558 2.288121497068487
1559 2.288121497068487
1560 2.288121497068487
1561 2.2136926151115297
1562 2.2136926151115297
1563 2.2136926151115297
1564 2.2136926151115297
1565 2.2136926151115297
1566 1.911098774137992
1567 1.911098774137992
1568 1.911098774137992
1569 1.911098774137992
1570 1.911098774137992
1571 1.9212086927789118
1572 1.9212086927789118
1573 1.9212086927789118
1574 1.9212086927789118
1575 1.9212086927789118
1576 1.6138059718381523
1577 1.6138059718381523
1578 1.6138059718381523
1579 1.6138059718381523
1580 1.6138059718381523
1581 1.3001972214828372
1582 1.3001972214828372
1583 1.3001972214828372
1584 1.3001972214828372
1585 1.3001972214828372
1586 1.7701558814792662
1587 1.7701558814792662
1588 1.7701558814792662
1589 1.7701558814792662
1590 1.7701558814792662
1591 1.8122480151297249
1592 1.8122480151297249
1593 0.9271906462447096
1594 0.9271906462447096
1595 0.9271906462447096
1596 0.9271906462447096
1597 0.9271906462447096
1598 0.8144876860541623
1599 0.8144876860541623
1600 0.8144876860541623
1601 0.8144876860541623
1602 0.8144876860541623
1603 1.1409801583926107
1604 1.1409801583926107
1605 1.1409801583926107
1606 1.1409801583926107
1607 1.1409801583926107
1608 0.8904970758524566
1609 0.8904970758524566
1610 0.8904970758524566
1611 0.8904970758524566
1612 0.8904970758524566
1613 1.6607020614023191
1614 1.6607020614023191
1615 1.6607020614023191
1616 1.6607020614023191
1617 1.6607020614023191
1618 1.0962936425055698
1619 1.0962936425055698
1620 1.0962936425055698
1621 1.0962936425055698
1622 1.0962936425055698
1623 2.1170776496442993
1624 2.1170776496442993
1625 2.1170776496442993
1626 2.1170776496442993
1627 2.1170776496442993
1628 1.3423421759201173
1629 1.3423421759201173
1630 1.3423421759201173
1631 1.3423421759201173
1632 1.3423421759201173
1633 1.6066678728964892
1634 1.6066678728964892
1635 1.6066678728964892
1636 1.6066678728964892
1637 1.6066678728964892
1638 1.4771504864848513
1639 1.4771504864848513
1640 1.4771504864848513
1641 1.4771504864848513
1642 1.4771504864848513
1643 1.4611683056672757
1644 1.4611683056672757
1645 1.4611683056672757
1646 1.4611683056672757
1647 1.4611683056672757
1648 1.680418263350266
1649 1.680418263350266
1650 1.680418263350266
1651 1.680418263350266
1652 1.680418263350266
1653 1.3100264857858148
1654 1.3100264857858148
1655 1.3100264857858148
1656 1.3100264857858148
1657 1.3100264857858148
1658 1.7150052741300312
1659 1.7150052741300312
1660 1.7150052741300312
1661 1.7150052741300312
1662 1.7150052741300312
1663 1.580781915629843
1664 1.580781915629843
1665 1.580781915629843
1666 1.580781915629843
1667 1.580781915629843
1668 1.6072693085525855
1669 1.6072693085525855
1670 1.6072693085525855
1671 1.6072693085525855
1672 1.6072693085525855
1673 1.838501952813018
1674 1.838501952813018
1675 1.838501952813018
1676 1.838501952813018
1677 1.838501952813018
1678 1.5988625400321455
1679 1.5988625400321455
1680 1.5988625400321455
1681 1.5988625400321455
1682 1.5988625400321455
1683 1.7084053240867267
1684 1.7084053240867267
1685 1.7084053240867267
1686 1.7084053240867267
1687 1.7084053240867267
1688 1.8755671336796076
1689 1.8755671336796076
1690 1.8755671336796076
1691 1.8755671336796076
1692 1.8755671336796076
1693 2.3587337842355423
1694 2.3587337842355423
1695 2.3587337842355423
1696 2.3587337842355423
1697 2.3587337842355423
1698 0.9901631403655589
1699 0.9901631403655589
1700 0.9901631403655589
1701 0.9901631403655589
1702 0.9901631403655589
1703 1.7316635338579343
1704 1.7316635338579343
1705 1.7316635338579343
1706 1.7316635338579343
1707 1.7316635338579343
1708 1.7730195908706157
1709 1.7730195908706157
1710 1.7730195908706157
1711 1.7730195908706157
1712 1.7730195908706157
1713 1.2816151396070394
1714 1.2816151396070394
1715 1.2816151396070394
1716 1.2816151396070394
1717 1.2816151396070394
1718 1.673110532629863
1719 1.673110532629863
1720 1.673110532629863
1721 1.673110532629863
1722 1.673110532629863
1723 1.6083762897276477
1724 1.6083762897276477
1725 1.6083762897276477
1726 1.6083762897276477
1727 1.6083762897276477
1728 1.5015521332542425
1729 1.5015521332542425
1730 1.5015521332542425
1731 1.5015521332542425
1732 1.5015521332542425
1733 2.026746514141849
1734 2.026746514141849
1735 2.026746514141849
1736 2.026746514141849
1737 2.026746514141849
1738 1.1449575730527817
1739 1.1449575730527817
1740 1.1449575730527817
1741 1.1449575730527817
1742 1.1449575730527817
1743 1.5437092562283665
1744 1.5437092562283665
1745 1.5437092562283665
1746 1.5437092562283665
1747 1.5437092562283665
1748 1.9107421151602577
1749 1.9107421151602577
1750 1.9107421151602577
1751 1.9107421151602577
1752 1.9107421151602577
1753 0.834526805111831
1754 0.834526805111831
1755 0.834526805111831
1756 0.834526805111831
1757 0.834526805111831
1758 2.0979391519722173
1759 2.0979391519722173
1760 2.0979391519722173
1761 2.0979391519722173
1762 2.0979391519722173
1763 1.8956276668672465
1764 1.8956276668672465
1765 1.8956276668672465
1766 1.8956276668672465
1767 1.8956276668672465
1768 1.8434123081641736
1769 1.8434123081641736
1770 1.8434123081641736
1771 1.8434123081641736
1772 1.8434123081641736
1773 1.3147163276521319
1774 1.3147163276521319
1775 1.3147163276521319
1776 1.3147163276521319
1777 1.3147163276521319
1778 1.5970936150435557
1779 1.5970936150435557
1780 1.5970936150435557
1781 1.5970936150435557
1782 1.5970936150435557
1783 2.0325985986299333
1784 2.0325985986299333
1785 2.0325985986299333
1786 2.0325985986299333
1787 2.0325985986299333
1788 0.9511907024234919
1789 0.9511907024234919
1790 0.9511907024234919
1791 0.9511907024234919
1792 0.9511907024234919
1793 1.7995249958140271
1794 1.7995249958140271
1795 1.7995249958140271
1796 1.7995249958140271
1797 1.7995249958140271
1798 2.0664447957683985
1799 2.0664447957683985
1800 2.0664447957683985
1801 2.0664447957683985
1802 2.0664447957683985
1803 1.027758987955192
1804 1.027758987955192
1805 1.027758987955192
1806 1.027758987955192
1807 1.027758987955192
1808 1.812398109549684
1809 1.812398109549684
1810 1.812398109549684
1811 1.812398109549684
1812 1.812398109549684
1813 1.2682254757348028
1814 1.2682254757348028
1815 1.2682254757348028
1816 1.2682254757348028
1817 1.2682254757348028
1818 1.485159330250535
1819 1.485159330250535
1820 1.485159330250535
1821 1.485159330250535
1822 1.485159330250535
1823 1.6986395799763174
1824 1.6986395799763174
1825 1.6986395799763174
1826 1.6986395799763174
1827 1.6986395799763174
1828 1.6703399803365868
1829 1.6703399803365868
1830 1.6703399803365868
1831 1.6703399803365868
1832 1.6703399803365868
1833 1.2740537871315682
1834 1.2740537871315682
1835 1.2740537871315682
1836 1.2740537871315682
1837 1.2740537871315682
1838 1.787736422716252
1839 1.787736422716252
1840 1.787736422716252
1841 1.787736422716252
1842 1.787736422716252
1843 1.0787283966532344
1844 1.0787283966532344
1845 1.0787283966532344
1846 1.0787283966532344
1847 1.0787283966532344
1848 1.8845367431478628
1849 1.8845367431478628
1850 1.8845367431478628
1851 1.8845367431478628
1852 1.8845367431478628
1853 1.6585607154034765
1854 1.6585607154034765
1855 1.6585607154034765
1856 1.6585607154034765
1857 1.6585607154034765
1858 2.189495279423798
1859 2.189495279423798
1860 2.189495279423798
1861 2.189495279423798
1862 2.189495279423798
1863 1.562232182528288
1864 1.562232182528288
1865 1.562232182528288
1866 1.562232182528288
1867 3.695330354811704
1868 3.695330354811704
1869 3.695330354811704
1870 3.695330354811704
1871 3.695330354811704
1872 2.344524269009744
1873 2.344524269009744
1874 2.344524269009744
1875 2.344524269009744
1876 2.923561863953989
1877 2.923561863953989
1878 2.923561863953989
1879 2.923561863953989
1880 2.923561863953989
1881 2.398732994545835
1882 2.398732994545835
1883 2.398732994545835
1884 2.398732994545835
1885 2.398732994545835
1886 2.1623325298212177
1887 2.1623325298212177
1888 2.1623325298212177
1889 2.1623325298212177
1890 2.1623325298212177
1891 3.080353868896313
1892 3.080353868896313
1893 3.080353868896313
1894 3.080353868896313
1895 3.080353868896313
1896 2.4833927842915466
1897 2.4833927842915466
1898 2.4833927842915466
1899 2.4833927842915466
1900 2.4833927842915466
1901 2.1417497201504356
1902 2.1417497201504356
1903 2.1417497201504356
1904 2.1417497201504356
1905 2.1417497201504356
1906 2.858206481314534
1907 2.858206481314534
1908 2.858206481314534
1909 2.858206481314534
1910 2.858206481314534
1911 2.1895546760147466
1912 2.1895546760147466
1913 2.1895546760147466
1914 2.1895546760147466
1915 2.1895546760147466
1916 2.743334030061929
1917 2.743334030061929
1918 2.743334030061929
1919 2.743334030061929
1920 2.743334030061929
1921 2.344731885039478
1922 2.344731885039478
1923 2.344731885039478
1924 2.344731885039478
1925 2.344731885039478
1926 2.5069098144574586
1927 2.5069098144574586
1928 2.5069098144574586
1929 2.5069098144574586
1930 2.5069098144574586
1931 1.9535935012994765
1932 1.9535935012994765
1933 1.9535935012994765
1934 1.9535935012994765
1935 1.9535935012994765
1936 3.4676562840238114
1937 3.4676562840238114
1938 3.4676562840238114
1939 3.4676562840238114
1940 3.4676562840238114
1941 3.071035297385748
1942 3.071035297385748
1943 3.071035297385748
1944 3.071035297385748
1945 3.071035297385748
1946 2.579085068878481
1947 2.579085068878481
1948 2.579085068878481
1949 2.579085068878481
1950 2.579085068878481
1951 3.0703943269475866
1952 3.0703943269475866
1953 3.0703943269475866
1954 3.0703943269475866
1955 3.0703943269475866
1956 3.400633428314948
1957 3.400633428314948
1958 3.400633428314948
1959 3.400633428314948
1960 3.400633428314948
1961 2.6905575630287895
1962 2.6905575630287895
1963 2.6905575630287895
1964 2.6905575630287895
1965 2.6905575630287895
1966 2.789952489225955
1967 2.789952489225955
1968 2.789952489225955
1969 2.789952489225955
1970 2.789952489225955
1971 1.8370226551212783
1972 1.8370226551212783
1973 1.8370226551212783
1974 1.8370226551212783
1975 1.8370226551212783
1976 1.9567721183653097
1977 1.9567721183653097
1978 1.9567721183653097
1979 1.9567721183653097
1980 1.9567721183653097
1981 2.4182964035891534
1982 2.4182964035891534
1983 2.4182964035891534
1984 2.4182964035891534
1985 2.4182964035891534
1986 1.591450904424009
1987 1.591450904424009
1988 1.591450904424009
1989 1.591450904424009
1990 1.591450904424009
1991 2.4410855354085794
1992 2.4410855354085794
1993 2.4410855354085794
1994 2.4410855354085794
1995 2.4410855354085794
1996 2.632264970625734
1997 2.632264970625734
1998 2.632264970625734
1999 2.632264970625734
