0 2.2886291849709295
1 2.2886291849709295
2 1.347840162880317
3 1.347840162880317
4 1.347840162880317
5 1.347840162880317
6 1.6894473866671076
7 1.6894473866671076
8 1.6894473866671076
9 1.6894473866671076
10 0.9207188608509033
11 0.9207188608509033
12 0.8139152095230063
13 0.8139152095230063
14 0.8139152095230063
15 0.8139152095230063
16 0.5800362071681294
17 0.5800362071681294
18 0.5800362071681294
19 0.5800362071681294
20 0.47994934302530246
21 0.47994934302530246
22 3.7089115809764195
23 3.7089115809764195
24 3.7089115809764195
25 3.7089115809764195
26 1.576318756206442
27 1.576318756206442
28 1.576318756206442
29 1.576318756206442
30 1.676622018372827
31 1.676622018372827
32 1.676622018372827
33 1.676622018372827
34 2.6724580877857647
35 2.6724580877857647
36 2.6724580877857647
37 2.6724580877857647
38 1.6343193408887855
39 1.6343193408887855
40 1.6343193408887855
41 1.6343193408887855
42 2.3254545232205768
43 2.3254545232205768
44 2.3254545232205768
45 2.3254545232205768
46 1.686355301143734
47 1.686355301143734
48 1.686355301143734
49 1.686355301143734
50 2.5668850554190836
51 2.5668850554190836
52 2.5668850554190836
53 2.5668850554190836
54 1.642595262004674
55 1.642595262004674
56 1.642595262004674
57 1.642595262004674
58 2.5474099043084615
59 2.5474099043084615
60 2.5474099043084615
61 2.5474099043084615
62 2.152615041351495
63 2.152615041351495
64 2.152615041351495
65 2.152615041351495
66 2.539518416148977
67 2.539518416148977
68 2.539518416148977
69 2.539518416148977
70 2.0541614929352057
71 0.20360921228099202
72 0.20360921228099202
73 0.20360921228099202
74 0.20360921228099202
75 0.19273125045208708
76 0.19273125045208708
77 0.19273125045208708
78 0.19273125045208708
79 0.2139134421663222
80 0.2139134421663222
81 0.2139134421663222
82 0.2139134421663222
83 0.1724388734349982
84 0.1724388734349982
85 0.1724388734349982
86 0.1724388734349982
87 0.16911426392380557
88 0.16911426392380557
89 0.16911426392380557
90 0.16911426392380557
91 0.1723951178213488
92 0.1723951178213488
93 0.1723951178213488
94 0.1723951178213488
95 0.289242781319455
96 0.289242781319455
97 0.289242781319455
98 0.289242781319455
99 0.16913180016211518
100 0.16913180016211518
101 0.16913180016211518
102 0.7012344505463449
103 0.7012344505463449
104 0.7012344505463449
105 0.7012344505463449
106 0.531334973405603
107 0.531334973405603
108 0.531334973405603
109 0.531334973405603
110 0.6056353202539578
111 0.6056353202539578
112 0.6056353202539578
113 0.6056353202539578
114 0.4857021748505228
115 0.4857021748505228
116 0.4857021748505228
117 0.4857021748505228
118 0.7257317506832426
119 0.7257317506832426
120 0.7257317506832426
121 0.7257317506832426
122 0.6152327717852837
123 0.6152327717852837
124 0.6152327717852837
125 0.6152327717852837
126 0.8289878556607028
127 0.8289878556607028
128 0.8289878556607028
129 0.8289878556607028
130 0.4538698272226286
131 0.4538698272226286
132 0.4538698272226286
133 1.6939462498655316
134 1.6939462498655316
135 1.6939462498655316
136 1.6939462498655316
137 1.6284834676604403
138 1.6284834676604403
139 1.6284834676604403
140 1.6284834676604403
141 1.6637306861773524
142 1.3784309847621043
143 1.3784309847621043
144 1.3784309847621043
145 1.3784309847621043
146 3.2870936703245657
147 3.2870936703245657
148 3.2870936703245657
149 3.2870936703245657
150 1.9544631424048586
151 4.340151037790292
152 4.340151037790292
153 4.340151037790292
154 4.340151037790292
155 4.96649345280301
156 4.96649345280301
157 2.0967815581951696
158 2.0967815581951696
159 2.0967815581951696
160 2.0967815581951696
161 2.215001490817847
162 2.215001490817847
163 1.965283568783508
164 1.965283568783508
165 1.965283568783508
166 1.965283568783508
167 2.8921703684798987
168 2.8921703684798987
169 2.8921703684798987
170 2.8921703684798987
171 3.811567870929416
172 3.811567870929416
173 3.811567870929416
174 3.811567870929416
175 2.9349822721379404
176 2.9349822721379404
177 2.9349822721379404
178 2.9349822721379404
179 2.395512655247681
180 2.395512655247681
181 2.395512655247681
182 2.395512655247681
183 2.5017049835681
184 2.5017049835681
185 2.5017049835681
186 2.5017049835681
187 2.4798866673836177
188 2.4798866673836177
189 2.4798866673836177
190 2.4798866673836177
191 2.966992745114559
192 2.966992745114559
193 2.966992745114559
194 2.966992745114559
195 2.897988266920162
196 2.897988266920162
197 2.897988266920162
198 3.9552263600104642
199 3.9552263600104642
200 3.9552263600104642
201 3.9552263600104642
202 3.471125458518311
203 3.471125458518311
204 3.471125458518311
205 3.471125458518311
206 3.4592324969407264
207 0.985248971888843
208 0.985248971888843
209 0.985248971888843
210 0.985248971888843
211 1.0312216417826254
212 1.0312216417826254
213 1.0312216417826254
214 1.0312216417826254
215 1.4118567977598884
216 1.4118567977598884
217 1.4118567977598884
218 1.4118567977598884
219 1.3534717369850693
220 1.3534717369850693
221 1.3534717369850693
222 1.3534717369850693
223 1.115076898068667
224 1.115076898068667
225 1.115076898068667
226 1.115076898068667
227 1.403760911992748
228 1.403760911992748
229 1.403760911992748
230 1.403760911992748
231 1.3093398384391457
232 1.3093398384391457
233 1.3093398384391457
234 1.3093398384391457
235 0.9411043062542909
236 0.9411043062542909
237 0.9411043062542909
238 0.9411043062542909
239 0.7818379854297481
240 0.7818379854297481
241 0.7818379854297481
242 0.7818379854297481
243 1.3525373143005874
244 1.3525373143005874
245 1.3525373143005874
246 1.3525373143005874
247 0.9993027024069218
248 0.9993027024069218
249 0.9993027024069218
250 0.9993027024069218
251 0.998170923453694
252 0.998170923453694
253 0.998170923453694
254 0.998170923453694
255 1.2926944288837507
256 1.2926944288837507
257 1.2926944288837507
258 1.2926944288837507
259 1.8418252249102331
260 1.8418252249102331
261 1.8418252249102331
262 1.8418252249102331
263 0.6680653588467282
264 0.6680653588467282
265 0.6680653588467282
266 0.6680653588467282
267 1.1047589562038642
268 0.7619181636076846
269 0.7619181636076846
270 0.7619181636076846
271 0.7619181636076846
272 0.6533950753624371
273 0.6533950753624371
274 0.6533950753624371
275 0.6533950753624371
276 0.3625205050399958
277 0.3625205050399958
278 3.2080309373244265
279 3.2080309373244265
280 3.2080309373244265
281 3.2080309373244265
282 3.3226205207759527
283 3.3226205207759527
284 3.3226205207759527
285 3.3226205207759527
286 2.1353803848257575
287 2.1353803848257575
288 2.1353803848257575
289 2.1353803848257575
290 2.4296325416732216
291 2.4296325416732216
292 2.4296325416732216
293 2.4296325416732216
294 2.006713364225744
295 2.006713364225744
296 2.006713364225744
297 2.006713364225744
298 0.9964093139957935
299 0.9964093139957935
300 0.9964093139957935
301 1.818542412088201
302 1.818542412088201
303 1.818542412088201
304 1.818542412088201
305 1.4980048441344103
306 1.4980048441344103
307 1.4980048441344103
308 1.4980048441344103
309 1.134671078265085
310 1.134671078265085
311 1.134671078265085
312 1.134671078265085
313 1.5271571537618334
314 1.5271571537618334
315 1.5271571537618334
316 1.5271571537618334
317 2.433718574344323
318 2.433718574344323
319 2.433718574344323
320 2.433718574344323
321 1.5053255644158487
322 1.5053255644158487
323 1.5053255644158487
324 1.5053255644158487
325 1.5070726263182272
326 1.5070726263182272
327 1.5070726263182272
328 3.1454589017680945
329 3.1454589017680945
330 3.1454589017680945
331 3.1454589017680945
332 4.919424170044526
333 4.919424170044526
334 4.919424170044526
335 4.919424170044526
336 2.3140377704286643
337 2.3140377704286643
338 2.3140377704286643
339 2.3140377704286643
340 3.1744178993330783
341 3.1744178993330783
342 3.978294589701112
343 3.978294589701112
344 3.978294589701112
345 3.978294589701112
346 2.9299791929188332
347 2.9299791929188332
348 2.9299791929188332
349 2.9299791929188332
350 2.9844895811196395
351 2.9844895811196395
352 2.9844895811196395
353 2.9844895811196395
354 4.871695875355116
355 4.871695875355116
356 4.871695875355116
357 4.871695875355116
358 2.6834052065121075
359 2.6834052065121075
360 2.6834052065121075
361 2.8828870074420383
362 2.8828870074420383
363 2.8828870074420383
364 2.8828870074420383
365 2.7875043065642027
366 2.7875043065642027
367 2.7875043065642027
368 2.7875043065642027
369 3.3645812422760857
370 3.3645812422760857
371 3.3645812422760857
372 3.3645812422760857
373 3.338817966365723
374 3.338817966365723
375 3.338817966365723
376 3.338817966365723
377 1.2197522901532822
378 1.2197522901532822
379 1.2197522901532822
380 1.2197522901532822
381 2.900072240551548
382 2.900072240551548
383 2.900072240551548
384 2.900072240551548
385 2.383307990837898
386 2.383307990837898
387 2.383307990837898
388 2.383307990837898
389 3.1934931055474873
390 1.5331848688600818
391 1.5331848688600818
392 2.857763797021104
393 2.857763797021104
394 2.857763797021104
395 2.857763797021104
396 2.635500113112278
397 2.635500113112278
398 2.635500113112278
399 2.635500113112278
400 2.6356554588071566
401 2.6356554588071566
402 2.6356554588071566
403 2.6356554588071566
404 3.6523428979171735
405 3.6523428979171735
406 1.1505012931927845
407 3.622074432578319
408 3.622074432578319
409 3.622074432578319
410 3.622074432578319
411 3.064404759296278
412 3.064404759296278
413 3.064404759296278
414 3.064404759296278
415 4.892303208194663
416 1.4097313120623185
417 1.4097313120623185
418 1.4097313120623185
419 1.4097313120623185
420 0.8502145492855488
421 0.8502145492855488
422 0.8502145492855488
423 0.8502145492855488
424 1.1351100604753916
425 1.1351100604753916
426 1.1351100604753916
427 1.1351100604753916
428 1.2011270434893322
429 1.2011270434893322
430 1.2011270434893322
431 1.2011270434893322
432 1.1706398356392382
433 1.1706398356392382
434 1.1706398356392382
435 1.1706398356392382
436 1.1709097842749072
437 1.1709097842749072
438 1.1709097842749072
439 1.1709097842749072
440 1.3015657650084411
441 1.3015657650084411
442 1.3015657650084411
443 1.3015657650084411
444 0.6558555270558779
445 0.6558555270558779
446 0.6558555270558779
447 0.6558555270558779
448 0.9052426189421062
449 4.373830141981094
450 4.373830141981094
451 4.373830141981094
452 4.373830141981094
453 3.519501836985137
454 3.519501836985137
455 3.519501836985137
456 3.519501836985137
457 5.286266423809293
458 5.286266423809293
459 5.286266423809293
460 5.286266423809293
461 2.180050767902956
462 2.180050767902956
463 2.180050767902956
464 0.6320449704185618
465 0.6320449704185618
466 0.6320449704185618
467 0.6320449704185618
468 0.7308810586801089
469 0.7308810586801089
470 0.7308810586801089
471 0.7308810586801089
472 0.8230871247215926
473 0.8230871247215926
474 0.8230871247215926
475 0.8230871247215926
476 0.24423908998892122
477 0.24423908998892122
478 0.24423908998892122
479 0.24423908998892122
480 0.19007038594760825
481 0.19007038594760825
482 0.19007038594760825
483 0.19007038594760825
484 0.1912893135504972
485 0.1912893135504972
486 0.1912893135504972
487 0.1912893135504972
488 0.1438924509628577
489 0.1438924509628577
490 0.1438924509628577
491 3.391685630295541
492 3.391685630295541
493 3.391685630295541
494 3.391685630295541
495 3.3624778312073884
496 3.3624778312073884
497 3.3624778312073884
498 3.3624778312073884
499 2.040226497448172
500 2.040226497448172
501 2.040226497448172
502 2.040226497448172
503 2.806328853647549
504 2.806328853647549
505 2.806328853647549
506 2.806328853647549
507 2.618049742756317
508 2.618049742756317
509 2.618049742756317
510 2.618049742756317
511 2.3471639556894375
512 2.3471639556894375
513 2.3471639556894375
514 2.3471639556894375
515 2.328465056132523
516 2.328465056132523
517 2.328465056132523
518 2.328465056132523
519 2.5679312373814955
520 2.5679312373814955
521 2.5679312373814955
522 2.5679312373814955
523 1.8106669327934026
524 1.8106669327934026
525 1.8106669327934026
526 1.8106669327934026
527 3.0329159301731385
528 3.0329159301731385
529 3.0329159301731385
530 3.0329159301731385
531 2.3751133928666306
532 2.3751133928666306
533 2.3751133928666306
534 2.3751133928666306
535 2.144336978189942
536 2.144336978189942
537 2.144336978189942
538 2.144336978189942
539 2.1279009291842406
540 2.1279009291842406
541 2.1279009291842406
542 2.1279009291842406
543 1.885296771084694
544 1.885296771084694
545 1.885296771084694
546 1.885296771084694
547 1.4586877283748498
548 1.4586877283748498
549 1.4586877283748498
550 1.4586877283748498
551 1.6574845515556786
552 1.6574845515556786
553 3.2505290728027223
554 3.2505290728027223
555 4.06227091743302
556 4.06227091743302
557 4.06227091743302
558 4.06227091743302
559 3.657642392115328
560 3.6326916255371136
561 3.6326916255371136
562 3.6326916255371136
563 3.6326916255371136
564 4.374015786798993
565 3.230010334982152
566 3.230010334982152
567 3.230010334982152
568 3.230010334982152
569 2.2094474979715915
570 2.4863783267614905
571 2.4863783267614905
572 2.4863783267614905
573 2.4863783267614905
574 2.2638911438867124
575 2.2638911438867124
576 2.2638911438867124
577 2.2638911438867124
578 2.002731439604379
579 2.002731439604379
580 2.002731439604379
581 2.002731439604379
582 3.316019084300682
583 3.316019084300682
584 3.316019084300682
585 3.316019084300682
586 2.9011679314469614
587 2.9011679314469614
588 2.9011679314469614
589 2.9011679314469614
590 2.7949992077084467
591 2.7949992077084467
592 2.7949992077084467
593 2.7949992077084467
594 2.55395823299249
595 2.55395823299249
596 2.3809121713678287
597 2.3809121713678287
598 2.3809121713678287
599 2.3809121713678287
600 5.074407968981867
601 5.074407968981867
602 5.074407968981867
603 5.074407968981867
604 3.598792483013251
605 3.598792483013251
606 3.598792483013251
607 3.598792483013251
608 3.8134956190041396
609 3.8134956190041396
610 3.8134956190041396
611 3.8134956190041396
612 3.0298666713204074
613 3.0298666713204074
614 3.0298666713204074
615 3.0298666713204074
616 4.669085059826605
617 4.669085059826605
618 4.669085059826605
619 4.669085059826605
620 2.54393739414065
621 2.54393739414065
622 2.54393739414065
623 2.54393739414065
624 2.7600839166034996
625 4.769727437998038
626 4.769727437998038
627 4.769727437998038
628 4.769727437998038
629 4.930852211657768
630 4.930852211657768
631 1.8470658956223511
632 1.8470658956223511
633 1.8470658956223511
634 1.8470658956223511
635 0.5167490580697293
636 0.5167490580697293
637 0.5167490580697293
638 0.5167490580697293
639 0.8278271134839585
640 0.8278271134839585
641 0.8278271134839585
642 0.8278271134839585
643 0.6526272035419204
644 0.6526272035419204
645 0.6526272035419204
646 0.6526272035419204
647 0.7822971724985691
648 0.7822971724985691
649 0.7822971724985691
650 0.7822971724985691
651 0.8819150444331081
652 0.8819150444331081
653 0.8819150444331081
654 0.8819150444331081
655 0.8424300678373136
656 2.145906618383914
657 2.145906618383914
658 2.145906618383914
659 2.145906618383914
660 2.832830414434349
661 2.832830414434349
662 2.832830414434349
663 4.201968419885923
664 4.201968419885923
665 4.201968419885923
666 4.201968419885923
667 5.88411562572323
668 1.2695494015251967
669 1.2695494015251967
670 1.2695494015251967
671 1.2695494015251967
672 1.683932319985573
673 1.683932319985573
674 1.683932319985573
675 1.683932319985573
676 1.0055526898232636
677 1.0055526898232636
678 1.0055526898232636
679 1.0055526898232636
680 0.9682033438679198
681 0.9682033438679198
682 0.9682033438679198
683 0.9682033438679198
684 0.8987621364082776
685 0.8987621364082776
686 0.8987621364082776
687 0.8987621364082776
688 1.0217721657137298
689 1.0217721657137298
690 1.0217721657137298
691 1.0217721657137298
692 1.166036920273526
693 1.166036920273526
694 1.166036920273526
695 1.166036920273526
696 0.6647559716931285
697 0.6647559716931285
698 0.6647559716931285
699 3.390205707591105
700 3.390205707591105
701 3.390205707591105
702 3.390205707591105
703 3.6427916950820007
704 2.3802457542465687
705 2.3802457542465687
706 2.3802457542465687
707 2.3802457542465687
708 3.596964420092313
709 2.830018615012214
710 2.830018615012214
711 2.830018615012214
712 2.830018615012214
713 2.3516211291231532
714 2.3516211291231532
715 2.3516211291231532
716 2.3516211291231532
717 3.028941932235104
718 3.028941932235104
719 3.028941932235104
720 3.028941932235104
721 1.8979933742542487
722 1.8979933742542487
723 1.8979933742542487
724 0.7219990234738739
725 0.7219990234738739
726 0.7219990234738739
727 0.7219990234738739
728 0.7650419696364376
729 0.7650419696364376
730 0.7650419696364376
731 0.7650419696364376
732 3.318346242202959
733 3.318346242202959
734 3.318346242202959
735 3.318346242202959
736 2.0202967606948468
737 2.0202967606948468
738 2.0202967606948468
739 2.0202967606948468
740 2.267471498254199
741 2.267471498254199
742 2.267471498254199
743 2.267471498254199
744 2.4710152443369737
745 2.4710152443369737
746 2.4710152443369737
747 2.4710152443369737
748 2.366002017568758
749 2.366002017568758
750 2.366002017568758
751 2.366002017568758
752 3.397316670760002
753 3.397316670760002
754 1.917283937834047
755 1.917283937834047
756 1.917283937834047
757 1.917283937834047
758 1.7992616435258013
759 1.7992616435258013
760 1.7992616435258013
761 1.7992616435258013
762 1.417103511881189
763 1.417103511881189
764 0.22537665414175445
765 0.22537665414175445
766 2.513114451798598
767 2.513114451798598
768 2.513114451798598
769 2.513114451798598
770 3.1883846796960347
771 3.1883846796960347
772 3.1883846796960347
773 3.1883846796960347
774 3.4654155338947232
775 3.4654155338947232
776 3.4654155338947232
777 3.4654155338947232
778 2.274065263576846
779 2.274065263576846
780 2.274065263576846
781 2.274065263576846
782 2.6236214158789073
783 2.6236214158789073
784 2.6236214158789073
785 2.6236214158789073
786 2.226297872742003
787 2.226297872742003
788 2.226297872742003
789 2.226297872742003
790 2.8019133185373652
791 2.8019133185373652
792 2.8019133185373652
793 2.8019133185373652
794 2.0553432605947783
795 2.9976572676093727
796 2.9976572676093727
797 2.9976572676093727
798 2.718367059048412
799 1.4184398071018913
800 1.4184398071018913
801 1.4184398071018913
802 1.4184398071018913
803 1.2064600498459197
804 1.2064600498459197
805 1.2064600498459197
806 1.2064600498459197
807 1.041471737157653
808 1.041471737157653
809 1.041471737157653
810 1.041471737157653
811 1.99581281129208
812 1.99581281129208
813 1.99581281129208
814 1.99581281129208
815 1.959001367200345
816 1.959001367200345
817 1.959001367200345
818 1.959001367200345
819 2.7225110503266037
820 2.7225110503266037
821 2.7225110503266037
822 2.7225110503266037
823 2.6914984781291267
824 2.6914984781291267
825 3.666370443260828
826 3.666370443260828
827 3.666370443260828
828 3.666370443260828
829 4.152217164072961
830 4.152217164072961
831 4.152217164072961
832 4.152217164072961
833 5.068506655127612
834 5.068506655127612
835 5.068506655127612
836 5.068506655127612
837 2.4270752894224006
838 2.4270752894224006
839 2.4270752894224006
840 2.4270752894224006
841 4.260173919059852
842 4.260173919059852
843 4.260173919059852
844 4.260173919059852
845 2.6300249363178034
846 2.6300249363178034
847 2.6300249363178034
848 2.6300249363178034
849 3.1498650435925883
850 3.1498650435925883
851 3.1498650435925883
852 3.1498650435925883
853 3.5968897502554564
854 3.5968897502554564
855 3.5968897502554564
856 3.5968897502554564
857 3.8801955846006093
858 3.8801955846006093
859 3.8801955846006093
860 3.8801955846006093
861 2.8868314617257234
862 2.8868314617257234
863 2.8868314617257234
864 2.8868314617257234
865 2.8224250372882116
866 2.8224250372882116
867 2.8224250372882116
868 2.8224250372882116
869 2.0473064360428106
870 2.0473064360428106
871 2.0473064360428106
872 2.0473064360428106
873 4.004789011126776
874 4.004789011126776
875 4.004789011126776
876 4.004789011126776
877 3.226168177404331
878 3.226168177404331
879 3.226168177404331
880 3.226168177404331
881 3.5980023203945417
882 3.5980023203945417
883 3.5980023203945417
884 3.5980023203945417
885 2.7923985145877874
886 2.7923985145877874
887 2.7923985145877874
888 2.7923985145877874
889 3.362554135773122
890 3.362554135773122
891 3.362554135773122
892 3.362554135773122
893 3.668832668612657
894 3.668832668612657
895 3.668832668612657
896 0.9538496236067706
897 0.9538496236067706
898 0.9538496236067706
899 0.9538496236067706
900 1.374790087712243
901 1.374790087712243
902 1.374790087712243
903 2.727380133114857
904 2.727380133114857
905 2.727380133114857
906 2.727380133114857
907 2.542597377851078
908 2.542597377851078
909 2.542597377851078
910 2.542597377851078
911 3.741883941404584
912 3.741883941404584
913 3.741883941404584
914 3.741883941404584
915 3.4665764344517784
916 3.4665764344517784
917 0.8552125834297161
918 0.8552125834297161
919 0.8552125834297161
920 0.8552125834297161
921 0.7273626043776193
922 0.7273626043776193
923 0.7273626043776193
924 0.7273626043776193
925 0.6964196283403122
926 0.6964196283403122
927 0.6964196283403122
928 0.6964196283403122
929 0.8102836559663024
930 0.8102836559663024
931 0.8102836559663024
932 0.8102836559663024
933 0.8151974012932196
934 0.8151974012932196
935 0.8151974012932196
936 0.8151974012932196
937 0.6630527998439611
938 0.6630527998439611
939 0.6630527998439611
940 0.6630527998439611
941 0.5940190463485108
942 0.5940190463485108
943 0.5940190463485108
944 0.5940190463485108
945 0.877955145741146
946 0.877955145741146
947 0.877955145741146
948 0.877955145741146
949 0.7421808770634588
950 0.7421808770634588
951 0.7421808770634588
952 0.7421808770634588
953 0.654488308068355
954 0.654488308068355
955 0.654488308068355
956 0.654488308068355
957 0.6664403436306942
958 0.6664403436306942
959 0.6664403436306942
960 0.6664403436306942
961 0.6818165703877618
962 0.6818165703877618
963 3.4509381612020245
964 3.4509381612020245
965 3.4509381612020245
966 3.4509381612020245
967 4.139780520330051
968 4.139780520330051
969 4.139780520330051
970 4.139780520330051
971 2.553412568914986
972 2.3543531000377493
973 2.3543531000377493
974 2.3543531000377493
975 2.3543531000377493
976 3.432237087194933
977 3.432237087194933
978 3.432237087194933
979 3.432237087194933
980 0.7824398083372393
981 0.7824398083372393
982 0.7824398083372393
983 0.7824398083372393
984 0.28234517310041507
985 0.28234517310041507
986 0.28234517310041507
987 0.28234517310041507
988 0.219165439097809
989 0.219165439097809
990 0.219165439097809
991 0.219165439097809
992 0.13995596664745055
993 0.13995596664745055
994 0.13995596664745055
995 0.13995596664745055
996 0.1650765146785936
997 0.1650765146785936
998 0.1650765146785936
999 0.1650765146785936
1000 0.15296093287996063
1001 0.15296093287996063
1002 0.15296093287996063
1003 0.15296093287996063
1004 0.2472681040568209
1005 0.2472681040568209
1006 0.2472681040568209
1007 0.2472681040568209
1008 0.17638648389072556
1009 0.17638648389072556
1010 0.17638648389072556
1011 0.17638648389072556
1012 0.15794459342628112
1013 0.15794459342628112
1014 0.15794459342628112
1015 0.15794459342628112
1016 0.16538912068327316
1017 0.16538912068327316
1018 0.16538912068327316
1019 0.16538912068327316
1020 0.1807181271317384
1021 0.1807181271317384
1022 0.1807181271317384
1023 0.1807181271317384
1024 0.19564132891159675
1025 0.19564132891159675
1026 0.19564132891159675
1027 0.19564132891159675
1028 0.17939516774831576
1029 0.17939516774831576
1030 0.17939516774831576
1031 0.17939516774831576
1032 0.18856090426341202
1033 0.18856090426341202
1034 0.18856090426341202
1035 0.18856090426341202
1036 0.2549363568519222
1037 0.2549363568519222
1038 0.2549363568519222
1039 0.2549363568519222
1040 0.17717092301479326
1041 0.17717092301479326
1042 0.17717092301479326
1043 0.17717092301479326
1044 0.23808660748641122
1045 0.23808660748641122
1046 0.23808660748641122
1047 0.23808660748641122
1048 0.19952940200198035
1049 0.19952940200198035
1050 0.19952940200198035
1051 0.19952940200198035
1052 0.24962390640818366
1053 0.24962390640818366
1054 0.24962390640818366
1055 0.24962390640818366
1056 0.13586053159222425
1057 0.13586053159222425
1058 0.13586053159222425
1059 0.13586053159222425
1060 0.17853437319629167
1061 2.754385555906506
1062 2.754385555906506
1063 2.754385555906506
1064 2.754385555906506
1065 2.9509628224151663
1066 2.9509628224151663
1067 2.9509628224151663
1068 2.9509628224151663
1069 1.8476156833560704
1070 1.8476156833560704
1071 1.8476156833560704
1072 1.8476156833560704
1073 2.9741642020165404
1074 2.9741642020165404
1075 2.9741642020165404
1076 2.9741642020165404
1077 2.9922607252969495
1078 2.9922607252969495
1079 2.9922607252969495
1080 2.9922607252969495
1081 3.4922230184874694
1082 3.546172766698626
1083 3.393052645753817
1084 3.393052645753817
1085 3.393052645753817
1086 3.393052645753817
1087 2.235199047071216
1088 2.235199047071216
1089 2.235199047071216
1090 2.235199047071216
1091 1.8214054772887174
1092 1.8214054772887174
1093 1.8214054772887174
1094 1.8214054772887174
1095 2.2126999951012114
1096 2.2126999951012114
1097 2.2126999951012114
1098 2.2126999951012114
1099 2.17711807430094
1100 2.17711807430094
1101 2.17711807430094
1102 2.17711807430094
1103 2.309867026645446
1104 2.309867026645446
1105 2.309867026645446
1106 2.309867026645446
1107 2.2226188246386127
1108 2.2226188246386127
1109 2.2226188246386127
1110 2.2226188246386127
1111 2.459213821235114
1112 2.459213821235114
1113 2.459213821235114
1114 2.459213821235114
1115 2.6688169693165884
1116 2.6688169693165884
1117 2.6688169693165884
1118 2.6688169693165884
1119 2.522654540450678
1120 2.522654540450678
1121 2.522654540450678
1122 2.522654540450678
1123 2.9346029134995124
1124 2.9346029134995124
1125 2.9346029134995124
1126 2.9346029134995124
1127 2.460256235096338
1128 2.460256235096338
1129 2.460256235096338
1130 2.460256235096338
1131 2.2027062138765383
1132 2.2027062138765383
1133 2.2027062138765383
1134 2.2027062138765383
1135 2.327936238319901
1136 2.327936238319901
1137 2.327936238319901
1138 2.327936238319901
1139 2.5447368971575024
1140 2.5447368971575024
1141 2.5447368971575024
1142 2.5447368971575024
1143 2.897519895791074
1144 2.897519895791074
1145 2.897519895791074
1146 1.2042064057282718
1147 1.2042064057282718
1148 1.2042064057282718
1149 1.2042064057282718
1150 0.9523686330966545
1151 0.9523686330966545
1152 0.9523686330966545
1153 3.195296474357948
1154 3.195296474357948
1155 3.195296474357948
1156 3.195296474357948
1157 5.071694705077639
1158 5.071694705077639
1159 5.071694705077639
1160 5.071694705077639
1161 0.7202381443917488
1162 0.7202381443917488
1163 0.7202381443917488
1164 0.7202381443917488
1165 0.6734231959011987
1166 0.6734231959011987
1167 0.6734231959011987
1168 0.6734231959011987
1169 0.7017557880943013
1170 0.7017557880943013
1171 3.8830645154192904
1172 3.8830645154192904
1173 3.8830645154192904
1174 3.8830645154192904
1175 3.5007844871258254
1176 3.5007844871258254
1177 3.5007844871258254
1178 3.5007844871258254
1179 2.340494494603176
1180 2.340494494603176
1181 2.340494494603176
1182 2.340494494603176
1183 2.2366313732409737
1184 2.2366313732409737
1185 2.2366313732409737
1186 2.2366313732409737
1187 2.316938100599682
1188 2.316938100599682
1189 2.316938100599682
1190 2.316938100599682
1191 3.6438097577379733
1192 3.6438097577379733
1193 3.6438097577379733
1194 3.6438097577379733
1195 2.786830825810637
1196 2.786830825810637
1197 2.786830825810637
1198 2.786830825810637
1199 4.895235663751233
1200 4.895235663751233
1201 4.895235663751233
1202 4.895235663751233
1203 4.209967642764861
1204 4.209967642764861
1205 2.865760608274054
1206 2.865760608274054
1207 3.2163194613582524
1208 3.2163194613582524
1209 3.2163194613582524
1210 3.2163194613582524
1211 3.1421176689459456
1212 3.1421176689459456
1213 3.1421176689459456
1214 3.1421176689459456
1215 3.0101212488368514
1216 3.0101212488368514
1217 3.0101212488368514
1218 3.0101212488368514
1219 2.9778202681788333
1220 2.9778202681788333
1221 2.9778202681788333
1222 2.9778202681788333
1223 1.882115448237398
1224 1.882115448237398
1225 1.882115448237398
1226 1.882115448237398
1227 1.8358154529879163
1228 1.8358154529879163
1229 1.8358154529879163
1230 1.8358154529879163
1231 2.3810104213356493
1232 2.3810104213356493
1233 2.3810104213356493
1234 2.3810104213356493
1235 2.620851365769235
1236 2.620851365769235
1237 2.620851365769235
1238 2.620851365769235
1239 2.86597359373377
1240 3.2191329666258346
1241 3.2191329666258346
1242 3.2191329666258346
1243 3.2191329666258346
1244 3.6592495379071783
1245 3.6592495379071783
1246 3.6592495379071783
1247 3.6592495379071783
1248 3.426148001787008
1249 3.426148001787008
1250 3.426148001787008
1251 3.426148001787008
1252 3.5341931994119915
1253 3.5341931994119915
1254 3.5341931994119915
1255 3.5341931994119915
1256 3.0270882688759917
1257 3.0270882688759917
1258 3.0270882688759917
1259 3.0270882688759917
1260 3.6077182247033175
1261 3.6077182247033175
1262 3.6077182247033175
1263 3.6077182247033175
1264 3.637215565809855
1265 3.637215565809855
1266 3.637215565809855
1267 3.637215565809855
1268 3.481157543913071
1269 3.481157543913071
1270 3.481157543913071
1271 3.481157543913071
1272 3.8250526165003995
1273 3.8250526165003995
1274 3.8250526165003995
1275 3.8250526165003995
1276 3.2171540949364394
1277 3.2171540949364394
1278 3.2171540949364394
1279 3.2171540949364394
1280 3.666858163730872
1281 3.666858163730872
1282 3.666858163730872
1283 3.666858163730872
1284 5.33434467469128
1285 5.33434467469128
1286 2.768113578408496
1287 2.5036317436064626
1288 2.5036317436064626
1289 2.5036317436064626
1290 2.5036317436064626
1291 1.473007157462209
1292 1.473007157462209
1293 1.473007157462209
1294 1.473007157462209
1295 1.7037506671187357
1296 1.7037506671187357
1297 1.7037506671187357
1298 1.7037506671187357
1299 2.0284157945282004
1300 2.0284157945282004
1301 2.0284157945282004
1302 2.0284157945282004
1303 1.4621796357421801
1304 1.4621796357421801
1305 1.4621796357421801
1306 1.4621796357421801
1307 2.945451546069815
1308 2.945451546069815
1309 2.945451546069815
1310 2.945451546069815
1311 2.144960118722558
1312 2.144960118722558
1313 0.5335035215390541
1314 0.5335035215390541
1315 0.5335035215390541
1316 0.5335035215390541
1317 0.5560816273061909
1318 0.5560816273061909
1319 0.5560816273061909
1320 0.5560816273061909
1321 0.5503425248986973
1322 0.5503425248986973
1323 0.5503425248986973
1324 0.5503425248986973
1325 0.8193405713653454
1326 0.8193405713653454
1327 0.8193405713653454
1328 0.8193405713653454
1329 0.651911525874203
1330 0.651911525874203
1331 0.651911525874203
1332 0.651911525874203
1333 0.5958947193051622
1334 0.5958947193051622
1335 0.5958947193051622
1336 0.5958947193051622
1337 0.7280607926079147
1338 0.7280607926079147
1339 0.7280607926079147
1340 0.7280607926079147
1341 0.6338018189336034
1342 0.6338018189336034
1343 0.6338018189336034
1344 0.6338018189336034
1345 2.7062889403080304
1346 2.7062889403080304
1347 2.7062889403080304
1348 2.7062889403080304
1349 1.753952433699748
1350 1.753952433699748
1351 1.753952433699748
1352 1.753952433699748
1353 2.472675766663715
1354 2.472675766663715
1355 2.472675766663715
1356 2.472675766663715
1357 2.8405584740591974
1358 2.8405584740591974
1359 2.8405584740591974
1360 2.8405584740591974
1361 2.896885956623905
1362 2.896885956623905
1363 2.896885956623905
1364 5.865144615965931
1365 5.865144615965931
1366 5.865144615965931
1367 5.865144615965931
1368 2.7944072575762537
1369 2.7944072575762537
1370 2.7944072575762537
1371 2.7944072575762537
1372 6.251542571639614
1373 6.251542571639614
1374 6.251542571639614
1375 6.251542571639614
1376 3.889094920631832
1377 3.889094920631832
1378 3.889094920631832
1379 3.889094920631832
1380 4.0018879686420625
1381 4.0018879686420625
1382 4.0018879686420625
1383 4.0018879686420625
1384 5.097752215165738
1385 5.097752215165738
1386 5.097752215165738
1387 5.097752215165738
1388 5.1306692634006055
1389 5.1306692634006055
1390 5.1306692634006055
1391 5.1306692634006055
1392 1.5585356788057902
1393 2.265030077185534
1394 2.265030077185534
1395 2.265030077185534
1396 2.265030077185534
1397 4.039525245497687
1398 4.039525245497687
1399 4.039525245497687
1400 4.039525245497687
1401 2.9823692216284017
1402 2.9823692216284017
1403 2.9823692216284017
1404 2.9823692216284017
1405 2.2156495496133743
1406 2.2156495496133743
1407 2.2156495496133743
1408 2.2156495496133743
1409 2.912124796804924
1410 2.912124796804924
1411 2.912124796804924
1412 2.912124796804924
1413 1.9221601471649454
1414 1.9221601471649454
1415 1.9221601471649454
1416 1.9221601471649454
1417 3.037327332433931
1418 3.037327332433931
1419 3.037327332433931
1420 3.037327332433931
1421 3.537915093376599
1422 3.537915093376599
1423 3.537915093376599
1424 3.537915093376599
1425 3.5774199980722594
1426 3.5774199980722594
1427 4.713971635698
1428 4.713971635698
1429 4.713971635698
1430 4.713971635698
1431 4.074954180827154
1432 4.074954180827154
1433 4.074954180827154
1434 4.074954180827154
1435 4.1512712201110284
1436 4.1512712201110284
1437 4.1512712201110284
1438 4.1512712201110284
1439 2.053660688111902
1440 2.053660688111902
1441 2.053660688111902
1442 2.053660688111902
1443 4.7261561965944905
1444 4.7261561965944905
1445 4.7261561965944905
1446 4.7261561965944905
1447 4.753087114244494
1448 4.753087114244494
1449 4.753087114244494
1450 4.753087114244494
1451 4.111540537669037
1452 4.111540537669037
1453 4.111540537669037
1454 4.111540537669037
1455 3.122347323992992
1456 3.122347323992992
1457 3.122347323992992
1458 3.122347323992992
1459 5.148702918187189
1460 5.148702918187189
1461 5.148702918187189
1462 5.148702918187189
1463 3.539859916957668
1464 3.539859916957668
1465 3.539859916957668
1466 3.539859916957668
1467 1.8438707030031685
1468 1.8438707030031685
1469 1.8438707030031685
1470 1.8438707030031685
1471 5.306009009841091
1472 5.306009009841091
1473 5.306009009841091
1474 5.306009009841091
1475 3.909813468803573
1476 3.909813468803573
1477 3.909813468803573
1478 3.909813468803573
1479 4.243411186607951
1480 4.243411186607951
1481 4.243411186607951
1482 4.243411186607951
1483 4.516553035103287
1484 4.516553035103287
1485 4.516553035103287
1486 4.516553035103287
1487 2.536405592673785
1488 2.536405592673785
1489 2.536405592673785
1490 2.536405592673785
1491 3.389993688596456
1492 3.389993688596456
1493 3.389993688596456
1494 3.389993688596456
1495 4.248990644110535
1496 4.248990644110535
1497 4.248990644110535
1498 4.248990644110535
1499 5.373448134268865
1500 5.373448134268865
1501 5.373448134268865
1502 5.373448134268865
1503 3.3778976378372554
1504 3.3778976378372554
1505 3.3778976378372554
1506 3.3778976378372554
1507 2.588385978753578
1508 2.588385978753578
1509 2.588385978753578
1510 2.1845198703924384
1511 2.1845198703924384
1512 2.1845198703924384
1513 2.1845198703924384
1514 2.7205981314411325
1515 2.7205981314411325
1516 2.7205981314411325
1517 2.7205981314411325
1518 3.5630887590533113
1519 3.5630887590533113
1520 3.5630887590533113
1521 3.5630887590533113
1522 2.222017700719416
1523 2.222017700719416
1524 2.222017700719416
1525 2.222017700719416
1526 2.136807459117977
1527 2.136807459117977
1528 2.136807459117977
1529 2.136807459117977
1530 1.577696453032168
1531 1.577696453032168
1532 1.577696453032168
1533 2.17051690453583
1534 2.17051690453583
1535 2.17051690453583
1536 2.17051690453583
1537 1.7673352656736667
1538 1.7673352656736667
1539 1.7673352656736667
1540 1.7673352656736667
1541 1.7728049114933917
1542 1.7728049114933917
1543 1.7728049114933917
1544 1.7728049114933917
1545 1.9627651647199194
1546 1.9627651647199194
1547 1.9627651647199194
1548 1.9627651647199194
1549 1.6167165374558354
1550 1.6167165374558354
1551 1.6167165374558354
1552 1.6167165374558354
1553 1.0574492506305626
1554 1.0574492506305626
1555 1.0574492506305626
1556 1.0574492506305626
1557 1.432722411810146
1558 1.432722411810146
1559 1.432722411810146
1560 1.432722411810146
1561 1.7496896485587128
1562 1.7496896485587128
1563 1.7496896485587128
1564 1.7496896485587128
1565 1.5034166358903651
1566 1.5034166358903651
1567 1.5034166358903651
1568 1.5034166358903651
1569 2.112077582251463
1570 2.112077582251463
1571 2.112077582251463
1572 2.112077582251463
1573 2.2119068828251063
1574 2.2119068828251063
1575 3.732225815387613
1576 3.732225815387613
1577 3.732225815387613
1578 3.732225815387613
1579 3.697774445266581
1580 3.697774445266581
1581 3.697774445266581
1582 3.697774445266581
1583 3.413860975511624
1584 3.413860975511624
1585 3.413860975511624
1586 3.413860975511624
1587 2.5041258195642393
1588 2.5041258195642393
1589 2.5041258195642393
1590 2.5041258195642393
1591 0.7417807443408939
1592 0.7417807443408939
1593 0.7417807443408939
1594 0.7417807443408939
1595 0.8331324546876979
1596 0.8331324546876979
1597 0.8331324546876979
1598 0.8331324546876979
1599 0.6374363398974506
1600 0.6374363398974506
1601 2.9950441351080426
1602 2.9950441351080426
1603 2.9950441351080426
1604 2.9950441351080426
1605 1.9127702954403634
1606 1.9127702954403634
1607 1.9127702954403634
1608 1.9127702954403634
1609 3.0796559640994468
1610 3.0796559640994468
1611 3.0796559640994468
1612 3.0796559640994468
1613 2.08680545218415
1614 2.08680545218415
1615 2.08680545218415
1616 2.08680545218415
1617 3.123926936259896
1618 3.123926936259896
1619 3.123926936259896
1620 3.123926936259896
1621 2.1977127944574746
1622 2.1977127944574746
1623 2.1977127944574746
1624 2.1977127944574746
1625 3.5897660254900705
1626 3.5897660254900705
1627 3.5897660254900705
1628 3.5897660254900705
1629 2.277917673169831
1630 2.277917673169831
1631 2.277917673169831
1632 2.277917673169831
1633 3.041262822497304
1634 3.041262822497304
1635 3.041262822497304
1636 3.041262822497304
1637 3.3605117203484536
1638 3.3605117203484536
1639 3.3605117203484536
1640 3.2058367420408804
1641 3.2058367420408804
1642 2.4386114676007775
1643 2.4386114676007775
1644 4.042241611750882
1645 4.042241611750882
1646 4.042241611750882
1647 4.042241611750882
1648 3.9294066658409657
1649 3.9294066658409657
1650 3.9294066658409657
1651 3.9294066658409657
1652 4.8057141827336896
1653 1.7431105156518312
1654 1.7431105156518312
1655 1.7431105156518312
1656 1.7431105156518312
1657 1.9382775635405867
1658 1.9382775635405867
1659 1.9382775635405867
1660 1.9382775635405867
1661 4.437480574996665
1662 4.437480574996665
1663 4.437480574996665
1664 3.746396639147744
1665 3.746396639147744
1666 3.746396639147744
1667 3.746396639147744
1668 3.5328930553788513
1669 3.5328930553788513
1670 3.5328930553788513
1671 3.5328930553788513
1672 2.981084160550897
1673 2.981084160550897
1674 0.8456456695850287
1675 0.8456456695850287
1676 0.8456456695850287
1677 0.8456456695850287
1678 1.6014528565774862
1679 1.6014528565774862
1680 1.6014528565774862
1681 1.6014528565774862
1682 2.4396321052146757
1683 2.4396321052146757
1684 2.4396321052146757
1685 2.4396321052146757
1686 1.8868316348211422
1687 1.8868316348211422
1688 1.8868316348211422
1689 1.8868316348211422
1690 1.8809135816282798
1691 1.831599338389988
1692 1.831599338389988
1693 1.831599338389988
1694 1.831599338389988
1695 1.9699123684677506
1696 1.9699123684677506
1697 1.9699123684677506
1698 1.0375225470248137
1699 1.0375225470248137
1700 1.0375225470248137
1701 1.0375225470248137
1702 0.9591367745611934
1703 0.9591367745611934
1704 0.9591367745611934
1705 0.9591367745611934
1706 0.9078080674130427
1707 0.9078080674130427
1708 0.9078080674130427
1709 0.9078080674130427
1710 1.3988685832114522
1711 1.3988685832114522
1712 1.3988685832114522
1713 1.3988685832114522
1714 1.2540139915555102
1715 1.2540139915555102
1716 3.2962316553282127
1717 3.2962316553282127
1718 3.2962316553282127
1719 3.2962316553282127
1720 1.7280855262748716
1721 1.7280855262748716
1722 1.7280855262748716
1723 1.7280855262748716
1724 3.0254077742272103
1725 3.0254077742272103
1726 3.0254077742272103
1727 3.0254077742272103
1728 2.378515536653989
1729 1.3203309746052285
1730 1.3203309746052285
1731 1.3203309746052285
1732 1.3203309746052285
1733 1.0816640249031715
1734 1.0816640249031715
1735 1.0816640249031715
1736 1.0816640249031715
1737 0.7787886087972505
1738 0.7787886087972505
1739 0.7787886087972505
1740 0.7787886087972505
1741 1.5232102201505178
1742 1.5232102201505178
1743 1.9676955234865483
1744 1.9676955234865483
1745 1.9676955234865483
1746 1.9676955234865483
1747 1.2969686656494388
1748 0.6598885423205045
1749 0.6598885423205045
1750 0.6598885423205045
1751 0.6598885423205045
1752 0.8161301945278949
1753 0.8161301945278949
1754 0.8161301945278949
1755 0.8161301945278949
1756 0.5117773274074229
1757 0.5117773274074229
1758 0.5117773274074229
1759 0.5117773274074229
1760 0.7373037616935563
1761 0.7373037616935563
1762 0.7373037616935563
1763 0.7373037616935563
1764 0.6626823269854716
1765 0.6626823269854716
1766 0.6626823269854716
1767 0.6626823269854716
1768 0.7354909727885386
1769 0.7354909727885386
1770 0.7354909727885386
1771 0.7354909727885386
1772 0.4033325277357965
1773 0.4033325277357965
1774 0.4033325277357965
1775 0.4033325277357965
1776 0.4130985217980905
1777 0.4130985217980905
1778 0.4130985217980905
1779 0.4130985217980905
1780 2.408862118474595
1781 2.408862118474595
1782 2.408862118474595
1783 2.408862118474595
1784 2.7045081860197344
1785 2.7045081860197344
1786 2.7045081860197344
1787 2.7045081860197344
1788 2.2700596388769383
1789 2.2700596388769383
1790 2.2700596388769383
1791 2.2700596388769383
1792 1.6458724029879952
1793 1.6458724029879952
1794 1.6458724029879952
1795 1.6458724029879952
1796 2.7433717671356415
1797 2.7433717671356415
1798 2.7433717671356415
1799 2.7433717671356415
1800 3.1919991069675917
1801 3.1919991069675917
1802 3.1919991069675917
1803 3.1919991069675917
1804 2.5477180378103768
1805 2.5477180378103768
1806 2.5477180378103768
1807 2.5477180378103768
1808 2.267389592488338
1809 2.267389592488338
1810 2.267389592488338
1811 2.267389592488338
1812 2.362097806105008
1813 2.362097806105008
1814 2.362097806105008
1815 2.362097806105008
1816 3.09104975094066
1817 3.09104975094066
1818 3.09104975094066
1819 3.09104975094066
1820 2.9621694935091387
1821 2.9621694935091387
1822 2.9621694935091387
1823 2.9621694935091387
1824 2.710040668203791
1825 2.710040668203791
1826 2.710040668203791
1827 2.710040668203791
1828 2.297857587635284
1829 2.297857587635284
1830 2.297857587635284
1831 2.297857587635284
1832 2.391493871828242
1833 2.391493871828242
1834 2.391493871828242
1835 2.391493871828242
1836 2.01478591231931
1837 2.01478591231931
1838 2.01478591231931
1839 2.01478591231931
1840 1.301404091485585
1841 1.301404091485585
1842 1.301404091485585
1843 1.301404091485585
1844 1.311403020770702
1845 1.311403020770702
1846 1.311403020770702
1847 1.311403020770702
1848 1.1907271550600405
1849 1.1907271550600405
1850 1.1907271550600405
1851 1.1907271550600405
1852 0.7954733459166018
1853 0.7954733459166018
1854 0.7954733459166018
1855 0.7954733459166018
1856 1.4627700175359903
1857 1.4627700175359903
1858 1.4627700175359903
1859 1.4627700175359903
1860 1.0119079689925599
1861 1.0119079689925599
1862 1.0119079689925599
1863 1.0119079689925599
1864 1.0711866115897057
1865 1.0711866115897057
1866 1.0711866115897057
1867 1.0711866115897057
1868 1.1636420413078175
1869 1.1636420413078175
1870 1.1636420413078175
1871 1.1636420413078175
1872 0.8082055256412058
1873 0.8082055256412058
1874 0.8082055256412058
1875 0.8082055256412058
1876 1.4624633317521019
1877 1.4624633317521019
1878 1.4624633317521019
1879 1.4624633317521019
1880 0.8376219109247047
1881 0.8376219109247047
1882 0.8376219109247047
1883 0.8376219109247047
1884 1.0270820927130477
1885 1.0270820927130477
1886 1.0270820927130477
1887 1.0270820927130477
1888 1.4217207466191193
1889 1.4217207466191193
1890 1.4217207466191193
1891 1.4217207466191193
1892 1.162069974985496
1893 1.8634606148929351
1894 1.8634606148929351
1895 1.8634606148929351
1896 1.8634606148929351
1897 1.7582676813973068
1898 1.7582676813973068
1899 1.7582676813973068
1900 1.7582676813973068
1901 2.5652415891259595
1902 2.5652415891259595
1903 2.5652415891259595
1904 2.5652415891259595
1905 1.8210499885410123
1906 1.8210499885410123
1907 1.8210499885410123
1908 1.8210499885410123
1909 1.874471483120729
1910 1.874471483120729
1911 1.874471483120729
1912 1.874471483120729
1913 1.9418396426815214
1914 1.9418396426815214
1915 1.9418396426815214
1916 1.9418396426815214
1917 1.4221348887250227
1918 1.4221348887250227
1919 1.4221348887250227
1920 1.4221348887250227
1921 2.7185742130964
1922 2.7185742130964
1923 2.7185742130964
1924 2.7185742130964
1925 1.5289464179132606
1926 1.5289464179132606
1927 1.5289464179132606
1928 1.5289464179132606
1929 1.811347468826922
1930 1.811347468826922
1931 1.811347468826922
1932 1.811347468826922
1933 2.066172368909831
1934 2.066172368909831
1935 2.066172368909831
1936 2.066172368909831
1937 2.625516286600464
1938 2.625516286600464
1939 2.625516286600464
1940 2.625516286600464
1941 4.740545765712609
1942 4.740545765712609
1943 4.740545765712609
1944 4.740545765712609
1945 5.252674021788224
1946 5.252674021788224
1947 5.252674021788224
1948 3.0693178184501386
1949 3.0693178184501386
1950 3.0693178184501386
1951 3.0693178184501386
1952 2.625786070945831
1953 2.625786070945831
1954 2.625786070945831
1955 2.625786070945831
1956 2.1954274451022795
1957 2.1954274451022795
1958 2.1954274451022795
1959 2.1954274451022795
1960 4.826544923553282
1961 4.826544923553282
1962 4.826544923553282
1963 4.826544923553282
1964 3.0395634517377466
1965 3.0395634517377466
1966 1.097676455212175
1967 2.758716572518202
1968 2.758716572518202
1969 2.758716572518202
1970 2.758716572518202
1971 2.6510789504479018
1972 2.6510789504479018
1973 2.6510789504479018
1974 2.6510789504479018
1975 3.1871287314441488
1976 3.1871287314441488
1977 3.1871287314441488
1978 3.1871287314441488
1979 3.4084672245572376
1980 3.4084672245572376
1981 3.4084672245572376
1982 3.4084672245572376
1983 2.5140658511615563
1984 2.5140658511615563
1985 2.5140658511615563
1986 2.5140658511615563
1987 2.6400882514475943
1988 2.6400882514475943
1989 2.6400882514475943
1990 2.6400882514475943
1991 2.677329002875505
1992 2.677329002875505
1993 2.677329002875505
1994 2.677329002875505
1995 3.213630170917234
1996 3.213630170917234
1997 3.213630170917234
1998 3.213630170917234
1999 2.4814437292151816
