0 2.641186262505632
1 2.641186262505632
2 2.641186262505632
3 2.2865709861586487
4 2.2865709861586487
5 2.2865709861586487
6 1.9222922604321926
7 1.9222922604321926
8 1.9222922604321926
9 3.1937441899517016
10 3.1937441899517016
11 3.1937441899517016
12 5.085262444205643
13 5.085262444205643
14 5.085262444205643
15 4.5866154581652125
16 4.5866154581652125
17 4.5866154581652125
18 5.327415605182325
19 5.327415605182325
20 0.9378443173507627
21 0.9378443173507627
22 0.9378443173507627
23 1.248832069114592
24 1.248832069114592
25 1.248832069114592
26 0.4933202828718878
27 0.4933202828718878
28 5.632323475893237
29 5.632323475893237
30 5.632323475893237
31 0.1
32 0.1
33 0.1
34 2.6257106818581737
35 2.7420497080399233
36 2.7420497080399233
37 2.7420497080399233
38 1.8172129703636797
39 1.8172129703636797
40 1.8172129703636797
41 3.2999266921008474
42 3.2999266921008474
43 3.2999266921008474
44 6.493662893868407
45 6.493662893868407
46 6.493662893868407
47 1.969832837829757
48 1.969832837829757
49 1.969832837829757
50 5.552430746932331
51 5.552430746932331
52 5.552430746932331
53 4.235504687449036
54 3.296525661875667
55 3.296525661875667
56 3.296525661875667
57 3.99995262266557
58 3.99995262266557
59 3.99995262266557
60 1.7385392529167614
61 1.7385392529167614
62 1.7385392529167614
63 2.399711970389261
64 2.399711970389261
65 2.399711970389261
66 3.111009058447231
67 3.111009058447231
68 3.111009058447231
69 3.228366792000439
70 3.228366792000439
71 3.228366792000439
72 3.08493504374661
73 3.08493504374661
74 3.08493504374661
75 3.552282897497289
76 3.552282897497289
77 1.2025762211412108
78 1.2025762211412108
79 1.2025762211412108
80 0.6930601328254922
81 0.6930601328254922
82 0.6930601328254922
83 0.7608544942659212
84 0.7608544942659212
85 0.7608544942659212
86 0.7598128497350012
87 0.7598128497350012
88 0.7598128497350012
89 1.0025381041770511
90 1.0025381041770511
91 1.0025381041770511
92 0.523291753358968
93 4.169027130480317
94 4.169027130480317
95 4.169027130480317
96 2.3665297663090317
97 2.3665297663090317
98 2.3665297663090317
99 3.3088306970311345
100 1.469005632196827
101 1.469005632196827
102 1.469005632196827
103 1.0075428040536387
104 1.0075428040536387
105 1.0075428040536387
106 2.0030277656740827
107 2.0030277656740827
108 2.0030277656740827
109 0.8813817393502431
110 0.8813817393502431
111 0.8813817393502431
112 1.5847439075425362
113 1.5847439075425362
114 1.5847439075425362
115 1.607998809570205
116 1.607998809570205
117 1.607998809570205
118 0.5719505363744477
119 4.325061265719827
120 4.325061265719827
121 4.325061265719827
122 3.7511401119877537
123 3.7511401119877537
124 3.7511401119877537
125 2.2950828475215377
126 2.2950828475215377
127 2.2950828475215377
128 1.8859821917259054
129 1.8859821917259054
130 1.8859821917259054
131 4.0886089607239615
132 4.0886089607239615
133 4.0886089607239615
134 1.7272900842748502
135 1.7272900842748502
136 1.7272900842748502
137 4.2708656900355955
138 4.2708656900355955
139 4.2708656900355955
140 2.947333467581068
141 2.947333467581068
142 2.947333467581068
143 0.9641087227505745
144 0.9641087227505745
145 0.9641087227505745
146 0.2738713471239022
147 0.2738713471239022
148 0.2738713471239022
149 0.6285857795883472
150 0.6285857795883472
151 0.6285857795883472
152 0.9382062851283162
153 0.9382062851283162
154 0.9382062851283162
155 1.1077628211854393
156 1.1077628211854393
157 1.1077628211854393
158 1.3535570127556416
159 1.3535570127556416
160 1.3535570127556416
161 2.9343749573933926
162 2.9343749573933926
163 2.9343749573933926
164 1.699473167574067
165 1.699473167574067
166 1.699473167574067
167 3.4342093180138225
168 3.4342093180138225
169 3.4342093180138225
170 2.23811379333443
171 2.23811379333443
172 2.23811379333443
173 2.7473268144652714
174 2.7473268144652714
175 2.7473268144652714
176 4.526729527913348
177 4.526729527913348
178 4.526729527913348
179 1.4587737849198863
180 1.4587737849198863
181 1.4587737849198863
182 1.9823302745321816
183 1.9823302745321816
184 1.9823302745321816
185 3.5992396924925973
186 3.5992396924925973
187 3.5992396924925973
188 3.036178381226342
189 3.036178381226342
190 3.036178381226342
191 4.353361252809794
192 4.353361252809794
193 4.353361252809794
194 4.348683512446592
195 4.348683512446592
196 4.348683512446592
197 3.50618513357477
198 3.50618513357477
199 3.50618513357477
200 2.7705244456558384
201 0.5060152199925598
202 0.5060152199925598
203 0.5060152199925598
204 0.9487672175993114
205 0.9487672175993114
206 0.9487672175993114
207 0.9730074362264122
208 0.9730074362264122
209 0.9730074362264122
210 0.6683520681620405
211 0.6683520681620405
212 0.6683520681620405
213 0.6049033546343692
214 0.6049033546343692
215 0.6049033546343692
216 0.5060898990191636
217 0.5060898990191636
218 0.5060898990191636
219 0.6322222991499564
220 0.6322222991499564
221 0.6322222991499564
222 0.34054773736513677
223 0.34054773736513677
224 0.34054773736513677
225 0.38316471837569505
226 0.38316471837569505
227 0.38316471837569505
228 0.4980965353739224
229 0.4980965353739224
230 0.4980965353739224
231 0.5600125073487656
232 0.5600125073487656
233 0.5600125073487656
234 0.3844617597742864
235 0.3844617597742864
236 0.3844617597742864
237 0.14125193274161546
238 0.14125193274161546
239 0.14125193274161546
240 0.24435816611692654
241 0.24435816611692654
242 0.24435816611692654
243 0.26607808129142174
244 0.26607808129142174
245 0.26607808129142174
246 0.18368094161889528
247 0.18368094161889528
248 0.18368094161889528
249 0.32361275863444494
250 0.32361275863444494
251 0.32361275863444494
252 0.13428719410673168
253 0.13428719410673168
254 0.13428719410673168
255 0.1370467956576579
256 0.1370467956576579
257 0.1370467956576579
258 0.17463316694422729
259 0.17463316694422729
260 0.17463316694422729
261 0.2728145590882807
262 0.2728145590882807
263 0.2728145590882807
264 0.18734979245887118
265 0.18734979245887118
266 0.18734979245887118
267 0.16766337449504393
268 0.16766337449504393
269 0.16766337449504393
270 0.1931812327075633
271 0.1931812327075633
272 0.1931812327075633
273 0.25775860437775394
274 0.25775860437775394
275 0.25775860437775394
276 0.20646906591162667
277 0.20646906591162667
278 0.20646906591162667
279 0.27996644435272144
280 0.27996644435272144
281 0.27996644435272144
282 0.1288563870879847
283 0.1288563870879847
284 0.1288563870879847
285 0.3203563618005257
286 0.3203563618005257
287 0.3203563618005257
288 0.30346160089917973
289 0.30346160089917973
290 0.30346160089917973
291 0.22434468027754217
292 0.22434468027754217
293 0.22434468027754217
294 0.2817962974980044
295 0.2817962974980044
296 0.2817962974980044
297 0.19663681849565282
298 0.19663681849565282
299 0.19663681849565282
300 0.20789276144041846
301 0.20789276144041846
302 0.20789276144041846
303 0.1
304 0.1
305 0.1
306 0.2643123665522813
307 0.2643123665522813
308 0.2643123665522813
309 0.1
310 0.1
311 0.1
312 0.18614950279824083
313 0.18614950279824083
314 0.18614950279824083
315 0.24681233435373226
316 0.24681233435373226
317 0.24681233435373226
318 0.13414925372100356
319 0.13414925372100356
320 0.13414925372100356
321 0.1
322 0.1
323 0.1
324 0.16392506206869076
325 0.16392506206869076
326 0.16392506206869076
327 0.14861862242974885
328 0.14861862242974885
329 0.14861862242974885
330 0.35745568771156416
331 0.35745568771156416
332 0.35745568771156416
333 0.1
334 0.1
335 0.32733747516251255
336 0.32733747516251255
337 0.32733747516251255
338 0.6332701763797179
339 0.6332701763797179
340 0.6332701763797179
341 0.9269333157579165
342 0.9269333157579165
343 0.9269333157579165
344 0.7661813522638621
345 0.7661813522638621
346 0.7661813522638621
347 1.0007929898887729
348 1.0007929898887729
349 1.0007929898887729
350 0.956139678543943
351 0.956139678543943
352 0.956139678543943
353 1.0909931112044817
354 1.0909931112044817
355 1.0909931112044817
356 1.1155647328965437
357 1.1155647328965437
358 1.1155647328965437
359 0.8237037846333641
360 0.8237037846333641
361 0.8237037846333641
362 2.4812366486480775
363 2.4812366486480775
364 2.4812366486480775
365 3.35951869774871
366 3.35951869774871
367 3.35951869774871
368 6.423282862950517
369 6.423282862950517
370 6.423282862950517
371 2.1597428438350756
372 2.1597428438350756
373 2.1597428438350756
374 2.5887066620872856
375 2.5887066620872856
376 2.5887066620872856
377 2.8317254983587192
378 2.8317254983587192
379 2.8317254983587192
380 4.8874500746424845
381 4.8874500746424845
382 4.8874500746424845
383 3.4659287651268036
384 3.4659287651268036
385 3.4659287651268036
386 3.5418291028122093
387 3.5418291028122093
388 3.5418291028122093
389 4.372184702663735
390 4.372184702663735
391 4.372184702663735
392 1.683917136777825
393 1.683917136777825
394 1.683917136777825
395 2.475345360445683
396 2.475345360445683
397 2.475345360445683
398 5.130582620833865
399 5.130582620833865
400 5.130582620833865
401 6.898129687260921
402 6.898129687260921
403 6.898129687260921
404 5.6547527590167626
405 5.6547527590167626
406 5.6547527590167626
407 1.9026295135504239
408 1.9026295135504239
409 1.9026295135504239
410 4.596865141315728
411 4.596865141315728
412 4.596865141315728
413 1.0743528924830787
414 1.0743528924830787
415 1.0743528924830787
416 4.809392406423152
417 4.809392406423152
418 4.809392406423152
419 4.692207314094007
420 4.692207314094007
421 4.692207314094007
422 4.028916662997804
423 4.028916662997804
424 4.028916662997804
425 5.578118421908346
426 5.578118421908346
427 5.578118421908346
428 3.3167908545793203
429 3.3167908545793203
430 3.3167908545793203
431 2.5390156503852332
432 2.5390156503852332
433 2.5390156503852332
434 4.18444255122647
435 4.18444255122647
436 4.18444255122647
437 0.8462088377024597
438 0.8462088377024597
439 0.8462088377024597
440 5.390614538399873
441 5.390614538399873
442 5.390614538399873
443 3.4801506079361006
444 3.4801506079361006
445 3.4801506079361006
446 3.5029381251210157
447 3.5029381251210157
448 3.5029381251210157
449 4.992628796266915
450 4.992628796266915
451 4.992628796266915
452 4.609095303917395
453 4.609095303917395
454 4.609095303917395
455 4.802038305729062
456 4.802038305729062
457 4.802038305729062
458 5.0136377081471135
459 5.0136377081471135
460 5.0136377081471135
461 5.334596069573707
462 5.334596069573707
463 5.334596069573707
464 2.21075629190606
465 2.21075629190606
466 2.21075629190606
467 4.589445012590982
468 1.3585479449715763
469 1.3585479449715763
470 1.3585479449715763
471 0.8851654878644593
472 0.8851654878644593
473 0.8851654878644593
474 2.3365282345125657
475 2.3365282345125657
476 2.3365282345125657
477 2.8020772655917816
478 2.8020772655917816
479 2.8020772655917816
480 2.600955032739626
481 2.600955032739626
482 2.600955032739626
483 2.7075147225763394
484 2.7075147225763394
485 2.7075147225763394
486 2.0468368232943615
487 2.0468368232943615
488 2.0468368232943615
489 2.8284755427472192
490 2.8284755427472192
491 2.8284755427472192
492 2.2039361822081367
493 2.2039361822081367
494 2.2039361822081367
495 1.2859630591295086
496 1.2859630591295086
497 1.2859630591295086
498 1.0941505929065523
499 1.0941505929065523
500 1.0941505929065523
501 2.6584740862097247
502 2.6584740862097247
503 2.6584740862097247
504 2.5109178635145897
505 2.5109178635145897
506 2.5109178635145897
507 2.438824896344272
508 2.438824896344272
509 2.438824896344272
510 2.674526486758013
511 2.674526486758013
512 2.674526486758013
513 0.692385963975074
514 0.692385963975074
515 0.692385963975074
516 2.0532540961858357
517 1.2194851342013047
518 1.2194851342013047
519 1.2194851342013047
520 1.3474201435463808
521 1.3474201435463808
522 1.3474201435463808
523 3.118910838683943
524 3.118910838683943
525 3.118910838683943
526 1.0426583258626467
527 1.0426583258626467
528 1.0426583258626467
529 2.0140973282490746
530 2.0140973282490746
531 2.0140973282490746
532 1.028154999064858
533 1.028154999064858
534 1.028154999064858
535 0.76482831415047
536 0.76482831415047
537 0.76482831415047
538 0.8529472503960812
539 0.8529472503960812
540 0.8529472503960812
541 2.109412605555921
542 2.109412605555921
543 2.109412605555921
544 1.6557306334315995
545 1.6557306334315995
546 1.6557306334315995
547 0.9269581599953439
548 0.9269581599953439
549 0.9269581599953439
550 2.347534462855325
551 2.347534462855325
552 2.347534462855325
553 2.1701752001605636
554 2.1701752001605636
555 2.1701752001605636
556 0.5611408509588345
557 0.5611408509588345
558 0.5611408509588345
559 2.090866142791495
560 2.090866142791495
561 2.090866142791495
562 2.1474803656971773
563 2.1474803656971773
564 2.1474803656971773
565 1.0939632647455202
566 1.0939632647455202
567 1.0939632647455202
568 2.146026359829434
569 2.146026359829434
570 2.146026359829434
571 0.8346987479344837
572 0.8346987479344837
573 0.8346987479344837
574 1.7303537773291415
575 1.7303537773291415
576 1.7303537773291415
577 0.6183687951094506
578 0.6183687951094506
579 0.6183687951094506
580 0.8601767070244085
581 1.390111100407521
582 1.390111100407521
583 1.390111100407521
584 1.1533782107385393
585 1.1533782107385393
586 1.1533782107385393
587 1.5718891374521538
588 1.5718891374521538
589 2.5295939925896587
590 2.5295939925896587
591 2.5295939925896587
592 1.6881699290406935
593 1.6881699290406935
594 1.6881699290406935
595 0.9983933234466325
596 0.9983933234466325
597 0.9983933234466325
598 2.7147120376287726
599 2.7147120376287726
600 2.7147120376287726
601 3.1231841746939493
602 3.1231841746939493
603 3.1231841746939493
604 2.572051082296311
605 2.572051082296311
606 2.572051082296311
607 1.4393976945329539
608 1.4393976945329539
609 1.4393976945329539
610 1.7459596391527743
611 1.7459596391527743
612 1.7459596391527743
613 1.0450103853296504
614 1.0450103853296504
615 1.0450103853296504
616 1.2458283044630196
617 1.2458283044630196
618 1.2458283044630196
619 2.698611103921381
620 2.698611103921381
621 2.698611103921381
622 2.4969759191808105
623 2.4969759191808105
624 2.4969759191808105
625 0.5240423704422956
626 0.5240423704422956
627 0.5240423704422956
628 1.577657596828466
629 1.577657596828466
630 1.577657596828466
631 2.9275867316153548
632 2.9275867316153548
633 2.9275867316153548
634 2.301625972717802
635 2.301625972717802
636 2.301625972717802
637 3.054394740788909
638 3.054394740788909
639 3.054394740788909
640 2.969148295191722
641 2.969148295191722
642 2.969148295191722
643 3.6440604051970107
644 3.6440604051970107
645 3.6440604051970107
646 2.853234888291909
647 2.853234888291909
648 2.853234888291909
649 2.981672954285501
650 2.981672954285501
651 2.981672954285501
652 1.9835631325547944
653 1.9835631325547944
654 1.9835631325547944
655 0.9435519028058272
656 0.9435519028058272
657 0.9435519028058272
658 2.009578488286551
659 2.009578488286551
660 2.009578488286551
661 2.811626526441988
662 2.811626526441988
663 2.811626526441988
664 3.694232635892684
665 3.694232635892684
666 3.694232635892684
667 2.005198279831
668 2.005198279831
669 2.005198279831
670 3.0062020055036585
671 3.0062020055036585
672 3.0062020055036585
673 1.4358669464181766
674 1.4358669464181766
675 1.4358669464181766
676 3.162670360625066
677 3.162670360625066
678 3.162670360625066
679 2.3210820890302832
680 2.3210820890302832
681 1.5829033162019088
682 1.5829033162019088
683 1.5829033162019088
684 2.0035722731882313
685 2.0035722731882313
686 2.0035722731882313
687 1.8270941754240546
688 1.8270941754240546
689 1.8270941754240546
690 0.6657526731824372
691 0.6657526731824372
692 0.6657526731824372
693 1.127931653492183
694 1.127931653492183
695 1.127931653492183
696 1.2515391098812922
697 1.2515391098812922
698 1.2515391098812922
699 1.5963919081791942
700 1.5963919081791942
701 1.5963919081791942
702 0.7297377593341117
703 0.7297377593341117
704 0.7297377593341117
705 1.244376387270123
706 1.244376387270123
707 1.244376387270123
708 1.2174715910710432
709 1.2174715910710432
710 1.2174715910710432
711 1.1392632151848596
712 1.1392632151848596
713 1.1392632151848596
714 0.5018665100591192
715 0.5018665100591192
716 0.5018665100591192
717 1.8039505131770446
718 1.8039505131770446
719 1.8039505131770446
720 0.6606533714043744
721 0.6606533714043744
722 0.6606533714043744
723 0.525029964404627
724 0.525029964404627
725 0.525029964404627
726 0.965298331978237
727 0.965298331978237
728 0.965298331978237
729 1.4211690515603967
730 1.4211690515603967
731 1.4211690515603967
732 1.5266634037786564
733 1.5266634037786564
734 1.5266634037786564
735 1.2521845072281468
736 1.2521845072281468
737 1.2521845072281468
738 0.8167029385801162
739 0.8167029385801162
740 0.8167029385801162
741 0.6992664990088459
742 0.6992664990088459
743 0.6992664990088459
744 0.5898799630715003
745 0.5898799630715003
746 0.5898799630715003
747 1.2586922276674566
748 1.2586922276674566
749 1.2586922276674566
750 1.4470091989570877
751 1.4470091989570877
752 1.4470091989570877
753 1.6880492008063128
754 3.9625419510737703
755 3.9625419510737703
756 3.9625419510737703
757 2.166170478092963
758 2.166170478092963
759 2.166170478092963
760 3.088090570657881
761 3.088090570657881
762 3.088090570657881
763 2.186376246416512
764 2.186376246416512
765 2.186376246416512
766 4.3595781188564295
767 4.3595781188564295
768 4.3595781188564295
769 0.6678827203330635
770 0.6678827203330635
771 0.6678827203330635
772 3.346782450575266
773 3.346782450575266
774 3.346782450575266
775 4.1652324994420775
776 4.1652324994420775
777 4.1652324994420775
778 5.272508604855114
779 5.272508604855114
780 5.272508604855114
781 0.8393250936837036
782 0.8393250936837036
783 0.8393250936837036
784 0.6299200249884325
785 0.6299200249884325
786 0.6299200249884325
787 2.70585147578189
788 2.70585147578189
789 2.70585147578189
790 2.2106336507657733
791 2.2106336507657733
792 2.2106336507657733
793 2.654562675402132
794 2.654562675402132
795 2.654562675402132
796 0.1
797 0.1
798 0.1
799 3.933266898299409
800 3.933266898299409
801 3.933266898299409
802 4.720797043145943
803 3.635669254668148
804 3.635669254668148
805 3.635669254668148
806 0.7473302077029533
807 0.7473302077029533
808 0.7473302077029533
809 3.946438149787424
810 3.946438149787424
811 3.946438149787424
812 1.5549582799701966
813 1.5549582799701966
814 1.5549582799701966
815 2.2661471587950204
816 2.2661471587950204
817 2.2661471587950204
818 2.9448741574578126
819 2.9448741574578126
820 2.9448741574578126
821 3.870918006845759
822 3.870918006845759
823 3.870918006845759
824 2.632405326516771
825 2.632405326516771
826 2.632405326516771
827 0.9902247566780538
828 0.9902247566780538
829 0.9902247566780538
830 0.3184648854309118
831 0.3184648854309118
832 0.3184648854309118
833 1.3792594553865287
834 1.3792594553865287
835 1.3265509954106887
836 1.7186190307551783
837 1.7186190307551783
838 1.7186190307551783
839 2.6884287788376495
840 2.6884287788376495
841 2.6884287788376495
842 1.1878355637108355
843 1.1878355637108355
844 1.1878355637108355
845 1.5411788978101393
846 1.5411788978101393
847 1.5411788978101393
848 0.3851074582075955
849 0.3851074582075955
850 0.3851074582075955
851 2.6211304089440084
852 2.6211304089440084
853 2.6211304089440084
854 0.1
855 0.1
856 0.1
857 0.8094549488205022
858 0.8094549488205022
859 0.8094549488205022
860 3.198492549853531
861 3.198492549853531
862 3.198492549853531
863 1.2290614777867432
864 1.2290614777867432
865 1.2290614777867432
866 1.1864430564631934
867 1.1864430564631934
868 1.1864430564631934
869 0.7495306402349248
870 0.7495306402349248
871 0.7495306402349248
872 0.6276316222536472
873 0.6276316222536472
874 0.6276316222536472
875 0.6775830378453424
876 0.6775830378453424
877 0.6775830378453424
878 2.6022857558405974
879 2.6022857558405974
880 2.6022857558405974
881 2.0864200449305628
882 2.0864200449305628
883 2.0864200449305628
884 2.553315322346246
885 2.553315322346246
886 2.553315322346246
887 1.764243442965179
888 1.764243442965179
889 1.764243442965179
890 1.8157954313182116
891 1.8157954313182116
892 1.8157954313182116
893 1.8337813875890423
894 1.8337813875890423
895 4.657772880805247
896 4.657772880805247
897 4.657772880805247
898 4.387790849337403
899 4.387790849337403
900 4.387790849337403
901 4.78989582978413
902 4.78989582978413
903 2.6303034528323885
904 2.6303034528323885
905 2.6303034528323885
906 2.146921718942925
907 2.146921718942925
908 2.146921718942925
909 2.472010928030962
910 2.472010928030962
911 2.472010928030962
912 1.286222143656666
913 1.286222143656666
914 2.2971883427861908
915 2.2971883427861908
916 2.2971883427861908
917 2.899293221303963
918 2.899293221303963
919 2.899293221303963
920 2.039057117405786
921 2.039057117405786
922 2.039057117405786
923 1.6219356586939004
924 1.6219356586939004
925 1.6219356586939004
926 3.2133338271293654
927 3.2133338271293654
928 3.2133338271293654
929 1.4237062522684099
930 1.4237062522684099
931 1.4237062522684099
932 2.745102786877552
933 2.745102786877552
934 2.745102786877552
935 2.062179415855566
936 2.062179415855566
937 2.062179415855566
938 1.6465830511144541
939 1.6465830511144541
940 1.6465830511144541
941 0.8108173341896354
942 0.8108173341896354
943 0.8108173341896354
944 1.4355505328446232
945 1.4355505328446232
946 1.4355505328446232
947 2.7399324696239926
948 2.7399324696239926
949 2.7399324696239926
950 2.225748898050083
951 2.225748898050083
952 2.225748898050083
953 1.6049432190086077
954 1.6049432190086077
955 1.6049432190086077
956 1.229274711691702
957 1.229274711691702
958 1.229274711691702
959 1.4595098826392658
960 1.4595098826392658
961 1.4595098826392658
962 2.2955888763792216
963 2.2955888763792216
964 0.49255455726579866
965 0.49255455726579866
966 0.49255455726579866
967 0.6294507859315609
968 0.6294507859315609
969 0.6294507859315609
970 0.8228524923659803
971 0.8228524923659803
972 0.8228524923659803
973 0.5389272406730491
974 0.5389272406730491
975 0.5389272406730491
976 0.6307578430086576
977 0.6307578430086576
978 0.6307578430086576
979 0.5367358162405942
980 0.5367358162405942
981 0.5367358162405942
982 0.6983718296513403
983 0.6983718296513403
984 0.6983718296513403
985 0.5679525853426027
986 0.5679525853426027
987 0.5679525853426027
988 0.6383267575791786
989 0.6383267575791786
990 0.6383267575791786
991 0.8497914143515108
992 0.8497914143515108
993 0.8497914143515108
994 1.2520084987854467
995 1.2520084987854467
996 1.2520084987854467
997 0.5517362171709634
998 0.5517362171709634
999 0.5517362171709634
1000 0.5540193966556609
1001 0.5540193966556609
1002 0.5540193966556609
1003 0.5543034559157793
1004 0.5543034559157793
1005 0.5543034559157793
1006 0.7151900422371333
1007 0.7151900422371333
1008 0.7151900422371333
1009 0.15543548406428753
1010 0.15543548406428753
1011 2.560078999665619
1012 2.560078999665619
1013 2.560078999665619
1014 2.563687212144992
1015 2.563687212144992
1016 2.563687212144992
1017 0.7662299937586514
1018 0.7662299937586514
1019 0.7662299937586514
1020 5.505088527942883
1021 5.505088527942883
1022 5.505088527942883
1023 2.604549164998888
1024 2.604549164998888
1025 2.604549164998888
1026 3.5374592740112756
1027 3.5374592740112756
1028 3.5374592740112756
1029 3.929190629319816
1030 3.929190629319816
1031 3.929190629319816
1032 2.4709504583111825
1033 2.4709504583111825
1034 2.4709504583111825
1035 3.427444035323813
1036 3.427444035323813
1037 3.427444035323813
1038 2.005641829369389
1039 2.005641829369389
1040 2.005641829369389
1041 3.594886829373692
1042 3.594886829373692
1043 3.594886829373692
1044 3.5536707795487503
1045 3.5536707795487503
1046 3.5536707795487503
1047 2.4505979857111915
1048 2.4505979857111915
1049 2.4505979857111915
1050 4.52024229438266
1051 4.52024229438266
1052 4.52024229438266
1053 3.0210430972356073
1054 3.0210430972356073
1055 3.0210430972356073
1056 1.9799234029402344
1057 1.9799234029402344
1058 1.9799234029402344
1059 5.080803706473865
1060 5.080803706473865
1061 5.080803706473865
1062 0.1969744831797935
1063 0.1969744831797935
1064 0.1969744831797935
1065 3.4092603149460583
1066 3.4092603149460583
1067 3.4092603149460583
1068 2.5483728545602813
1069 2.5483728545602813
1070 2.5483728545602813
1071 2.678748773517805
1072 2.678748773517805
1073 2.678748773517805
1074 4.7332073592475
1075 4.7332073592475
1076 4.7332073592475
1077 5.76281155286882
1078 5.76281155286882
1079 5.76281155286882
1080 0.8073386189450997
1081 0.8073386189450997
1082 0.8073386189450997
1083 2.477697615369959
1084 2.477697615369959
1085 2.477697615369959
1086 3.4570514645073493
1087 3.4570514645073493
1088 3.4570514645073493
1089 5.938561034391302
1090 5.938561034391302
1091 5.938561034391302
1092 0.1
1093 0.1
1094 0.1
1095 1.7420725507161334
1096 1.7420725507161334
1097 1.7420725507161334
1098 2.3393417594867545
1099 2.3393417594867545
1100 2.3393417594867545
1101 3.9003544787617006
1102 3.9003544787617006
1103 3.9003544787617006
1104 2.540900889953354
1105 2.540900889953354
1106 2.540900889953354
1107 2.9519345355362474
1108 2.9519345355362474
1109 2.9519345355362474
1110 4.4744539859284105
1111 4.4744539859284105
1112 4.4744539859284105
1113 4.355268214816303
1114 4.355268214816303
1115 4.355268214816303
1116 4.565659456515954
1117 4.565659456515954
1118 4.565659456515954
1119 2.8831552817044335
1120 2.8831552817044335
1121 2.8831552817044335
1122 1.2922884802789016
1123 1.2922884802789016
1124 1.2922884802789016
1125 2.28032598174774
1126 2.28032598174774
1127 2.28032598174774
1128 2.0761171113043844
1129 2.0761171113043844
1130 2.0761171113043844
1131 2.5947313682505873
1132 2.5947313682505873
1133 2.5947313682505873
1134 1.99746577252631
1135 1.99746577252631
1136 1.99746577252631
1137 4.095336403907066
1138 4.095336403907066
1139 4.095336403907066
1140 3.2394605945256827
1141 3.2394605945256827
1142 3.2394605945256827
1143 1.2882784736280914
1144 1.2882784736280914
1145 1.2882784736280914
1146 1.9227536731853636
1147 1.9227536731853636
1148 1.9227536731853636
1149 1.0411564220537364
1150 1.0411564220537364
1151 1.0411564220537364
1152 1.2877840020318818
1153 1.2877840020318818
1154 1.2877840020318818
1155 2.447553848008305
1156 2.447553848008305
1157 2.447553848008305
1158 2.483224013846254
1159 2.483224013846254
1160 2.483224013846254
1161 1.8514666242102222
1162 1.8514666242102222
1163 1.8514666242102222
1164 2.119429333637722
1165 2.119429333637722
1166 2.119429333637722
1167 2.0399988733239787
1168 2.0399988733239787
1169 2.0399988733239787
1170 1.3346919440686345
1171 1.3346919440686345
1172 1.3346919440686345
1173 2.809206963419191
1174 2.809206963419191
1175 2.809206963419191
1176 3.1423468254264426
1177 3.1423468254264426
1178 3.1423468254264426
1179 3.0297457589828634
1180 3.0297457589828634
1181 3.0297457589828634
1182 4.174832419760576
1183 4.174832419760576
1184 4.174832419760576
1185 3.222223987777081
1186 3.222223987777081
1187 3.222223987777081
1188 2.7082836755435187
1189 2.7082836755435187
1190 2.7082836755435187
1191 1.7455331785422914
1192 1.7455331785422914
1193 1.7455331785422914
1194 3.0748405619240877
1195 3.0748405619240877
1196 3.0748405619240877
1197 2.9000120705217394
1198 2.9000120705217394
1199 2.9000120705217394
1200 2.0460376137450758
1201 2.0460376137450758
1202 2.0460376137450758
1203 2.09126895167618
1204 2.09126895167618
1205 2.09126895167618
1206 1.6681792139873162
1207 1.6681792139873162
1208 1.6681792139873162
1209 4.188906752324964
1210 4.188906752324964
1211 4.188906752324964
1212 1.6794431932237617
1213 1.6794431932237617
1214 1.6794431932237617
1215 3.7869334845348916
1216 3.7869334845348916
1217 3.7869334845348916
1218 2.865535748215795
1219 2.865535748215795
1220 2.865535748215795
1221 0.7724772785379201
1222 0.7724772785379201
1223 0.7724772785379201
1224 2.289894520819282
1225 2.289894520819282
1226 2.289894520819282
1227 3.508370018384263
1228 3.508370018384263
1229 3.508370018384263
1230 3.262287924179133
1231 3.262287924179133
1232 3.262287924179133
1233 1.314749783441518
1234 1.314749783441518
1235 1.314749783441518
1236 4.9092021103287475
1237 4.9092021103287475
1238 4.9092021103287475
1239 3.124860714122515
1240 3.124860714122515
1241 3.124860714122515
1242 2.6581850879826656
1243 2.6581850879826656
1244 2.6581850879826656
1245 1.5462795156926248
1246 1.5462795156926248
1247 1.5462795156926248
1248 3.1058216675023766
1249 3.1058216675023766
1250 3.1058216675023766
1251 2.605088962907651
1252 2.605088962907651
1253 2.605088962907651
1254 1.809616308601775
1255 1.809616308601775
1256 1.809616308601775
1257 1.441673971283328
1258 1.441673971283328
1259 1.441673971283328
1260 1.366521348467821
1261 1.366521348467821
1262 1.366521348467821
1263 2.4966347638543205
1264 2.4966347638543205
1265 2.4966347638543205
1266 2.567906702762901
1267 2.567906702762901
1268 4.568498715728384
1269 4.568498715728384
1270 4.568498715728384
1271 4.058540457665498
1272 4.058540457665498
1273 4.058540457665498
1274 0.43303095978723416
1275 0.43303095978723416
1276 0.43303095978723416
1277 3.726579685510346
1278 3.726579685510346
1279 3.726579685510346
1280 4.461812722738702
1281 4.461812722738702
1282 4.461812722738702
1283 2.246061252240196
1284 2.246061252240196
1285 2.246061252240196
1286 3.44368232386955
1287 3.44368232386955
1288 3.44368232386955
1289 2.4706039914851288
1290 2.4706039914851288
1291 2.4706039914851288
1292 3.598092079629585
1293 3.598092079629585
1294 3.598092079629585
1295 3.211458301590594
1296 3.211458301590594
1297 3.211458301590594
1298 3.1559389110734672
1299 3.1559389110734672
1300 3.1559389110734672
1301 3.5112723939920323
1302 3.5112723939920323
1303 3.5112723939920323
1304 4.378127210186099
1305 4.378127210186099
1306 5.550067054353408
1307 5.550067054353408
1308 5.550067054353408
1309 5.313803450227548
1310 5.313803450227548
1311 5.313803450227548
1312 4.255310133438969
1313 4.255310133438969
1314 4.255310133438969
1315 4.418975574096791
1316 4.418975574096791
1317 4.418975574096791
1318 3.0882085905460435
1319 3.122477658897166
1320 3.122477658897166
1321 3.122477658897166
1322 0.1
1323 0.1
1324 0.1
1325 3.1512839819940246
1326 3.1512839819940246
1327 3.1512839819940246
1328 4.534866650299823
1329 4.534866650299823
1330 4.534866650299823
1331 5.922692500309655
1332 5.922692500309655
1333 5.922692500309655
1334 3.0482129075154605
1335 3.0482129075154605
1336 1.5777694267930409
1337 1.5777694267930409
1338 1.5777694267930409
1339 1.6334279179721074
1340 1.6334279179721074
1341 1.6334279179721074
1342 1.6664319202647944
1343 1.6664319202647944
1344 1.6664319202647944
1345 0.8246291058173577
1346 0.8246291058173577
1347 0.8246291058173577
1348 0.8076989867934838
1349 0.8076989867934838
1350 0.8076989867934838
1351 0.9553441600000531
1352 1.5115443926674796
1353 1.5115443926674796
1354 1.5115443926674796
1355 1.1700507570349983
1356 1.1700507570349983
1357 1.1700507570349983
1358 1.3345896541403852
1359 1.3345896541403852
1360 1.3345896541403852
1361 0.6710115571040257
1362 0.6710115571040257
1363 0.6710115571040257
1364 0.9203811220501065
1365 0.9203811220501065
1366 0.9203811220501065
1367 1.5496986593809225
1368 1.5496986593809225
1369 1.5496986593809225
1370 1.6938049330807785
1371 1.6938049330807785
1372 1.6938049330807785
1373 0.4225428348320973
1374 0.4225428348320973
1375 0.4225428348320973
1376 1.8875916970276156
1377 1.8875916970276156
1378 2.2049393960811394
1379 2.2049393960811394
1380 2.2049393960811394
1381 0.37169712244800723
1382 0.37169712244800723
1383 0.37169712244800723
1384 1.3527223832464486
1385 1.3527223832464486
1386 1.3527223832464486
1387 1.4847287415168908
1388 1.4847287415168908
1389 1.4847287415168908
1390 1.7448863867649513
1391 1.7448863867649513
1392 1.7448863867649513
1393 0.21506810344753458
1394 0.21506810344753458
1395 0.21506810344753458
1396 0.9201456188751332
1397 1.978183222595359
1398 1.978183222595359
1399 1.978183222595359
1400 0.7520130177947764
1401 0.7520130177947764
1402 0.7520130177947764
1403 1.0863137909327507
1404 1.0863137909327507
1405 1.0863137909327507
1406 1.3688791888853633
1407 1.3688791888853633
1408 1.3688791888853633
1409 0.9591216332331741
1410 0.9591216332331741
1411 0.9591216332331741
1412 1.046097688187849
1413 1.046097688187849
1414 1.046097688187849
1415 1.165482892645439
1416 1.165482892645439
1417 1.165482892645439
1418 0.5533710955047492
1419 0.5533710955047492
1420 0.5533710955047492
1421 0.7077118908211146
1422 0.7077118908211146
1423 0.7077118908211146
1424 1.147665744136411
1425 1.147665744136411
1426 1.147665744136411
1427 2.3926810874167637
1428 2.3926810874167637
1429 2.3926810874167637
1430 1.6214763295271282
1431 1.6214763295271282
1432 1.6214763295271282
1433 0.9379349823408907
1434 0.9379349823408907
1435 0.9379349823408907
1436 0.7522699584768795
1437 0.7522699584768795
1438 0.7522699584768795
1439 1.3401527066173051
1440 1.3401527066173051
1441 1.3401527066173051
1442 0.9827534403085368
1443 0.9827534403085368
1444 0.9827534403085368
1445 0.9694253383093856
1446 0.9694253383093856
1447 0.9694253383093856
1448 1.1497310361785633
1449 1.1497310361785633
1450 6.001086865208462
1451 6.001086865208462
1452 6.001086865208462
1453 1.9329608937841023
1454 1.9329608937841023
1455 1.9329608937841023
1456 5.1402196923910335
1457 5.1402196923910335
1458 5.1402196923910335
1459 3.446589658267761
1460 3.446589658267761
1461 3.446589658267761
1462 4.811517583147587
1463 4.811517583147587
1464 4.811517583147587
1465 4.45510080642571
1466 4.45510080642571
1467 4.45510080642571
1468 6.749297313496039
1469 6.749297313496039
1470 6.749297313496039
1471 6.421646656867095
1472 6.421646656867095
1473 6.421646656867095
1474 4.109008699244053
1475 4.109008699244053
1476 4.109008699244053
1477 1.753626459337829
1478 1.753626459337829
1479 2.615063918091706
1480 0.7962488080100261
1481 0.7962488080100261
1482 0.7962488080100261
1483 0.5082017719588614
1484 0.5082017719588614
1485 0.5082017719588614
1486 0.9763675106709603
1487 0.9763675106709603
1488 0.9763675106709603
1489 1.0299617845563
1490 1.0299617845563
1491 1.0299617845563
1492 0.7728957976730096
1493 0.7728957976730096
1494 0.7728957976730096
1495 0.2819776350699462
1496 0.2819776350699462
1497 0.2819776350699462
1498 0.1
1499 0.1
1500 0.1
1501 0.3240442240245995
1502 0.3240442240245995
1503 0.3240442240245995
1504 0.24100894584315452
1505 0.24100894584315452
1506 0.24100894584315452
1507 0.3427317427437218
1508 0.3427317427437218
1509 0.3427317427437218
1510 0.16566361383473013
1511 0.16566361383473013
1512 0.16566361383473013
1513 0.13986490786311476
1514 0.13986490786311476
1515 0.13986490786311476
1516 0.1
1517 0.1
1518 0.1
1519 0.16162527902881996
1520 0.16162527902881996
1521 0.16162527902881996
1522 0.26647104813603134
1523 0.26647104813603134
1524 0.26647104813603134
1525 0.21958778049269642
1526 0.21958778049269642
1527 0.21958778049269642
1528 0.12240664706176853
1529 0.12240664706176853
1530 0.12240664706176853
1531 0.2088911863400418
1532 0.2088911863400418
1533 0.2088911863400418
1534 0.1813277906496944
1535 0.1813277906496944
1536 0.1813277906496944
1537 0.28101008662197474
1538 0.28101008662197474
1539 0.28101008662197474
1540 0.3325908496897314
1541 0.47095786270201456
1542 0.47095786270201456
1543 0.47095786270201456
1544 0.45258658435735255
1545 0.45258658435735255
1546 0.45258658435735255
1547 0.7925633825818109
1548 0.7925633825818109
1549 0.7925633825818109
1550 0.5661058486143262
1551 0.5661058486143262
1552 0.5661058486143262
1553 0.6070010477840654
1554 0.6070010477840654
1555 0.6070010477840654
1556 0.5830032673844788
1557 0.5830032673844788
1558 0.5830032673844788
1559 0.1
1560 0.1
1561 0.1
1562 0.7254246342966201
1563 0.7254246342966201
1564 0.7254246342966201
1565 0.6450007066224515
1566 0.6450007066224515
1567 0.6450007066224515
1568 0.37890527022441073
1569 0.37890527022441073
1570 0.37890527022441073
1571 0.4292298794364935
1572 0.4292298794364935
1573 0.4292298794364935
1574 1.007745420449051
1575 1.007745420449051
1576 1.007745420449051
1577 0.3562100161132386
1578 0.3562100161132386
1579 0.3562100161132386
1580 0.9669947837243877
1581 0.9669947837243877
1582 0.9669947837243877
1583 0.6213199131348679
1584 0.6213199131348679
1585 0.6213199131348679
1586 0.5888837520785063
1587 0.5888837520785063
1588 0.5888837520785063
1589 0.7765485495820628
1590 0.7765485495820628
1591 0.7765485495820628
1592 1.111159165868124
1593 1.111159165868124
1594 1.111159165868124
1595 0.11655048601031504
1596 0.11655048601031504
1597 0.11655048601031504
1598 0.5723541948536632
1599 0.5723541948536632
1600 0.5723541948536632
1601 0.7620499105597344
1602 0.7620499105597344
1603 0.7620499105597344
1604 0.24827604024431416
1605 0.24827604024431416
1606 0.24827604024431416
1607 0.9176007928674452
1608 0.9176007928674452
1609 0.9176007928674452
1610 0.24732791868752468
1611 0.24732791868752468
1612 0.24732791868752468
1613 2.57026023562068
1614 2.57026023562068
1615 2.57026023562068
1616 4.5612449636565255
1617 4.5612449636565255
1618 4.5612449636565255
1619 1.879003368050181
1620 1.879003368050181
1621 1.879003368050181
1622 2.0653251024875834
1623 2.0653251024875834
1624 2.0653251024875834
1625 2.8552905415897945
1626 2.8552905415897945
1627 2.8552905415897945
1628 2.3026712661321556
1629 2.3026712661321556
1630 2.3026712661321556
1631 2.572304946833872
1632 2.572304946833872
1633 2.572304946833872
1634 1.8711739744036147
1635 1.8711739744036147
1636 1.8711739744036147
1637 4.308012013227214
1638 4.308012013227214
1639 4.308012013227214
1640 2.66053148001888
1641 2.66053148001888
1642 2.66053148001888
1643 3.426256615857378
1644 3.426256615857378
1645 3.426256615857378
1646 6.132582781640234
1647 6.132582781640234
1648 6.132582781640234
1649 4.300652570370188
1650 4.300652570370188
1651 4.300652570370188
1652 2.6558284061389204
1653 2.6558284061389204
1654 2.6558284061389204
1655 3.715731447818859
1656 3.715731447818859
1657 3.715731447818859
1658 3.659325398385905
1659 3.659325398385905
1660 3.659325398385905
1661 2.70030908299601
1662 2.70030908299601
1663 2.70030908299601
1664 3.503811505435395
1665 3.503811505435395
1666 3.503811505435395
1667 4.775891912103319
1668 4.775891912103319
1669 4.775891912103319
1670 2.5823854164918485
1671 2.5823854164918485
1672 2.5823854164918485
1673 3.6438243301242026
1674 3.6438243301242026
1675 3.6438243301242026
1676 4.436426064569749
1677 4.436426064569749
1678 4.436426064569749
1679 0.1
1680 0.1
1681 0.1
1682 2.592786455216088
1683 2.592786455216088
1684 2.592786455216088
1685 3.872749816256019
1686 3.872749816256019
1687 3.872749816256019
1688 1.6836150496573754
1689 1.6836150496573754
1690 1.6836150496573754
1691 5.026261078749007
1692 5.026261078749007
1693 5.026261078749007
1694 2.2571706881368754
1695 2.2571706881368754
1696 2.2571706881368754
1697 0.9969330408682138
1698 0.9969330408682138
1699 0.9969330408682138
1700 1.9269682029542072
1701 1.9269682029542072
1702 1.9269682029542072
1703 3.756802863748213
1704 3.756802863748213
1705 3.756802863748213
1706 1.7712813160703298
1707 1.7712813160703298
1708 1.7712813160703298
1709 3.060272031154465
1710 3.060272031154465
1711 3.060272031154465
1712 1.5826818006902106
1713 1.5826818006902106
1714 1.5826818006902106
1715 2.0615213468364226
1716 2.0615213468364226
1717 2.0615213468364226
1718 1.4835335071601592
1719 1.4835335071601592
1720 1.4835335071601592
1721 2.5923212021878212
1722 2.5923212021878212
1723 2.5923212021878212
1724 1.802101737265343
1725 1.802101737265343
1726 1.802101737265343
1727 1.7279864377506104
1728 1.7279864377506104
1729 1.7279864377506104
1730 1.1821571353738345
1731 1.1821571353738345
1732 0.616103006443249
1733 0.616103006443249
1734 0.616103006443249
1735 0.9336314180317979
1736 0.9336314180317979
1737 0.9336314180317979
1738 1.0856192909325464
1739 1.0856192909325464
1740 1.0856192909325464
1741 0.40798021720299793
1742 0.40798021720299793
1743 0.40798021720299793
1744 0.7664531832872633
1745 0.7664531832872633
1746 0.7664531832872633
1747 1.8689788424071385
1748 1.8689788424071385
1749 1.8689788424071385
1750 1.4460976408153996
1751 1.4460976408153996
1752 1.4460976408153996
1753 2.20256440279341
1754 2.20256440279341
1755 2.20256440279341
1756 1.834509126045007
1757 1.834509126045007
1758 1.834509126045007
1759 1.2809327433840976
1760 1.2809327433840976
1761 1.2809327433840976
1762 1.9882379234542258
1763 1.9882379234542258
1764 1.9882379234542258
1765 0.9951902654122965
1766 0.9951902654122965
1767 0.9951902654122965
1768 0.56299238165186
1769 0.56299238165186
1770 0.56299238165186
1771 1.1934162082545567
1772 1.1934162082545567
1773 1.1934162082545567
1774 1.5484288672196744
1775 1.5484288672196744
1776 1.5484288672196744
1777 1.0950580488944486
1778 1.0950580488944486
1779 1.0950580488944486
1780 2.5761930953181147
1781 2.5761930953181147
1782 2.5761930953181147
1783 0.8283115520109484
1784 0.8283115520109484
1785 0.8283115520109484
1786 2.093378917033922
1787 2.093378917033922
1788 2.093378917033922
1789 2.0009397137336826
1790 2.0009397137336826
1791 2.0009397137336826
1792 2.283404217750636
1793 2.283404217750636
1794 2.283404217750636
1795 1.1416544971194562
1796 1.1416544971194562
1797 1.1416544971194562
1798 1.4069634448261565
1799 1.4069634448261565
1800 1.4069634448261565
1801 0.5854961842122031
1802 0.5854961842122031
1803 0.5854961842122031
1804 1.0581503459468107
1805 1.0581503459468107
1806 1.0581503459468107
1807 1.2034135596284767
1808 1.2034135596284767
1809 1.2034135596284767
1810 1.7435730899131012
1811 1.7435730899131012
1812 1.7435730899131012
1813 1.720640272108146
1814 1.720640272108146
1815 1.720640272108146
1816 1.7419886812556855
1817 1.7419886812556855
1818 1.7419886812556855
1819 2.1126385715464098
1820 2.1126385715464098
1821 2.1126385715464098
1822 1.928947660648045
1823 1.928947660648045
1824 0.7275133512605834
1825 0.7275133512605834
1826 0.7275133512605834
1827 4.174736739510936
1828 4.174736739510936
1829 4.174736739510936
1830 2.562030822541578
1831 2.562030822541578
1832 2.562030822541578
1833 3.822163627562278
1834 3.822163627562278
1835 3.822163627562278
1836 5.237686601814038
1837 5.237686601814038
1838 5.237686601814038
1839 5.875945141690801
1840 5.875945141690801
1841 5.875945141690801
1842 3.907039307243512
1843 3.907039307243512
1844 3.907039307243512
1845 4.445966652300006
1846 4.445966652300006
1847 4.445966652300006
1848 4.83807828200527
1849 4.83807828200527
1850 4.83807828200527
1851 4.75014155660023
1852 4.75014155660023
1853 4.75014155660023
1854 7.00608703361565
1855 7.00608703361565
1856 7.00608703361565
1857 0.9119082625085899
1858 0.9119082625085899
1859 0.9119082625085899
1860 3.817226560163575
1861 3.817226560163575
1862 3.817226560163575
1863 5.662875810174195
1864 5.662875810174195
1865 5.662875810174195
1866 4.538703168817963
1867 4.538703168817963
1868 4.538703168817963
1869 4.239663948410166
1870 4.239663948410166
1871 4.239663948410166
1872 4.673095451016868
1873 4.673095451016868
1874 4.673095451016868
1875 3.331500400310416
1876 3.331500400310416
1877 3.331500400310416
1878 1.9726726437853905
1879 1.9726726437853905
1880 1.9726726437853905
1881 2.519620236380855
1882 2.519620236380855
1883 2.519620236380855
1884 3.7816322631262334
1885 3.7816322631262334
1886 3.7816322631262334
1887 1.0921039003712987
1888 1.0921039003712987
1889 1.0921039003712987
1890 1.2352333726205111
1891 1.2352333726205111
1892 1.2352333726205111
1893 1.1284028208860382
1894 1.1284028208860382
1895 1.1284028208860382
1896 1.123712080194619
1897 1.123712080194619
1898 1.123712080194619
1899 1.0589532506254784
1900 1.0589532506254784
1901 1.0589532506254784
1902 0.9494894453699761
1903 0.9494894453699761
1904 0.9494894453699761
1905 0.9302446822693298
1906 0.9302446822693298
1907 0.9302446822693298
1908 0.9601382714304157
1909 0.9601382714304157
1910 0.9601382714304157
1911 0.6413770858618899
1912 0.6413770858618899
1913 0.6413770858618899
1914 0.7188336452175679
1915 0.7188336452175679
1916 0.7188336452175679
1917 0.9219848255993823
1918 0.9219848255993823
1919 0.9219848255993823
1920 1.0201415802842657
1921 1.0201415802842657
1922 1.0201415802842657
1923 1.0356043202059162
1924 1.0356043202059162
1925 1.0356043202059162
1926 1.512905651741716
1927 1.512905651741716
1928 1.512905651741716
1929 1.3572967804162201
1930 1.3572967804162201
1931 1.3572967804162201
1932 1.4657925420583264
1933 1.4657925420583264
1934 1.4657925420583264
1935 1.5479579876486445
1936 1.5479579876486445
1937 1.5479579876486445
1938 1.3017007405988805
1939 1.3017007405988805
1940 1.3017007405988805
1941 1.8528808651422728
1942 1.8528808651422728
1943 1.8528808651422728
1944 1.1844025064730852
1945 1.1844025064730852
1946 4.25478245501421
1947 4.25478245501421
1948 4.25478245501421
1949 2.4693778084289333
1950 0.5968306184175158
1951 0.5968306184175158
1952 0.5968306184175158
1953 0.392005407978176
1954 0.392005407978176
1955 0.392005407978176
1956 0.45214523444890387
1957 0.45214523444890387
1958 0.45214523444890387
1959 0.7295223599868667
1960 0.7295223599868667
1961 0.7295223599868667
1962 0.7003055283445287
1963 0.7003055283445287
1964 0.7003055283445287
1965 0.41859639405490146
1966 0.41859639405490146
1967 0.41859639405490146
1968 0.8459987249069061
1969 0.8459987249069061
1970 0.8459987249069061
1971 1.0791263780647904
1972 1.0791263780647904
1973 1.0791263780647904
1974 0.39925263709889824
1975 0.39925263709889824
1976 0.39925263709889824
1977 0.34291533118295187
1978 0.34291533118295187
1979 0.34291533118295187
1980 0.6518728431322164
1981 2.3815062551443407
1982 2.3815062551443407
1983 2.3815062551443407
1984 3.02689691324954
1985 3.02689691324954
1986 3.02689691324954
1987 3.411809149707614
1988 3.411809149707614
1989 3.411809149707614
1990 3.2672108135402
1991 3.2672108135402
1992 3.2672108135402
1993 1.6903488025644127
1994 1.6903488025644127
1995 1.6903488025644127
1996 2.536409575749591
1997 2.536409575749591
1998 2.536409575749591
1999 1.8865068007779082
