0 1.143614704009619
1 1.143614704009619
2 1.143614704009619
3 1.143614704009619
4 1.143614704009619
5 0.9594110386905512
6 0.9594110386905512
7 0.9594110386905512
8 0.9594110386905512
9 0.9594110386905512
10 1.215223024733369
11 1.215223024733369
12 1.215223024733369
13 1.215223024733369
14 1.215223024733369
15 1.2457225430125536
16 1.2457225430125536
17 1.2457225430125536
18 1.2457225430125536
19 1.2457225430125536
20 0.8352457943942775
21 0.8352457943942775
22 0.8352457943942775
23 0.8352457943942775
24 0.8352457943942775
25 1.0841596669033702
26 1.0841596669033702
27 1.0841596669033702
28 1.0841596669033702
29 1.0841596669033702
30 1.1451938482192354
31 1.1451938482192354
32 1.1451938482192354
33 1.1451938482192354
34 1.1451938482192354
35 0.9553042507886433
36 0.9553042507886433
37 0.9553042507886433
38 0.9553042507886433
39 0.9553042507886433
40 1.2103326692056557
41 1.2103326692056557
42 1.2103326692056557
43 1.2103326692056557
44 1.2103326692056557
45 1.1946451118453945
46 1.1946451118453945
47 1.1946451118453945
48 2.434005125231029
49 2.434005125231029
50 2.434005125231029
51 2.434005125231029
52 2.434005125231029
53 2.443865839306452
54 2.443865839306452
55 2.443865839306452
56 2.443865839306452
57 2.443865839306452
58 2.5985171599879826
59 2.5985171599879826
60 2.5985171599879826
61 2.5985171599879826
62 2.5985171599879826
63 2.3419307238388773
64 2.3419307238388773
65 2.3419307238388773
66 2.3419307238388773
67 2.3419307238388773
68 2.2530004109294692
69 2.2530004109294692
70 2.2530004109294692
71 2.2530004109294692
72 2.2530004109294692
73 2.5522855330524785
74 2.5522855330524785
75 2.5522855330524785
76 2.5522855330524785
77 2.5522855330524785
78 2.223775534946505
79 2.223775534946505
80 2.223775534946505
81 2.223775534946505
82 2.223775534946505
83 2.261407245601339
84 2.261407245601339
85 2.261407245601339
86 2.261407245601339
87 2.261407245601339
88 2.4455995036794045
89 2.4455995036794045
90 2.4455995036794045
91 2.4455995036794045
92 2.4455995036794045
93 2.8182679283302927
94 2.8182679283302927
95 2.8182679283302927
96 2.8182679283302927
97 2.8182679283302927
98 2.7976719878817606
99 2.7976719878817606
100 2.7976719878817606
101 2.7976719878817606
102 2.7976719878817606
103 2.4198222699600005
104 2.4198222699600005
105 2.4198222699600005
106 2.4198222699600005
107 2.4198222699600005
108 2.261723406835979
109 2.191915396893019
110 2.191915396893019
111 2.191915396893019
112 2.191915396893019
113 2.191915396893019
114 2.8583486250561165
115 2.8583486250561165
116 2.8583486250561165
117 2.8583486250561165
118 2.8583486250561165
119 1.822099803282955
120 1.822099803282955
121 1.822099803282955
122 1.822099803282955
123 1.822099803282955
124 1.6753746294296614
125 1.6753746294296614
126 1.6753746294296614
127 1.6753746294296614
128 1.6753746294296614
129 1.8379233156538566
130 1.8379233156538566
131 1.8379233156538566
132 1.8379233156538566
133 1.8379233156538566
134 1.9555629104601067
135 1.9555629104601067
136 1.9555629104601067
137 1.9555629104601067
138 1.9555629104601067
139 2.13243856265943
140 2.13243856265943
141 2.13243856265943
142 2.13243856265943
143 2.13243856265943
144 2.145990594014038
145 2.145990594014038
146 2.145990594014038
147 2.145990594014038
148 2.145990594014038
149 1.80342648444678
150 1.80342648444678
151 1.80342648444678
152 1.80342648444678
153 1.80342648444678
154 2.2678056426010498
155 2.2678056426010498
156 2.2678056426010498
157 2.2678056426010498
158 0.9758434803803736
159 1.829826473117706
160 1.829826473117706
161 1.829826473117706
162 1.829826473117706
163 1.829826473117706
164 2.060424317409739
165 2.060424317409739
166 2.060424317409739
167 2.060424317409739
168 2.060424317409739
169 2.0074985830110967
170 2.0074985830110967
171 2.0074985830110967
172 2.0074985830110967
173 2.0074985830110967
174 1.85769630662322
175 1.85769630662322
176 1.85769630662322
177 1.85769630662322
178 1.85769630662322
179 2.709913475703849
180 2.709913475703849
181 2.709913475703849
182 2.709913475703849
183 2.709913475703849
184 2.330054687552085
185 2.330054687552085
186 2.330054687552085
187 2.330054687552085
188 2.330054687552085
189 1.980590261833717
190 1.980590261833717
191 1.980590261833717
192 1.980590261833717
193 1.980590261833717
194 1.410968531234651
195 1.410968531234651
196 1.410968531234651
197 1.410968531234651
198 1.410968531234651
199 2.104706483922577
200 2.104706483922577
201 2.104706483922577
202 2.104706483922577
203 2.104706483922577
204 1.8302773522111524
205 1.8302773522111524
206 1.8302773522111524
207 1.8302773522111524
208 1.8302773522111524
209 2.436972180908773
210 2.436972180908773
211 2.436972180908773
212 2.436972180908773
213 2.436972180908773
214 1.7992871798175971
215 1.7992871798175971
216 1.7992871798175971
217 1.7992871798175971
218 1.7992871798175971
219 2.2304778964837144
220 2.2304778964837144
221 2.2304778964837144
222 2.2304778964837144
223 2.2304778964837144
224 2.208721459319649
225 2.208721459319649
226 2.208721459319649
227 2.208721459319649
228 2.208721459319649
229 2.083622655657274
230 2.083622655657274
231 2.083622655657274
232 2.083622655657274
233 2.083622655657274
234 2.0611367342148847
235 2.0611367342148847
236 2.0611367342148847
237 2.0611367342148847
238 2.0611367342148847
239 1.8395194928365803
240 1.8395194928365803
241 1.8395194928365803
242 1.8395194928365803
243 1.8395194928365803
244 1.7005158503117475
245 1.7005158503117475
246 1.7005158503117475
247 1.7005158503117475
248 1.7005158503117475
249 2.125192821444443
250 2.125192821444443
251 2.125192821444443
252 2.125192821444443
253 2.125192821444443
254 2.1377678566817244
255 2.1377678566817244
256 2.1377678566817244
257 2.1377678566817244
258 2.1377678566817244
259 1.7084155093496742
260 1.7084155093496742
261 1.7084155093496742
262 1.7084155093496742
263 1.7084155093496742
264 2.872596076881528
265 2.872596076881528
266 2.872596076881528
267 2.872596076881528
268 2.872596076881528
269 2.1576082178103593
270 2.1576082178103593
271 2.1576082178103593
272 2.1576082178103593
273 2.1576082178103593
274 2.0739089858594935
275 2.0739089858594935
276 2.0739089858594935
277 2.0739089858594935
278 2.0739089858594935
279 2.1359534159743494
280 2.1359534159743494
281 2.1359534159743494
282 2.1359534159743494
283 2.1359534159743494
284 1.8531326599917681
285 1.8531326599917681
286 1.8531326599917681
287 1.8531326599917681
288 1.8531326599917681
289 1.9839985027696982
290 1.9839985027696982
291 1.9839985027696982
292 1.9839985027696982
293 1.9839985027696982
294 2.323065032460279
295 2.323065032460279
296 0.748607207094941
297 0.748607207094941
298 0.748607207094941
299 0.748607207094941
300 0.748607207094941
301 0.7595871196669971
302 0.7595871196669971
303 2.2486418431496533
304 2.2486418431496533
305 2.2486418431496533
306 2.2486418431496533
307 2.2486418431496533
308 3.31086891040455
309 3.31086891040455
310 3.31086891040455
311 3.31086891040455
312 3.31086891040455
313 2.9091344016011265
314 2.9091344016011265
315 2.9091344016011265
316 2.9091344016011265
317 2.9091344016011265
318 2.848380470752426
319 2.848380470752426
320 2.848380470752426
321 2.848380470752426
322 2.848380470752426
323 2.8294889644274495
324 2.8294889644274495
325 2.8294889644274495
326 2.8294889644274495
327 1.2428792735450591
328 1.2428792735450591
329 1.2428792735450591
330 1.2428792735450591
331 1.2428792735450591
332 0.8822809887939266
333 0.8822809887939266
334 0.8822809887939266
335 0.8822809887939266
336 0.8822809887939266
337 1.2699052261938628
338 2.228172843892047
339 2.228172843892047
340 2.228172843892047
341 2.228172843892047
342 2.228172843892047
343 2.145402013772746
344 3.808211371918686
345 3.808211371918686
346 3.808211371918686
347 3.808211371918686
348 3.808211371918686
349 4.365899673894474
350 4.365899673894474
351 4.365899673894474
352 4.365899673894474
353 4.365899673894474
354 3.4407509734959163
355 3.4407509734959163
356 3.4407509734959163
357 3.4407509734959163
358 3.4407509734959163
359 4.178982171798463
360 4.178982171798463
361 4.178982171798463
362 4.178982171798463
363 4.178982171798463
364 3.745388592011203
365 3.745388592011203
366 3.745388592011203
367 3.745388592011203
368 3.745388592011203
369 3.483846025297728
370 3.483846025297728
371 3.483846025297728
372 3.483846025297728
373 3.483846025297728
374 4.719952958256909
375 4.719952958256909
376 4.719952958256909
377 4.719952958256909
378 4.719952958256909
379 3.124257245688308
380 1.1651176398927956
381 1.1651176398927956
382 1.1651176398927956
383 1.1651176398927956
384 1.1651176398927956
385 2.012519081092842
386 2.012519081092842
387 2.012519081092842
388 2.012519081092842
389 2.012519081092842
390 1.584974857898281
391 1.584974857898281
392 1.584974857898281
393 1.584974857898281
394 1.584974857898281
395 2.0626696213867834
396 2.0626696213867834
397 2.0626696213867834
398 2.0626696213867834
399 2.0626696213867834
400 1.3697100192298421
401 1.3697100192298421
402 1.3697100192298421
403 1.3697100192298421
404 1.3697100192298421
405 1.4171907682731684
406 1.4171907682731684
407 1.4171907682731684
408 1.4171907682731684
409 1.4171907682731684
410 1.6451251478779743
411 1.6451251478779743
412 1.6451251478779743
413 1.6451251478779743
414 1.6451251478779743
415 1.9296187833494676
416 1.9296187833494676
417 1.9296187833494676
418 1.9296187833494676
419 1.9296187833494676
420 2.034566053499147
421 2.034566053499147
422 2.034566053499147
423 2.034566053499147
424 2.034566053499147
425 1.7425500990370024
426 1.7425500990370024
427 1.7425500990370024
428 1.7425500990370024
429 1.7425500990370024
430 1.4078598820105634
431 1.4078598820105634
432 1.4078598820105634
433 1.4078598820105634
434 1.4078598820105634
435 1.7173946245119305
436 1.7173946245119305
437 1.7173946245119305
438 1.7173946245119305
439 1.7173946245119305
440 1.2263158584810823
441 1.2263158584810823
442 1.2263158584810823
443 1.2263158584810823
444 1.2263158584810823
445 1.6131201022868609
446 1.6131201022868609
447 1.6131201022868609
448 1.6131201022868609
449 1.6131201022868609
450 1.4245552663382042
451 1.4245552663382042
452 1.4245552663382042
453 1.4245552663382042
454 1.4245552663382042
455 1.5881574313899969
456 1.5881574313899969
457 1.5881574313899969
458 1.5881574313899969
459 1.5881574313899969
460 1.4600934716315093
461 1.4600934716315093
462 1.4600934716315093
463 1.4600934716315093
464 1.4600934716315093
465 2.1499709394960913
466 2.1499709394960913
467 2.1499709394960913
468 2.1499709394960913
469 2.1499709394960913
470 1.4358561093158648
471 1.4358561093158648
472 1.4358561093158648
473 1.4358561093158648
474 1.4358561093158648
475 1.2791344816878971
476 1.2791344816878971
477 1.2791344816878971
478 1.2791344816878971
479 1.2791344816878971
480 1.663698945645414
481 1.663698945645414
482 1.663698945645414
483 1.663698945645414
484 1.663698945645414
485 1.763732859716935
486 1.763732859716935
487 1.763732859716935
488 0.19486238048324794
489 0.19486238048324794
490 0.19486238048324794
491 0.19486238048324794
492 3.521215876229204
493 3.521215876229204
494 3.521215876229204
495 3.521215876229204
496 3.521215876229204
497 2.9151477981692326
498 2.9151477981692326
499 2.9151477981692326
500 2.9151477981692326
501 2.9151477981692326
502 3.3407550373002874
503 3.3407550373002874
504 3.3407550373002874
505 3.3407550373002874
506 3.3407550373002874
507 2.7030094792248036
508 2.7030094792248036
509 2.7030094792248036
510 2.7030094792248036
511 2.7030094792248036
512 2.905170512814372
513 2.905170512814372
514 2.905170512814372
515 2.905170512814372
516 2.905170512814372
517 3.2673195064700025
518 3.2673195064700025
519 3.2673195064700025
520 3.2673195064700025
521 3.2673195064700025
522 1.0160386815234717
523 1.0160386815234717
524 1.0160386815234717
525 1.0160386815234717
526 1.0160386815234717
527 1.1447464231387514
528 1.1447464231387514
529 1.1447464231387514
530 1.1447464231387514
531 1.1447464231387514
532 0.9686951881462316
533 0.9686951881462316
534 0.9686951881462316
535 0.9686951881462316
536 0.9686951881462316
537 1.0982514739605351
538 1.0982514739605351
539 1.0982514739605351
540 1.0982514739605351
541 1.0982514739605351
542 1.2930927074993164
543 1.2930927074993164
544 0.5589215903086976
545 0.5589215903086976
546 0.5589215903086976
547 0.5589215903086976
548 0.5589215903086976
549 0.5141091942779129
550 0.5141091942779129
551 0.5141091942779129
552 0.5141091942779129
553 0.5141091942779129
554 0.6006457506578313
555 0.6006457506578313
556 0.6006457506578313
557 0.6006457506578313
558 0.6006457506578313
559 0.8553321345279185
560 0.8553321345279185
561 0.8553321345279185
562 0.8553321345279185
563 0.8553321345279185
564 0.5883673862941303
565 0.5883673862941303
566 0.5883673862941303
567 0.5883673862941303
568 0.5883673862941303
569 0.5730927081980557
570 0.5730927081980557
571 0.5730927081980557
572 0.5730927081980557
573 0.5730927081980557
574 0.721506532164617
575 0.721506532164617
576 0.721506532164617
577 0.721506532164617
578 0.721506532164617
579 0.5347910581522265
580 0.5347910581522265
581 0.5347910581522265
582 0.5347910581522265
583 0.5347910581522265
584 0.737147811010002
585 3.691370879888689
586 3.691370879888689
587 3.691370879888689
588 3.691370879888689
589 3.691370879888689
590 3.678982731181935
591 3.678982731181935
592 3.678982731181935
593 3.678982731181935
594 3.678982731181935
595 4.437773898891136
596 4.437773898891136
597 4.437773898891136
598 4.437773898891136
599 4.437773898891136
600 3.867599836322513
601 3.867599836322513
602 3.867599836322513
603 3.867599836322513
604 3.867599836322513
605 4.480081250214516
606 4.480081250214516
607 4.480081250214516
608 4.480081250214516
609 4.480081250214516
610 3.8298644300213667
611 3.8298644300213667
612 3.8298644300213667
613 3.8298644300213667
614 3.8298644300213667
615 3.4150926148862553
616 3.4150926148862553
617 3.4150926148862553
618 3.4150926148862553
619 3.4150926148862553
620 3.2985006389390543
621 3.2985006389390543
622 3.2985006389390543
623 3.2985006389390543
624 3.2985006389390543
625 3.5149042339151197
626 3.5149042339151197
627 3.5149042339151197
628 3.5149042339151197
629 3.5149042339151197
630 3.895470918865608
631 3.895470918865608
632 3.895470918865608
633 3.895470918865608
634 3.895470918865608
635 3.5668957066442135
636 3.5668957066442135
637 3.5668957066442135
638 3.5668957066442135
639 3.5668957066442135
640 4.505967283398512
641 4.505967283398512
642 4.505967283398512
643 4.505967283398512
644 4.505967283398512
645 4.5976304251672495
646 4.5976304251672495
647 4.5976304251672495
648 2.8274780637317254
649 2.8274780637317254
650 2.8274780637317254
651 2.8274780637317254
652 2.8274780637317254
653 2.1184480799690077
654 2.1184480799690077
655 2.1184480799690077
656 2.1184480799690077
657 2.1184480799690077
658 2.8654724146740533
659 2.8654724146740533
660 2.8654724146740533
661 2.8654724146740533
662 2.8654724146740533
663 2.8690891762661876
664 2.8690891762661876
665 2.8690891762661876
666 2.8690891762661876
667 2.8690891762661876
668 2.6816736352532993
669 2.6816736352532993
670 2.6816736352532993
671 2.6816736352532993
672 2.6816736352532993
673 2.344881060694848
674 2.344881060694848
675 2.344881060694848
676 2.344881060694848
677 2.344881060694848
678 2.5722831926074172
679 2.5722831926074172
680 2.5722831926074172
681 2.5722831926074172
682 2.5722831926074172
683 2.371416701731869
684 2.371416701731869
685 2.371416701731869
686 2.371416701731869
687 2.371416701731869
688 1.990799295323992
689 5.536998322698925
690 5.536998322698925
691 5.536998322698925
692 5.536998322698925
693 5.536998322698925
694 4.75934551309572
695 4.75934551309572
696 4.75934551309572
697 4.75934551309572
698 4.75934551309572
699 4.943342661709968
700 4.943342661709968
701 4.943342661709968
702 4.943342661709968
703 4.943342661709968
704 2.7888015416953396
705 2.7888015416953396
706 2.7888015416953396
707 2.7888015416953396
708 2.7888015416953396
709 4.743774536276549
710 4.743774536276549
711 4.743774536276549
712 4.743774536276549
713 1.750416081937947
714 1.750416081937947
715 1.750416081937947
716 1.750416081937947
717 1.750416081937947
718 2.616742209128828
719 2.616742209128828
720 2.616742209128828
721 2.616742209128828
722 2.616742209128828
723 1.7503005128795168
724 1.7503005128795168
725 1.7503005128795168
726 1.7503005128795168
727 1.7503005128795168
728 2.029568831610763
729 2.029568831610763
730 2.029568831610763
731 2.029568831610763
732 2.029568831610763
733 1.7361898594250436
734 1.7361898594250436
735 1.7361898594250436
736 1.7361898594250436
737 1.7361898594250436
738 2.165041584821967
739 2.165041584821967
740 2.165041584821967
741 2.165041584821967
742 2.165041584821967
743 1.9938746759299404
744 1.9938746759299404
745 1.9938746759299404
746 1.9938746759299404
747 1.9938746759299404
748 1.754441563838896
749 1.754441563838896
750 1.754441563838896
751 1.754441563838896
752 1.754441563838896
753 2.331141455630127
754 2.331141455630127
755 2.331141455630127
756 2.331141455630127
757 2.331141455630127
758 1.7182075774279353
759 1.7182075774279353
760 1.7182075774279353
761 1.7182075774279353
762 1.7182075774279353
763 1.9972719232200062
764 1.9972719232200062
765 1.9972719232200062
766 1.9972719232200062
767 1.9972719232200062
768 2.4350494423155373
769 2.4350494423155373
770 2.4350494423155373
771 2.4350494423155373
772 2.4350494423155373
773 2.222549294821265
774 2.222549294821265
775 2.222549294821265
776 2.222549294821265
777 2.222549294821265
778 2.619114815192476
779 2.619114815192476
780 2.619114815192476
781 2.619114815192476
782 2.619114815192476
783 1.7756338809150152
784 1.7756338809150152
785 1.7756338809150152
786 1.7756338809150152
787 1.7756338809150152
788 1.7039222432570396
789 1.0996760027125971
790 1.0996760027125971
791 1.0996760027125971
792 1.0996760027125971
793 1.0996760027125971
794 1.1192038001179785
795 1.1192038001179785
796 1.1192038001179785
797 1.1192038001179785
798 1.1192038001179785
799 1.167898723918641
800 1.167898723918641
801 1.167898723918641
802 1.167898723918641
803 1.167898723918641
804 1.4379304925977392
805 1.4379304925977392
806 1.4379304925977392
807 1.4379304925977392
808 1.4379304925977392
809 1.140484660640904
810 1.140484660640904
811 1.140484660640904
812 1.140484660640904
813 1.140484660640904
814 1.035577095691631
815 1.035577095691631
816 1.035577095691631
817 1.035577095691631
818 1.035577095691631
819 0.8629536662692999
820 0.8629536662692999
821 0.8629536662692999
822 0.8629536662692999
823 0.8629536662692999
824 1.1165211611634027
825 1.1165211611634027
826 1.1165211611634027
827 1.1165211611634027
828 1.1165211611634027
829 0.9817528493883525
830 0.9817528493883525
831 0.9817528493883525
832 0.9817528493883525
833 0.9817528493883525
834 1.0319263932146439
835 1.0319263932146439
836 1.0319263932146439
837 1.0319263932146439
838 1.0319263932146439
839 0.8835618349078752
840 3.0515573709971577
841 3.0515573709971577
842 3.0515573709971577
843 3.0515573709971577
844 3.0515573709971577
845 3.619866992408211
846 3.619866992408211
847 3.619866992408211
848 3.619866992408211
849 3.619866992408211
850 2.667618390034887
851 2.667618390034887
852 2.667618390034887
853 2.667618390034887
854 2.667618390034887
855 2.725951080128966
856 2.725951080128966
857 2.725951080128966
858 2.725951080128966
859 2.725951080128966
860 3.08643271427536
861 3.08643271427536
862 3.08643271427536
863 3.08643271427536
864 3.08643271427536
865 2.7223746136474216
866 2.7223746136474216
867 2.7223746136474216
868 2.6238195089041625
869 2.6238195089041625
870 2.6238195089041625
871 2.6238195089041625
872 2.6238195089041625
873 3.166061988408555
874 3.166061988408555
875 3.166061988408555
876 3.166061988408555
877 3.166061988408555
878 3.344885080234877
879 3.344885080234877
880 3.344885080234877
881 3.344885080234877
882 3.344885080234877
883 2.421346852580144
884 2.421346852580144
885 2.421346852580144
886 2.421346852580144
887 2.421346852580144
888 3.358007930183363
889 3.358007930183363
890 3.358007930183363
891 3.358007930183363
892 3.358007930183363
893 2.580090471441703
894 2.580090471441703
895 2.580090471441703
896 2.580090471441703
897 2.580090471441703
898 2.636142371601454
899 2.636142371601454
900 0.9254104902301277
901 0.9254104902301277
902 0.9254104902301277
903 0.9254104902301277
904 0.9254104902301277
905 1.3759244566478888
906 1.3759244566478888
907 1.3759244566478888
908 1.3759244566478888
909 1.3759244566478888
910 0.9272248106483151
911 0.9272248106483151
912 0.9272248106483151
913 0.9272248106483151
914 0.9272248106483151
915 1.2301517708817327
916 1.2301517708817327
917 1.2301517708817327
918 1.2301517708817327
919 1.2301517708817327
920 1.2535758557739756
921 1.2535758557739756
922 1.2535758557739756
923 1.2535758557739756
924 1.2535758557739756
925 0.9921409801571235
926 0.9921409801571235
927 0.9921409801571235
928 0.9921409801571235
929 0.9921409801571235
930 1.0270374572166263
931 1.0270374572166263
932 1.0270374572166263
933 1.0270374572166263
934 1.0270374572166263
935 1.210460428437735
936 1.210460428437735
937 1.210460428437735
938 1.210460428437735
939 1.210460428437735
940 0.9312833170031853
941 0.9312833170031853
942 0.9312833170031853
943 2.368432504989452
944 2.368432504989452
945 2.368432504989452
946 2.368432504989452
947 2.368432504989452
948 2.160454928756683
949 2.160454928756683
950 2.160454928756683
951 2.160454928756683
952 2.160454928756683
953 2.70987265086679
954 2.70987265086679
955 2.70987265086679
956 2.70987265086679
957 2.70987265086679
958 2.364381868693719
959 2.364381868693719
960 2.364381868693719
961 2.364381868693719
962 2.364381868693719
963 3.0131918533110493
964 3.0131918533110493
965 3.0131918533110493
966 3.0131918533110493
967 3.0131918533110493
968 2.0875954558226804
969 2.0875954558226804
970 2.0875954558226804
971 2.0875954558226804
972 2.0875954558226804
973 3.7811167761404176
974 3.7811167761404176
975 3.7811167761404176
976 3.7811167761404176
977 3.7811167761404176
978 3.3464943310329147
979 3.3464943310329147
980 3.3464943310329147
981 3.3464943310329147
982 3.3464943310329147
983 4.641705647603261
984 4.641705647603261
985 4.641705647603261
986 4.641705647603261
987 4.641705647603261
988 5.245195389492508
989 5.245195389492508
990 5.245195389492508
991 5.245195389492508
992 5.245195389492508
993 4.270947106769174
994 4.270947106769174
995 4.270947106769174
996 4.270947106769174
997 4.270947106769174
998 3.492077693930088
999 3.492077693930088
1000 3.492077693930088
1001 0.8801950845452868
1002 1.3304292748373003
1003 1.3304292748373003
1004 1.3304292748373003
1005 1.3304292748373003
1006 1.3304292748373003
1007 1.7638305156656942
1008 1.7638305156656942
1009 1.7638305156656942
1010 1.7638305156656942
1011 1.7638305156656942
1012 1.666976286700557
1013 1.666976286700557
1014 1.666976286700557
1015 1.666976286700557
1016 1.666976286700557
1017 1.5678565712896684
1018 1.5678565712896684
1019 1.5678565712896684
1020 1.5678565712896684
1021 1.5678565712896684
1022 1.9410703021408517
1023 1.9410703021408517
1024 1.9410703021408517
1025 1.9410703021408517
1026 1.9410703021408517
1027 1.6025877870970748
1028 1.6025877870970748
1029 1.6025877870970748
1030 1.6025877870970748
1031 1.6025877870970748
1032 2.032229230289394
1033 2.032229230289394
1034 2.032229230289394
1035 2.032229230289394
1036 2.032229230289394
1037 1.664104616266037
1038 1.664104616266037
1039 1.664104616266037
1040 1.664104616266037
1041 1.664104616266037
1042 1.378548879537894
1043 1.378548879537894
1044 1.378548879537894
1045 1.378548879537894
1046 1.378548879537894
1047 1.498904836704586
1048 1.498904836704586
1049 1.498904836704586
1050 1.498904836704586
1051 1.498904836704586
1052 1.6886512369398203
1053 1.6886512369398203
1054 1.6886512369398203
1055 1.6886512369398203
1056 1.6886512369398203
1057 1.786775996510515
1058 1.786775996510515
1059 1.786775996510515
1060 1.786775996510515
1061 1.786775996510515
1062 1.7961855119220127
1063 1.7961855119220127
1064 3.626582315296964
1065 3.626582315296964
1066 3.626582315296964
1067 3.626582315296964
1068 3.626582315296964
1069 2.4448836856157827
1070 2.4448836856157827
1071 2.4448836856157827
1072 2.4448836856157827
1073 2.4448836856157827
1074 2.2460521090202183
1075 2.2460521090202183
1076 2.2460521090202183
1077 2.2460521090202183
1078 2.2460521090202183
1079 3.624262403012912
1080 3.624262403012912
1081 3.624262403012912
1082 3.624262403012912
1083 3.624262403012912
1084 3.8222979872731617
1085 3.8222979872731617
1086 3.8222979872731617
1087 3.8222979872731617
1088 3.8222979872731617
1089 2.7176557289003718
1090 2.7176557289003718
1091 2.7176557289003718
1092 2.7176557289003718
1093 2.7176557289003718
1094 3.6532599412826294
1095 3.6532599412826294
1096 3.6532599412826294
1097 3.6532599412826294
1098 3.6532599412826294
1099 2.492337628404046
1100 2.492337628404046
1101 2.492337628404046
1102 2.492337628404046
1103 2.492337628404046
1104 4.102865976145384
1105 4.102865976145384
1106 4.102865976145384
1107 4.102865976145384
1108 4.102865976145384
1109 2.7421683363154106
1110 2.7421683363154106
1111 2.7421683363154106
1112 2.7421683363154106
1113 2.7421683363154106
1114 3.0079258222318463
1115 3.0079258222318463
1116 3.0079258222318463
1117 3.0079258222318463
1118 3.0079258222318463
1119 3.2280382143723507
1120 3.2280382143723507
1121 3.2280382143723507
1122 3.2280382143723507
1123 3.2280382143723507
1124 3.4056969289283727
1125 3.4056969289283727
1126 3.4056969289283727
1127 3.4056969289283727
1128 3.4056969289283727
1129 3.0819639174416733
1130 3.0819639174416733
1131 3.0819639174416733
1132 3.0819639174416733
1133 3.0819639174416733
1134 3.608401819482989
1135 3.608401819482989
1136 3.608401819482989
1137 3.608401819482989
1138 3.608401819482989
1139 2.9222443489896954
1140 2.9222443489896954
1141 2.9222443489896954
1142 2.9222443489896954
1143 2.9222443489896954
1144 3.5642392884228764
1145 3.5642392884228764
1146 3.5642392884228764
1147 3.5642392884228764
1148 3.5642392884228764
1149 3.1657488595531924
1150 3.1657488595531924
1151 3.1657488595531924
1152 3.1657488595531924
1153 3.1657488595531924
1154 4.270300463346766
1155 4.964053472967408
1156 4.964053472967408
1157 4.964053472967408
1158 4.964053472967408
1159 4.964053472967408
1160 5.127971284881859
1161 5.127971284881859
1162 5.127971284881859
1163 5.127971284881859
1164 5.127971284881859
1165 2.0794912169931052
1166 2.0794912169931052
1167 2.0794912169931052
1168 2.0794912169931052
1169 2.0794912169931052
1170 2.3889154356202833
1171 2.3889154356202833
1172 2.3889154356202833
1173 2.3889154356202833
1174 2.3889154356202833
1175 2.569812730603042
1176 2.569812730603042
1177 2.569812730603042
1178 2.569812730603042
1179 2.569812730603042
1180 2.2799760414746237
1181 2.2799760414746237
1182 2.2799760414746237
1183 2.2799760414746237
1184 2.2799760414746237
1185 2.7502771645585056
1186 2.7502771645585056
1187 2.7502771645585056
1188 2.7502771645585056
1189 2.7502771645585056
1190 1.781676273869199
1191 1.781676273869199
1192 1.781676273869199
1193 1.781676273869199
1194 1.781676273869199
1195 2.3183432703043163
1196 2.3183432703043163
1197 2.3183432703043163
1198 2.3183432703043163
1199 2.3183432703043163
1200 2.756200710559992
1201 2.756200710559992
1202 2.756200710559992
1203 2.756200710559992
1204 2.756200710559992
1205 2.2588454065622674
1206 2.2588454065622674
1207 2.2588454065622674
1208 2.2588454065622674
1209 2.2588454065622674
1210 3.501432623420058
1211 3.501432623420058
1212 3.501432623420058
1213 3.501432623420058
1214 3.501432623420058
1215 1.8653802569606661
1216 1.8653802569606661
1217 1.8653802569606661
1218 1.8653802569606661
1219 1.8653802569606661
1220 2.675430146829907
1221 2.675430146829907
1222 2.675430146829907
1223 2.675430146829907
1224 2.675430146829907
1225 2.467174425377969
1226 2.467174425377969
1227 2.467174425377969
1228 2.467174425377969
1229 2.467174425377969
1230 2.518840959796519
1231 2.518840959796519
1232 2.518840959796519
1233 2.518840959796519
1234 2.518840959796519
1235 2.188245996548668
1236 2.188245996548668
1237 2.188245996548668
1238 2.188245996548668
1239 2.188245996548668
1240 2.3301590309946607
1241 2.3301590309946607
1242 2.3301590309946607
1243 2.3301590309946607
1244 2.3301590309946607
1245 2.1841831058265226
1246 2.1841831058265226
1247 2.1841831058265226
1248 2.1841831058265226
1249 2.1841831058265226
1250 2.1994280445436036
1251 2.1994280445436036
1252 2.1994280445436036
1253 2.1994280445436036
1254 2.1994280445436036
1255 1.8893173751517525
1256 1.8893173751517525
1257 1.8893173751517525
1258 1.8893173751517525
1259 1.8893173751517525
1260 2.5622194333293815
1261 2.5622194333293815
1262 2.5622194333293815
1263 2.5622194333293815
1264 2.5622194333293815
1265 2.595695637618611
1266 2.595695637618611
1267 2.595695637618611
1268 2.595695637618611
1269 2.595695637618611
1270 2.735599699271301
1271 2.735599699271301
1272 2.735599699271301
1273 2.735599699271301
1274 2.735599699271301
1275 1.7605406428764812
1276 1.7605406428764812
1277 1.7605406428764812
1278 1.7605406428764812
1279 1.7605406428764812
1280 2.455293982390353
1281 2.455293982390353
1282 2.455293982390353
1283 0.8134324594528661
1284 0.8134324594528661
1285 0.8134324594528661
1286 0.8134324594528661
1287 0.8134324594528661
1288 0.6424576949736333
1289 0.6424576949736333
1290 0.6424576949736333
1291 0.6424576949736333
1292 0.6424576949736333
1293 0.5731883625961864
1294 0.5731883625961864
1295 0.5731883625961864
1296 0.5731883625961864
1297 0.5731883625961864
1298 0.7913082182402408
1299 0.7913082182402408
1300 0.7913082182402408
1301 0.7913082182402408
1302 0.7913082182402408
1303 0.4604727459855382
1304 0.4604727459855382
1305 0.4604727459855382
1306 0.4604727459855382
1307 0.4604727459855382
1308 0.6378262618405204
1309 0.6378262618405204
1310 0.6378262618405204
1311 0.6378262618405204
1312 0.6378262618405204
1313 0.4434711944165114
1314 0.4434711944165114
1315 0.4434711944165114
1316 0.4434711944165114
1317 1.658157367391267
1318 1.658157367391267
1319 1.658157367391267
1320 1.2650648506946116
1321 1.2650648506946116
1322 1.2650648506946116
1323 1.2650648506946116
1324 1.2650648506946116
1325 0.9730731118229929
1326 0.9730731118229929
1327 0.9730731118229929
1328 0.9730731118229929
1329 0.9730731118229929
1330 1.2056665440694392
1331 1.2056665440694392
1332 1.2056665440694392
1333 1.2056665440694392
1334 3.6011202929589174
1335 3.6011202929589174
1336 3.6011202929589174
1337 3.6011202929589174
1338 3.6011202929589174
1339 2.441967212286924
1340 2.441967212286924
1341 2.441967212286924
1342 2.441967212286924
1343 1.482480001829627
1344 1.482480001829627
1345 1.482480001829627
1346 1.482480001829627
1347 1.482480001829627
1348 1.4630004898628872
1349 1.4630004898628872
1350 3.827468127532331
1351 3.827468127532331
1352 1.1324076929527132
1353 1.1324076929527132
1354 1.1324076929527132
1355 1.1324076929527132
1356 1.1324076929527132
1357 1.2782082739277487
1358 1.2782082739277487
1359 1.2782082739277487
1360 1.2782082739277487
1361 1.2782082739277487
1362 0.961096658031817
1363 0.961096658031817
1364 0.961096658031817
1365 0.961096658031817
1366 0.961096658031817
1367 1.1436083397770556
1368 1.1436083397770556
1369 1.1436083397770556
1370 1.1436083397770556
1371 1.1436083397770556
1372 0.915915022323758
1373 0.915915022323758
1374 0.915915022323758
1375 0.915915022323758
1376 0.915915022323758
1377 1.0560550661847365
1378 1.0560550661847365
1379 1.0560550661847365
1380 1.0560550661847365
1381 1.0560550661847365
1382 1.355044427962307
1383 1.355044427962307
1384 1.355044427962307
1385 1.355044427962307
1386 1.355044427962307
1387 1.1260158684847168
1388 1.1260158684847168
1389 1.1260158684847168
1390 1.1260158684847168
1391 1.1260158684847168
1392 1.0212419548131741
1393 1.0212419548131741
1394 1.0212419548131741
1395 1.0212419548131741
1396 1.0212419548131741
1397 0.9198286714155444
1398 0.9198286714155444
1399 0.9198286714155444
1400 0.9198286714155444
1401 0.9198286714155444
1402 1.0557328199992413
1403 1.0557328199992413
1404 1.0557328199992413
1405 1.0557328199992413
1406 1.0557328199992413
1407 1.0190158754392629
1408 1.0190158754392629
1409 1.0190158754392629
1410 1.0190158754392629
1411 1.0190158754392629
1412 0.9723538849945536
1413 0.9723538849945536
1414 0.9723538849945536
1415 0.9723538849945536
1416 0.9723538849945536
1417 1.0943489682724872
1418 1.0943489682724872
1419 1.0943489682724872
1420 1.0943489682724872
1421 1.0943489682724872
1422 1.0662295609534886
1423 1.0662295609534886
1424 1.0662295609534886
1425 1.0662295609534886
1426 1.0662295609534886
1427 1.0031724295809168
1428 1.0031724295809168
1429 1.0031724295809168
1430 1.0031724295809168
1431 1.0031724295809168
1432 1.240497848323489
1433 1.240497848323489
1434 1.240497848323489
1435 1.240497848323489
1436 1.240497848323489
1437 1.0260386830425114
1438 1.0260386830425114
1439 1.0260386830425114
1440 1.0260386830425114
1441 1.0260386830425114
1442 1.2939318978887098
1443 1.2939318978887098
1444 1.2939318978887098
1445 1.2939318978887098
1446 1.2939318978887098
1447 1.222159283059388
1448 1.222159283059388
1449 1.3178035651856193
1450 1.3178035651856193
1451 1.3178035651856193
1452 1.3178035651856193
1453 1.3178035651856193
1454 1.3071664970556693
1455 1.3071664970556693
1456 0.25788701207164605
1457 0.25788701207164605
1458 0.25788701207164605
1459 0.25788701207164605
1460 0.25788701207164605
1461 0.22767210574139446
1462 0.22767210574139446
1463 0.22767210574139446
1464 0.22767210574139446
1465 0.22767210574139446
1466 0.19515404553705645
1467 0.19515404553705645
1468 0.19515404553705645
1469 0.19515404553705645
1470 0.19515404553705645
1471 0.21341898868508416
1472 0.21341898868508416
1473 0.21341898868508416
1474 0.21341898868508416
1475 0.21341898868508416
1476 0.1596218521993715
1477 0.1596218521993715
1478 0.1596218521993715
1479 0.1596218521993715
1480 0.1596218521993715
1481 0.19648834072166005
1482 0.19648834072166005
1483 0.19648834072166005
1484 0.19648834072166005
1485 0.19648834072166005
1486 0.13672242683666297
1487 0.13672242683666297
1488 0.13672242683666297
1489 0.13672242683666297
1490 0.13672242683666297
1491 0.17917540263917603
1492 0.17917540263917603
1493 0.17917540263917603
1494 0.17917540263917603
1495 0.17917540263917603
1496 0.20303793102803022
1497 0.20303793102803022
1498 0.20303793102803022
1499 0.20303793102803022
1500 0.20303793102803022
1501 0.16576947722529425
1502 0.16576947722529425
1503 0.16576947722529425
1504 0.16576947722529425
1505 0.16576947722529425
1506 0.16193330484379959
1507 0.16193330484379959
1508 0.16193330484379959
1509 0.16193330484379959
1510 0.16193330484379959
1511 0.18915368298372143
1512 0.18915368298372143
1513 0.18915368298372143
1514 0.18915368298372143
1515 0.18915368298372143
1516 0.22409694144233172
1517 0.22409694144233172
1518 0.22409694144233172
1519 0.22409694144233172
1520 0.22409694144233172
1521 0.17881209525811106
1522 0.17881209525811106
1523 0.17881209525811106
1524 0.17881209525811106
1525 0.17881209525811106
1526 0.1960114188897235
1527 0.1960114188897235
1528 0.1960114188897235
1529 0.1960114188897235
1530 0.1960114188897235
1531 0.17996307916911894
1532 0.17996307916911894
1533 0.17996307916911894
1534 0.17996307916911894
1535 0.17996307916911894
1536 0.21382739094659972
1537 0.21382739094659972
1538 0.21382739094659972
1539 0.21382739094659972
1540 0.21382739094659972
1541 0.27208101519118205
1542 0.27208101519118205
1543 0.27208101519118205
1544 0.27208101519118205
1545 0.27208101519118205
1546 0.16508209900534074
1547 0.16508209900534074
1548 0.16508209900534074
1549 0.16508209900534074
1550 0.16508209900534074
1551 0.19516341823921174
1552 0.19516341823921174
1553 0.19516341823921174
1554 0.19516341823921174
1555 0.19516341823921174
1556 0.16863308755163836
1557 0.16863308755163836
1558 0.16863308755163836
1559 0.16863308755163836
1560 0.16863308755163836
1561 0.25240484446393274
1562 0.25240484446393274
1563 0.25240484446393274
1564 0.25240484446393274
1565 0.25240484446393274
1566 0.20241438826718772
1567 0.20241438826718772
1568 0.20241438826718772
1569 0.20241438826718772
1570 0.20241438826718772
1571 0.2180683481021629
1572 0.2180683481021629
1573 0.2180683481021629
1574 0.2180683481021629
1575 0.2180683481021629
1576 0.19501212248561073
1577 0.19501212248561073
1578 0.19501212248561073
1579 0.19501212248561073
1580 0.19501212248561073
1581 0.2282297128747228
1582 0.2282297128747228
1583 0.2282297128747228
1584 0.2282297128747228
1585 0.2282297128747228
1586 0.2175801631154157
1587 0.2175801631154157
1588 0.2175801631154157
1589 0.2175801631154157
1590 0.2175801631154157
1591 0.20058452853864583
1592 0.20058452853864583
1593 0.20058452853864583
1594 0.20058452853864583
1595 0.20058452853864583
1596 0.13326610067405542
1597 0.13326610067405542
1598 0.13326610067405542
1599 0.13326610067405542
1600 0.13326610067405542
1601 0.19713686665774527
1602 3.3964169255391656
1603 3.3964169255391656
1604 3.3964169255391656
1605 3.3964169255391656
1606 3.3964169255391656
1607 3.5526403588846476
1608 3.5526403588846476
1609 3.5526403588846476
1610 3.5526403588846476
1611 3.5526403588846476
1612 2.74266933020262
1613 2.74266933020262
1614 2.74266933020262
1615 2.74266933020262
1616 2.74266933020262
1617 2.303778373108919
1618 2.303778373108919
1619 1.162355240139934
1620 1.162355240139934
1621 1.162355240139934
1622 1.162355240139934
1623 1.162355240139934
1624 0.7472491806834172
1625 0.7472491806834172
1626 0.7472491806834172
1627 0.7472491806834172
1628 0.7472491806834172
1629 1.3304270094993849
1630 1.3304270094993849
1631 1.3304270094993849
1632 1.3304270094993849
1633 1.3304270094993849
1634 1.1723786523233366
1635 1.1723786523233366
1636 1.1723786523233366
1637 1.1723786523233366
1638 1.1723786523233366
1639 1.332455563485874
1640 1.332455563485874
1641 1.332455563485874
1642 1.332455563485874
1643 1.332455563485874
1644 1.4599175040116628
1645 1.4599175040116628
1646 1.4599175040116628
1647 1.4599175040116628
1648 1.4599175040116628
1649 1.2276522137605386
1650 1.2276522137605386
1651 1.2276522137605386
1652 1.2276522137605386
1653 1.2276522137605386
1654 1.063271237711254
1655 1.063271237711254
1656 1.063271237711254
1657 1.063271237711254
1658 1.063271237711254
1659 1.0702316708855402
1660 1.0702316708855402
1661 1.0702316708855402
1662 1.0702316708855402
1663 2.6084550803014452
1664 2.6084550803014452
1665 2.6084550803014452
1666 2.6084550803014452
1667 2.6084550803014452
1668 1.3646704050438496
1669 1.3646704050438496
1670 1.076757069704917
1671 1.076757069704917
1672 1.076757069704917
1673 1.076757069704917
1674 1.076757069704917
1675 1.1849540216398864
1676 1.1849540216398864
1677 1.1849540216398864
1678 1.1849540216398864
1679 1.1849540216398864
1680 1.1827336947159406
1681 1.1827336947159406
1682 1.1827336947159406
1683 1.1827336947159406
1684 1.1827336947159406
1685 1.0189313729045966
1686 1.0189313729045966
1687 1.0189313729045966
1688 1.0189313729045966
1689 1.0189313729045966
1690 0.9304088418063705
1691 0.9304088418063705
1692 0.9304088418063705
1693 0.9304088418063705
1694 0.9304088418063705
1695 1.2479320871080832
1696 1.2479320871080832
1697 1.2479320871080832
1698 1.2479320871080832
1699 1.2479320871080832
1700 1.1080695393167097
1701 1.1080695393167097
1702 1.1080695393167097
1703 1.1080695393167097
1704 1.1080695393167097
1705 1.0142630699175315
1706 1.0142630699175315
1707 1.0142630699175315
1708 1.0142630699175315
1709 1.0142630699175315
1710 1.1232434955883823
1711 1.1232434955883823
1712 1.1232434955883823
1713 1.1232434955883823
1714 1.1232434955883823
1715 1.0662158698450885
1716 1.0662158698450885
1717 1.0662158698450885
1718 1.0662158698450885
1719 1.0662158698450885
1720 1.171506711892472
1721 1.171506711892472
1722 1.171506711892472
1723 1.171506711892472
1724 1.171506711892472
1725 0.8706532809083476
1726 0.8706532809083476
1727 0.8706532809083476
1728 0.8706532809083476
1729 0.8706532809083476
1730 1.259363903926888
1731 1.259363903926888
1732 1.259363903926888
1733 1.259363903926888
1734 1.259363903926888
1735 1.3883555427460363
1736 1.3883555427460363
1737 1.3883555427460363
1738 1.3883555427460363
1739 1.3883555427460363
1740 1.2793237493254208
1741 1.2793237493254208
1742 1.2793237493254208
1743 1.2793237493254208
1744 1.2793237493254208
1745 1.7730266143027134
1746 1.7730266143027134
1747 1.7730266143027134
1748 1.7730266143027134
1749 1.7730266143027134
1750 2.5116851770478155
1751 2.5116851770478155
1752 2.5116851770478155
1753 2.5116851770478155
1754 2.5116851770478155
1755 1.688816390563018
1756 1.688816390563018
1757 1.688816390563018
1758 1.688816390563018
1759 1.688816390563018
1760 2.0998889979215454
1761 2.0998889979215454
1762 2.0998889979215454
1763 2.0998889979215454
1764 2.0998889979215454
1765 2.515187740404418
1766 2.515187740404418
1767 2.515187740404418
1768 2.515187740404418
1769 2.515187740404418
1770 2.294442254780567
1771 2.294442254780567
1772 2.294442254780567
1773 2.294442254780567
1774 2.294442254780567
1775 1.4638861627652333
1776 1.4638861627652333
1777 1.4638861627652333
1778 1.4638861627652333
1779 1.4638861627652333
1780 2.202911891297286
1781 2.202911891297286
1782 2.202911891297286
1783 2.202911891297286
1784 2.202911891297286
1785 1.9875645734598777
1786 1.9875645734598777
1787 1.9875645734598777
1788 1.9875645734598777
1789 1.9875645734598777
1790 1.9566918921539571
1791 1.9566918921539571
1792 1.9566918921539571
1793 1.9566918921539571
1794 1.9566918921539571
1795 1.6500578406923037
1796 1.6500578406923037
1797 1.6500578406923037
1798 1.6500578406923037
1799 1.6500578406923037
1800 2.177118974894289
1801 2.177118974894289
1802 2.772796242439942
1803 2.772796242439942
1804 2.772796242439942
1805 2.772796242439942
1806 2.772796242439942
1807 2.6251507015442948
1808 2.6251507015442948
1809 2.6251507015442948
1810 2.6251507015442948
1811 2.6251507015442948
1812 3.47145083660271
1813 3.47145083660271
1814 3.47145083660271
1815 3.47145083660271
1816 3.47145083660271
1817 1.3123706948744434
1818 1.3123706948744434
1819 1.3123706948744434
1820 1.3123706948744434
1821 1.020210546422322
1822 1.020210546422322
1823 1.020210546422322
1824 1.020210546422322
1825 1.020210546422322
1826 0.8864178123965436
1827 0.8864178123965436
1828 2.779010307304269
1829 2.779010307304269
1830 2.779010307304269
1831 2.779010307304269
1832 2.779010307304269
1833 3.1685894628906683
1834 3.1685894628906683
1835 3.1685894628906683
1836 3.1685894628906683
1837 3.1685894628906683
1838 2.282401188951752
1839 2.282401188951752
1840 2.282401188951752
1841 2.282401188951752
1842 2.282401188951752
1843 3.2180576725248464
1844 3.2180576725248464
1845 3.2180576725248464
1846 3.2180576725248464
1847 3.2180576725248464
1848 3.520858178879435
1849 3.520858178879435
1850 3.520858178879435
1851 3.520858178879435
1852 3.520858178879435
1853 2.9603556668877777
1854 2.9603556668877777
1855 2.9603556668877777
1856 2.9603556668877777
1857 2.9603556668877777
1858 2.6752615413198595
1859 2.6752615413198595
1860 2.6752615413198595
1861 2.6752615413198595
1862 2.6752615413198595
1863 3.879912678626063
1864 3.879912678626063
1865 3.879912678626063
1866 3.879912678626063
1867 3.879912678626063
1868 2.977262599157926
1869 2.977262599157926
1870 2.977262599157926
1871 2.977262599157926
1872 2.977262599157926
1873 3.8403556130699803
1874 3.8403556130699803
1875 3.8403556130699803
1876 3.8403556130699803
1877 3.8403556130699803
1878 2.9495566200283796
1879 2.9495566200283796
1880 2.9495566200283796
1881 2.9495566200283796
1882 2.9495566200283796
1883 3.012262937702325
1884 3.012262937702325
1885 3.012262937702325
1886 3.012262937702325
1887 3.012262937702325
1888 3.9102696327799773
1889 3.9102696327799773
1890 3.9102696327799773
1891 3.9102696327799773
1892 3.9102696327799773
1893 3.1480390525924125
1894 3.1480390525924125
1895 3.1480390525924125
1896 3.1480390525924125
1897 3.1480390525924125
1898 2.7975596568338412
1899 1.7575271331968205
1900 1.7575271331968205
1901 1.7575271331968205
1902 1.7575271331968205
1903 1.7575271331968205
1904 2.716798650304723
1905 2.716798650304723
1906 4.573116155184849
1907 4.573116155184849
1908 4.573116155184849
1909 4.573116155184849
1910 4.573116155184849
1911 4.100695915835343
1912 4.100695915835343
1913 4.100695915835343
1914 4.100695915835343
1915 4.100695915835343
1916 3.34612917978842
1917 3.34612917978842
1918 3.34612917978842
1919 3.34612917978842
1920 3.34612917978842
1921 3.597320738512164
1922 3.597320738512164
1923 3.597320738512164
1924 3.597320738512164
1925 3.597320738512164
1926 2.7319762410035997
1927 2.7319762410035997
1928 2.7319762410035997
1929 2.7319762410035997
1930 2.7319762410035997
1931 2.9920549220409414
1932 4.940043608380154
1933 4.940043608380154
1934 4.940043608380154
1935 4.940043608380154
1936 4.940043608380154
1937 3.671367126067496
1938 3.671367126067496
1939 3.671367126067496
1940 3.671367126067496
1941 3.671367126067496
1942 4.770716231005024
1943 4.770716231005024
1944 4.770716231005024
1945 4.770716231005024
1946 4.770716231005024
1947 4.102403294541872
1948 4.102403294541872
1949 1.1376222180392082
1950 1.1376222180392082
1951 1.1376222180392082
1952 2.7712598568695204
1953 2.7712598568695204
1954 2.7712598568695204
1955 2.7712598568695204
1956 2.7712598568695204
1957 3.1393463712338923
1958 3.1393463712338923
1959 3.1393463712338923
1960 3.1393463712338923
1961 3.1393463712338923
1962 2.8072799166585884
1963 2.8072799166585884
1964 2.8072799166585884
1965 2.8072799166585884
1966 2.8072799166585884
1967 2.4353107105431375
1968 2.4353107105431375
1969 2.4353107105431375
1970 2.4353107105431375
1971 2.4353107105431375
1972 3.5906137504941134
1973 2.277096886321914
1974 2.277096886321914
1975 2.277096886321914
1976 2.277096886321914
1977 2.277096886321914
1978 2.0538475224485047
1979 2.0538475224485047
1980 2.0538475224485047
1981 2.0538475224485047
1982 2.0538475224485047
1983 2.9097013114359656
1984 2.9097013114359656
1985 2.9097013114359656
1986 3.586742005045229
1987 3.586742005045229
1988 3.586742005045229
1989 3.586742005045229
1990 3.586742005045229
1991 3.9424149186748187
1992 3.9424149186748187
1993 3.9424149186748187
1994 3.9424149186748187
1995 3.9424149186748187
1996 3.798534484980485
1997 3.798534484980485
1998 3.798534484980485
1999 3.798534484980485
