0 1.5421371515789017
1 1.5421371515789017
2 1.4162555472126017
3 1.4162555472126017
4 1.1511509974261975
5 1.1511509974261975
6 2.468319730543733
7 2.468319730543733
8 2.2674704753720314
9 2.2674704753720314
10 1.1067124437330629
11 1.1067124437330629
12 1.3999935315913898
13 1.3999935315913898
14 2.5912158564292174
15 2.5912158564292174
16 1.7787693268792144
17 1.7787693268792144
18 1.5351000451121186
19 1.5351000451121186
20 1.4727514357753182
21 1.4727514357753182
22 1.1742979386603072
23 1.1742979386603072
24 1.0557306452838207
25 1.0557306452838207
26 2.057593416310494
27 2.057593416310494
28 1.1531615191068392
29 1.1531615191068392
30 1.1981825499503087
31 1.1981825499503087
32 1.5984877570073777
33 1.5984877570073777
34 0.6228373189682547
35 0.6228373189682547
36 0.951589124426521
37 4.120406789981791
38 4.120406789981791
39 1.0005170096470717
40 1.0005170096470717
41 3.441466320376607
42 3.441466320376607
43 3.1879907817312643
44 3.1879907817312643
45 3.097865142860025
46 3.097865142860025
47 2.7650413744833737
48 2.7650413744833737
49 2.8919558653023802
50 2.8919558653023802
51 1.732508743345191
52 1.732508743345191
53 2.1563434727715936
54 2.1563434727715936
55 2.09966438182644
56 2.09966438182644
57 2.7869046172019654
58 2.7869046172019654
59 2.648501010082923
60 2.648501010082923
61 2.6524499092506755
62 2.6524499092506755
63 1.3565362065084665
64 1.3565362065084665
65 1.1346537353156503
66 1.1346537353156503
67 3.1661470712462627
68 3.1661470712462627
69 0.1749862288311257
70 0.1749862288311257
71 1.1602044541701733
72 1.1602044541701733
73 2.0087922775880624
74 2.0087922775880624
75 2.4858397534839773
76 2.4858397534839773
77 2.710527222977608
78 2.710527222977608
79 2.4566967052659425
80 2.4566967052659425
81 0.8496145708624694
82 0.8496145708624694
83 2.150792320988836
84 2.150792320988836
85 2.191944251824941
86 2.191944251824941
87 2.115023107244637
88 2.115023107244637
89 4.65084747853522
90 4.65084747853522
91 2.300706042226252
92 2.300706042226252
93 1.4783670432462261
94 1.4783670432462261
95 0.9409374082463009
96 0.9409374082463009
97 0.9188397309331908
98 0.9188397309331908
99 2.044709857348213
100 2.044709857348213
101 1.797908555317579
102 1.797908555317579
103 1.70843086426262
104 1.70843086426262
105 1.3365444362687082
106 1.3365444362687082
107 3.619552517499069
108 6.21917800302043
109 6.21917800302043
110 3.890156717389193
111 3.890156717389193
112 5.001384925058829
113 5.001384925058829
114 3.1758302403662473
115 3.1758302403662473
116 6.562499181215243
117 6.562499181215243
118 1.0254816218560516
119 1.0254816218560516
120 4.611173153417307
121 4.611173153417307
122 2.8075499035282507
123 2.8075499035282507
124 2.0133102784400414
125 2.0133102784400414
126 2.711293483836983
127 2.711293483836983
128 3.45552191767051
129 1.1634313535651386
130 1.1634313535651386
131 1.2932551525889648
132 1.2932551525889648
133 1.078442729783879
134 1.078442729783879
135 0.9375772511888465
136 0.9375772511888465
137 1.5661505035999648
138 0.13545072921730666
139 0.13545072921730666
140 0.2609410642594024
141 0.2609410642594024
142 0.24891819064885307
143 0.24891819064885307
144 0.17229887936121202
145 0.17229887936121202
146 0.25741464771096156
147 0.25741464771096156
148 0.1
149 0.1
150 0.1
151 0.1
152 0.2393526513744226
153 0.2393526513744226
154 0.1481019433659236
155 4.195271380214316
156 4.195271380214316
157 2.555880128642296
158 2.555880128642296
159 1.5240525259810418
160 1.5240525259810418
161 3.3053694331613963
162 3.3053694331613963
163 3.31697429324764
164 3.31697429324764
165 0.9346202047729029
166 0.9346202047729029
167 3.0950182417425767
168 3.0950182417425767
169 4.832548749596015
170 4.832548749596015
171 4.2596576822047325
172 4.2596576822047325
173 1.7772967323837319
174 1.7772967323837319
175 2.943344804397849
176 2.943344804397849
177 3.9880143674006012
178 3.9880143674006012
179 4.44019112811901
180 4.44019112811901
181 5.519592293037604
182 5.519592293037604
183 0.8196104189875708
184 0.8196104189875708
185 1.2191878305810655
186 1.2191878305810655
187 4.154931361908468
188 4.154931361908468
189 1.7621814982517998
190 1.7621814982517998
191 1.8250683086104893
192 1.8250683086104893
193 3.1980728974573474
194 3.1980728974573474
195 4.4996801390697865
196 4.4996801390697865
197 3.776390946534592
198 3.776390946534592
199 4.0283782184253
200 4.0283782184253
201 1.732371951712661
202 1.732371951712661
203 2.359913653579867
204 2.359913653579867
205 1.808743822480488
206 1.808743822480488
207 5.153557023703552
208 5.153557023703552
209 3.9426120325971765
210 3.9426120325971765
211 2.852653021918172
212 2.852653021918172
213 0.2906336544434222
214 0.2906336544434222
215 0.24240796366710887
216 0.24240796366710887
217 0.4085114838025561
218 0.4085114838025561
219 0.5429756358299817
220 0.5429756358299817
221 0.4367701001811471
222 0.4367701001811471
223 0.8304424310699531
224 0.8304424310699531
225 0.654330471751171
226 0.654330471751171
227 0.22359773684114587
228 0.22359773684114587
229 0.5443285393736974
230 0.5443285393736974
231 0.7243185038992629
232 0.7243185038992629
233 0.6671689147553775
234 1.518500208217397
235 1.518500208217397
236 0.9802106438576412
237 0.9802106438576412
238 3.4982313339597786
239 3.8237408172994938
240 3.8237408172994938
241 2.0220148617950917
242 2.0220148617950917
243 3.083476956205897
244 3.083476956205897
245 3.3088553691904776
246 3.3088553691904776
247 6.9934241613150725
248 6.9934241613150725
249 3.1001412646992383
250 3.1001412646992383
251 2.0082314888332427
252 2.0082314888332427
253 2.0894782183991083
254 2.0894782183991083
255 2.491971503885503
256 2.491971503885503
257 4.828695563069272
258 4.828695563069272
259 3.549545998154881
260 3.549545998154881
261 8.180303571193978
262 8.180303571193978
263 3.6075736520732713
264 3.6075736520732713
265 4.4408073561354655
266 4.4408073561354655
267 3.174519763895661
268 3.174519763895661
269 2.7432549524572822
270 2.7432549524572822
271 1.9184482949010366
272 1.9184482949010366
273 5.261313107585567
274 5.261313107585567
275 3.9634441360306614
276 3.9634441360306614
277 5.655617692390967
278 5.655617692390967
279 3.4474722384601026
280 3.4474722384601026
281 3.8865686708477956
282 3.8865686708477956
283 3.845867316647359
284 3.845867316647359
285 1.3869883682126032
286 1.3869883682126032
287 4.593368747197201
288 4.593368747197201
289 4.077349386936731
290 4.077349386936731
291 3.1957434297099168
292 3.1957434297099168
293 2.6994598554642746
294 2.6994598554642746
295 3.1231673965267217
296 3.1231673965267217
297 2.5342586492488444
298 2.5342586492488444
299 3.3656659409779337
300 3.3656659409779337
301 2.068006858176933
302 2.068006858176933
303 4.411888316438273
304 4.411888316438273
305 0.8394582563992983
306 0.8394582563992983
307 0.29031858688458967
308 0.29031858688458967
309 0.40266383412037005
310 0.40266383412037005
311 0.7358384807627844
312 0.7358384807627844
313 0.5057733209344142
314 0.5057733209344142
315 0.9087099424497086
316 0.9087099424497086
317 1.3055876566520839
318 1.3055876566520839
319 0.8267775037551568
320 0.8267775037551568
321 0.744301105872322
322 0.744301105872322
323 0.43739698631702095
324 0.43739698631702095
325 0.9582783520217336
326 0.9582783520217336
327 0.40060735779459816
328 0.40060735779459816
329 0.7830248491233671
330 0.7830248491233671
331 0.4329175346474917
332 0.4329175346474917
333 1.021864104993416
334 1.021864104993416
335 0.47074802398423105
336 0.47074802398423105
337 0.9769860431424411
338 0.9769860431424411
339 1.2151839625264016
340 1.2151839625264016
341 0.4694866945860402
342 0.4694866945860402
343 0.4484252628117804
344 0.4484252628117804
345 0.839235147461797
346 0.839235147461797
347 1.0900014026638005
348 1.0900014026638005
349 0.2012505766951702
350 0.2012505766951702
351 0.6975724299161561
352 0.6975724299161561
353 0.5155007012814639
354 0.5155007012814639
355 1.1843005157844093
356 1.1843005157844093
357 0.81727299715168
358 0.81727299715168
359 0.6316461004326756
360 0.6316461004326756
361 0.7993747845886093
362 0.7993747845886093
363 0.8303311068315878
364 0.8303311068315878
365 0.8334804902961517
366 0.8334804902961517
367 1.1688008821499989
368 1.1688008821499989
369 0.5987857557609311
370 0.5987857557609311
371 0.8917698542147658
372 0.8917698542147658
373 0.5931526433737359
374 0.5931526433737359
375 0.33100228686172584
376 0.33100228686172584
377 0.7852452566161711
378 0.7852452566161711
379 0.22386963583442615
380 0.22386963583442615
381 1.5698560172096718
382 1.5698560172096718
383 1.4897862292279436
384 1.4897862292279436
385 3.0508682005408367
386 3.0508682005408367
387 2.4613547806248555
388 2.4613547806248555
389 4.4650996972783465
390 4.4650996972783465
391 1.5554289210768626
392 1.5554289210768626
393 2.0683371233933903
394 2.0683371233933903
395 3.72683078432956
396 3.72683078432956
397 2.5098924104708233
398 2.5098924104708233
399 2.310720004708699
400 2.310720004708699
401 0.10300715032393426
402 0.10300715032393426
403 1.2387274673526742
404 1.2387274673526742
405 1.3683303484449056
406 1.3683303484449056
407 1.5620307280479733
408 1.5620307280479733
409 1.6590714394453046
410 1.6590714394453046
411 0.6694311354523819
412 0.6694311354523819
413 3.049041521364106
414 3.049041521364106
415 1.0583572753822021
416 1.0583572753822021
417 0.7840194639159765
418 0.7840194639159765
419 3.4292443860402404
420 3.4292443860402404
421 1.1244867222710784
422 1.1244867222710784
423 2.1191105676934208
424 2.1191105676934208
425 4.315737570466432
426 4.315737570466432
427 2.8690139732470525
428 2.8690139732470525
429 2.4495686174984854
430 0.1
431 0.1
432 4.127341909829445
433 4.127341909829445
434 0.1
435 0.1
436 3.4689437537775736
437 3.4689437537775736
438 2.9625814419481937
439 2.9625814419481937
440 1.4898795034084866
441 1.4898795034084866
442 2.4569392411630977
443 2.4569392411630977
444 1.6316151053470216
445 3.154998942466503
446 3.154998942466503
447 1.238434528399586
448 1.238434528399586
449 1.96612448729205
450 1.96612448729205
451 0.1
452 0.1
453 1.4303282441652414
454 1.4303282441652414
455 1.2415681277034636
456 1.2415681277034636
457 0.1
458 0.1
459 1.1749426514138184
460 1.1749426514138184
461 1.1074228451249022
462 1.1074228451249022
463 1.34088529488563
464 1.34088529488563
465 1.1810279247846893
466 1.1810279247846893
467 2.4791849199833504
468 2.4791849199833504
469 1.3968055692861674
470 1.3968055692861674
471 1.2896170916121115
472 1.2896170916121115
473 0.9259041594652008
474 0.9259041594652008
475 1.2250418571314046
476 1.2250418571314046
477 1.6279399096911957
478 1.6279399096911957
479 2.035272516302603
480 2.035272516302603
481 0.5770593767088531
482 0.5770593767088531
483 1.4143902640822956
484 1.4143902640822956
485 0.16172170596292257
486 0.16172170596292257
487 0.6288023218088451
488 0.6288023218088451
489 1.9767296103027767
490 1.9767296103027767
491 0.7850020658922187
492 0.7850020658922187
493 1.8461686853644583
494 1.8461686853644583
495 2.53553748507754
496 2.53553748507754
497 1.1076142204164399
498 1.1076142204164399
499 1.0742232526728897
500 1.0742232526728897
501 1.0842296872946218
502 1.0842296872946218
503 0.5282320027682013
504 0.5282320027682013
505 1.2287125272851345
506 1.2287125272851345
507 1.7123749747294648
508 1.7123749747294648
509 2.8108874661326952
510 2.8108874661326952
511 2.254446421350066
512 2.254446421350066
513 1.9343976611725335
514 1.9343976611725335
515 1.5273407201082991
516 1.5273407201082991
517 1.4515664057733628
518 1.4515664057733628
519 1.5384193326719051
520 1.5384193326719051
521 1.6599777321376583
522 1.6599777321376583
523 1.484861733115145
524 1.484861733115145
525 0.8524113909817009
526 0.8524113909817009
527 0.8152574884843429
528 0.8152574884843429
529 1.1813261628816503
530 1.1813261628816503
531 1.6108014515277096
532 1.6108014515277096
533 5.485963119626275
534 5.485963119626275
535 4.8243039803033625
536 4.8243039803033625
537 5.217669200376556
538 5.217669200376556
539 2.9719930673511197
540 2.9719930673511197
541 3.894623782290408
542 3.894623782290408
543 4.005058784533023
544 4.005058784533023
545 3.678828578366562
546 3.678828578366562
547 2.411717967148279
548 2.411717967148279
549 3.4176485056779082
550 3.4176485056779082
551 2.795215981187956
552 2.795215981187956
553 4.441260845159641
554 4.441260845159641
555 0.1519384930236214
556 0.1519384930236214
557 2.1976140744662325
558 2.1976140744662325
559 3.9247216840924333
560 3.9247216840924333
561 4.680693697499527
562 4.680693697499527
563 4.4711484423958865
564 4.4711484423958865
565 4.8760836324694505
566 4.8760836324694505
567 3.487078720055961
568 3.487078720055961
569 5.215845862575822
570 5.215845862575822
571 5.76789072787194
572 5.76789072787194
573 6.064741800316334
574 6.064741800316334
575 4.157538837949371
576 4.157538837949371
577 1.958169602589651
578 1.958169602589651
579 3.3671424969219363
580 3.3671424969219363
581 3.9578990576645294
582 0.15227437646345987
583 0.15227437646345987
584 0.5555978922999139
585 0.5555978922999139
586 0.31851681125920833
587 0.31851681125920833
588 0.6069761419025478
589 0.6069761419025478
590 0.2498729528781874
591 0.2498729528781874
592 0.402815862076789
593 0.402815862076789
594 0.8025017704691728
595 0.8025017704691728
596 0.5782914602694978
597 0.5782914602694978
598 0.1486367700964527
599 0.1486367700964527
600 0.5630102572525546
601 0.5630102572525546
602 0.8784157574095672
603 0.8784157574095672
604 0.43769346860045716
605 0.43769346860045716
606 0.853974206905317
607 0.853974206905317
608 0.5729057294838507
609 0.5729057294838507
610 0.19967526878658004
611 0.19967526878658004
612 0.9438748464339269
613 0.9438748464339269
614 0.4629811822859664
615 0.4629811822859664
616 0.5678259850357865
617 0.5678259850357865
618 0.7671899489631017
619 0.7671899489631017
620 2.96250092844629
621 2.96250092844629
622 1.404816382633802
623 1.404816382633802
624 0.4828779443226263
625 0.4828779443226263
626 2.3406272793442335
627 2.3406272793442335
628 1.0046162947151913
629 1.0046162947151913
630 1.9463738428541044
631 1.9463738428541044
632 1.8865490511459901
633 1.8865490511459901
634 1.7191446042392378
635 1.7191446042392378
636 1.826488452627183
637 1.826488452627183
638 1.1924775095098947
639 1.1924775095098947
640 1.9133704885701748
641 1.9133704885701748
642 2.0716246337385753
643 2.0716246337385753
644 1.1520018427135565
645 1.1520018427135565
646 1.4798328347214291
647 1.4798328347214291
648 0.6226975598004675
649 0.6226975598004675
650 0.9878235533662778
651 0.9878235533662778
652 1.0539231649816063
653 1.0539231649816063
654 0.23847388625542276
655 0.23847388625542276
656 1.469635755903222
657 1.469635755903222
658 2.127182192556342
659 2.127182192556342
660 2.3905442735500095
661 2.3905442735500095
662 1.5554910475980919
663 1.5554910475980919
664 0.4394023185898266
665 0.4394023185898266
666 0.5121826118272517
667 0.5121826118272517
668 1.3509953472440372
669 1.3509953472440372
670 0.6659506506363319
671 0.6659506506363319
672 2.2763415557873645
673 2.2763415557873645
674 1.9937718786347802
675 1.9937718786347802
676 2.6573544830556663
677 2.6573544830556663
678 1.2052905015551558
679 1.2052905015551558
680 1.7863679666850276
681 1.7863679666850276
682 0.38222187460132084
683 0.38222187460132084
684 2.678087425200605
685 2.678087425200605
686 1.946255310163049
687 1.946255310163049
688 2.3915712101638813
689 2.3915712101638813
690 1.069995365905608
691 1.069995365905608
692 0.7727179043401278
693 0.7727179043401278
694 0.6919473976725744
695 0.6919473976725744
696 1.9344952272203353
697 1.9344952272203353
698 2.2113445045848974
699 2.2113445045848974
700 0.7917122158144052
701 0.7917122158144052
702 1.4641306322572558
703 1.4641306322572558
704 0.8525695448438173
705 0.8525695448438173
706 0.33762766755278983
707 0.33762766755278983
708 4.162304122313999
709 4.162304122313999
710 5.524492874489307
711 5.524492874489307
712 8.475236968001768
713 8.475236968001768
714 5.6578162006955
715 5.6578162006955
716 5.296315290953204
717 5.296315290953204
718 4.045496640166364
719 4.045496640166364
720 2.1837486788416496
721 2.1837486788416496
722 2.925915173246171
723 2.925915173246171
724 5.463398263490209
725 5.463398263490209
726 5.48624314662593
727 5.48624314662593
728 2.2900655923788515
729 2.2900655923788515
730 3.3442043386238893
731 3.3442043386238893
732 5.031095859879803
733 5.031095859879803
734 3.7077973179681503
735 3.7077973179681503
736 5.057080974892414
737 5.057080974892414
738 5.589299890419147
739 5.589299890419147
740 3.1447872964355943
741 3.1447872964355943
742 5.401993184191096
743 5.401993184191096
744 3.4176474737840636
745 3.4176474737840636
746 5.6487159598499534
747 5.6487159598499534
748 5.500486855787494
749 5.500486855787494
750 3.300369345537142
751 3.300369345537142
752 4.806291567762581
753 4.806291567762581
754 2.9818109436442493
755 2.9818109436442493
756 3.099280852518309
757 3.099280852518309
758 6.687942259510502
759 6.687942259510502
760 5.41240522170065
761 5.41240522170065
762 2.118182839751696
763 2.118182839751696
764 3.2024344452173628
765 3.2024344452173628
766 3.3003218554244924
767 3.3003218554244924
768 7.964288004441435
769 7.964288004441435
770 2.906181158326449
771 2.906181158326449
772 4.697411885697675
773 4.697411885697675
774 1.9456438862911167
775 1.9456438862911167
776 3.474792455462294
777 3.474792455462294
778 4.080369309588374
779 4.080369309588374
780 4.093716764605083
781 4.093716764605083
782 4.17042887513307
783 4.17042887513307
784 3.1172448290783827
785 3.1172448290783827
786 1.0897320535739996
787 0.5702394215264682
788 0.5702394215264682
789 0.5207736104783762
790 0.5207736104783762
791 0.9436792564308084
792 0.9436792564308084
793 0.9958815070140139
794 0.9958815070140139
795 0.6125850502556222
796 0.6125850502556222
797 0.5743332050072072
798 0.5743332050072072
799 1.1363766014558205
800 1.1363766014558205
801 0.670541254703046
802 0.670541254703046
803 1.1245432970923863
804 1.1245432970923863
805 1.0289732946338268
806 1.0289732946338268
807 0.9798611109584825
808 0.9798611109584825
809 0.3804709475210593
810 0.3804709475210593
811 0.36871961129554615
812 0.36871961129554615
813 0.24950788009072644
814 0.24950788009072644
815 0.661400146456442
816 0.661400146456442
817 1.4515826945454795
818 1.4515826945454795
819 1.1469751749755064
820 1.1469751749755064
821 0.9022727118356983
822 0.9022727118356983
823 0.8834739569093996
824 0.8834739569093996
825 0.8864203106870094
826 0.8864203106870094
827 0.4917254380370502
828 0.4917254380370502
829 5.21740976741264
830 5.21740976741264
831 6.821900044362028
832 6.821900044362028
833 1.1396976419341092
834 1.1396976419341092
835 1.2264916009092124
836 1.2264916009092124
837 1.474777905357552
838 1.474777905357552
839 0.9016371702388692
840 0.9016371702388692
841 0.8676233198938328
842 0.8676233198938328
843 1.268278492508038
844 1.268278492508038
845 1.6711768145141437
846 1.6711768145141437
847 1.715846097268137
848 1.715846097268137
849 0.9158417420805677
850 0.9158417420805677
851 0.927435018468799
852 0.927435018468799
853 0.40489327147309084
854 0.40489327147309084
855 2.0956289163738817
856 2.0956289163738817
857 1.3506185479504775
858 1.3506185479504775
859 1.2643179734757095
860 1.2643179734757095
861 1.5407162709573428
862 1.5407162709573428
863 1.648012445334798
864 1.648012445334798
865 0.1
866 0.1
867 2.325361578221873
868 2.325361578221873
869 0.7171933461725769
870 0.7171933461725769
871 2.3071504360076327
872 2.3071504360076327
873 0.7701180287402968
874 0.7701180287402968
875 1.8598886930486906
876 1.8598886930486906
877 1.4766067655185857
878 1.4766067655185857
879 0.8415537663277532
880 3.4134212819756056
881 3.4134212819756056
882 4.39783018992312
883 4.39783018992312
884 3.9265646048172798
885 3.9265646048172798
886 4.156743429018042
887 0.8098784109078081
888 0.8098784109078081
889 0.5635865769003717
890 0.5635865769003717
891 0.7395033662208944
892 0.7395033662208944
893 0.8477898988225353
894 0.8477898988225353
895 0.6281494266643679
896 0.6281494266643679
897 0.7134454714067151
898 0.7134454714067151
899 0.6546364854277765
900 0.6546364854277765
901 0.7827255170587111
902 0.7827255170587111
903 0.8473187612398096
904 0.8473187612398096
905 0.9546587826842199
906 0.9546587826842199
907 0.7263696682391803
908 0.7263696682391803
909 0.8528974739636768
910 0.8528974739636768
911 0.7203346779098411
912 0.7203346779098411
913 0.6248902822687092
914 1.6390589316395223
915 1.6390589316395223
916 2.2511426488338624
917 2.2511426488338624
918 4.400052166934102
919 4.400052166934102
920 2.438828547814124
921 2.438828547814124
922 4.866430369055243
923 4.866430369055243
924 3.398843222120329
925 3.398843222120329
926 3.871584981217921
927 3.871584981217921
928 1.2971258817064075
929 1.2971258817064075
930 2.3951339966494776
931 2.3951339966494776
932 2.105551579928859
933 2.105551579928859
934 3.062691967162843
935 3.062691967162843
936 2.413063166644278
937 2.413063166644278
938 5.988421367221999
939 1.174735813608648
940 1.174735813608648
941 3.6200956139050544
942 3.6200956139050544
943 1.9099582222976594
944 1.9099582222976594
945 3.9364912523096063
946 3.9364912523096063
947 3.6312215947969615
948 3.6312215947969615
949 4.451368379973552
950 4.451368379973552
951 2.868072872821702
952 2.868072872821702
953 2.9714828689382053
954 2.9714828689382053
955 1.723530708623602
956 1.723530708623602
957 2.843513756119063
958 2.843513756119063
959 3.10633518828543
960 3.10633518828543
961 0.6230364973794504
962 0.6230364973794504
963 0.4786132833601662
964 0.4786132833601662
965 2.0157302736999347
966 1.0858963589236115
967 1.0858963589236115
968 1.119690966584125
969 1.119690966584125
970 0.5880011596448379
971 0.5880011596448379
972 0.9930072960506353
973 0.9930072960506353
974 0.9658760513248914
975 0.9658760513248914
976 0.7052711154098921
977 0.7052711154098921
978 0.783746500452591
979 0.783746500452591
980 1.5662786108293354
981 1.5662786108293354
982 1.801356028594431
983 1.801356028594431
984 1.313093764741628
985 1.313093764741628
986 1.2813921519005482
987 1.2813921519005482
988 1.6192806412316034
989 1.6192806412316034
990 2.137085457940633
991 2.137085457940633
992 1.4086025816308558
993 1.4086025816308558
994 1.1306413975836385
995 1.1306413975836385
996 2.0824521613014717
997 2.0824521613014717
998 1.154569165104253
999 1.154569165104253
1000 2.0197654853268574
1001 5.746667019373826
1002 5.746667019373826
1003 1.7893682965680422
1004 1.7893682965680422
1005 3.2819434535907717
1006 3.2819434535907717
1007 1.1769290214163806
1008 1.1769290214163806
1009 2.7551639227586793
1010 2.7551639227586793
1011 6.135449662177619
1012 6.135449662177619
1013 3.0472488110312765
1014 3.0472488110312765
1015 0.1
1016 0.1
1017 1.247997296706851
1018 1.247997296706851
1019 3.8436433359818176
1020 3.8436433359818176
1021 3.0315025332744643
1022 3.0315025332744643
1023 3.9969322838131225
1024 3.9969322838131225
1025 2.446606091651942
1026 2.446606091651942
1027 2.755036948874289
1028 2.755036948874289
1029 3.645632111557526
1030 3.645632111557526
1031 2.3968023067984996
1032 2.3968023067984996
1033 3.758007530824064
1034 3.758007530824064
1035 0.16468862257226835
1036 0.16468862257226835
1037 5.363586149366488
1038 5.363586149366488
1039 3.5036169366347165
1040 3.5036169366347165
1041 6.025380381817282
1042 6.025380381817282
1043 1.712877431621685
1044 1.712877431621685
1045 1.0758739341118648
1046 1.0758739341118648
1047 2.2813354895141646
1048 2.2813354895141646
1049 3.2216434039080744
1050 3.2216434039080744
1051 1.7697209192931274
1052 1.7697209192931274
1053 2.4344375655920665
1054 2.4344375655920665
1055 0.8741619206774189
1056 0.8741619206774189
1057 2.0163749319879765
1058 2.0163749319879765
1059 2.141636947391733
1060 2.141636947391733
1061 2.5613806201397473
1062 2.5613806201397473
1063 1.6599502107090056
1064 1.6599502107090056
1065 2.65322465215972
1066 2.65322465215972
1067 1.674584972217167
1068 1.674584972217167
1069 0.1
1070 0.1
1071 0.1
1072 0.3730406143866601
1073 0.3730406143866601
1074 0.4783540676700333
1075 0.4783540676700333
1076 0.5271448106381906
1077 0.5271448106381906
1078 0.3892980406058173
1079 0.3892980406058173
1080 0.7714867023263482
1081 0.7714867023263482
1082 0.940329947164201
1083 0.940329947164201
1084 1.023354455962763
1085 1.023354455962763
1086 0.2701460131533677
1087 0.2701460131533677
1088 0.7762875149609957
1089 0.7762875149609957
1090 0.8767909740483347
1091 0.8767909740483347
1092 0.8489644558304261
1093 0.8489644558304261
1094 0.9471094708248139
1095 0.9471094708248139
1096 0.44821238717901424
1097 0.44821238717901424
1098 0.5201241858901403
1099 0.5201241858901403
1100 1.1715902682529147
1101 1.1715902682529147
1102 0.9883613071004415
1103 0.9883613071004415
1104 0.42096327273028844
1105 0.42096327273028844
1106 0.6068680325023149
1107 0.6068680325023149
1108 0.3994571608082666
1109 0.3994571608082666
1110 0.47141868247675356
1111 0.47141868247675356
1112 0.7852932323704681
1113 0.7852932323704681
1114 3.8108799823562305
1115 3.8108799823562305
1116 3.310125837725951
1117 3.310125837725951
1118 4.651436626910858
1119 4.651436626910858
1120 5.591648567043766
1121 5.591648567043766
1122 3.8264168152519393
1123 3.8264168152519393
1124 2.2551826228580945
1125 2.2551826228580945
1126 2.246345707680146
1127 2.246345707680146
1128 2.378083020520595
1129 2.378083020520595
1130 3.6450161754216936
1131 3.6450161754216936
1132 2.246038943573147
1133 2.246038943573147
1134 5.620397848747923
1135 5.620397848747923
1136 4.759441574407007
1137 4.759441574407007
1138 1.636158092631514
1139 1.636158092631514
1140 1.3464334295480547
1141 1.3464334295480547
1142 5.9161847072356135
1143 5.9161847072356135
1144 2.3476861963624605
1145 2.3476861963624605
1146 3.6765549074642094
1147 3.6765549074642094
1148 1.2917253525792174
1149 1.2917253525792174
1150 4.196836894324038
1151 4.196836894324038
1152 3.3012448768513476
1153 3.3012448768513476
1154 4.1854923643456505
1155 4.1854923643456505
1156 2.7590123606043586
1157 2.7590123606043586
1158 1.7777235923899444
1159 1.7777235923899444
1160 4.24586535593476
1161 4.24586535593476
1162 3.830861798416112
1163 3.830861798416112
1164 4.905420166563896
1165 4.905420166563896
1166 5.598720694549296
1167 5.598720694549296
1168 2.9737592701647104
1169 2.9737592701647104
1170 4.482644825755521
1171 4.482644825755521
1172 5.085490553260178
1173 5.085490553260178
1174 4.130625790912147
1175 4.130625790912147
1176 2.870698134829148
1177 2.870698134829148
1178 5.4891206868863645
1179 5.4891206868863645
1180 2.046805390883071
1181 2.046805390883071
1182 6.459391190516056
1183 6.459391190516056
1184 0.22984306158832224
1185 0.22984306158832224
1186 6.913897395640486
1187 6.913897395640486
1188 1.0680754146729505
1189 2.498640155850445
1190 2.498640155850445
1191 2.5467438937527787
1192 2.5467438937527787
1193 1.4969928839108477
1194 1.4969928839108477
1195 1.1096960708489465
1196 1.1096960708489465
1197 2.089561534208251
1198 2.089561534208251
1199 2.8561696905634357
1200 2.8561696905634357
1201 0.3286312495948811
1202 0.3286312495948811
1203 1.6317902013357093
1204 1.6317902013357093
1205 1.7325601775125656
1206 1.7325601775125656
1207 2.25290749078129
1208 2.25290749078129
1209 2.2571921918051365
1210 2.2571921918051365
1211 1.1998426710423702
1212 1.1998426710423702
1213 2.1488240240620162
1214 2.1488240240620162
1215 0.6246322897716932
1216 0.6246322897716932
1217 3.3606070849015937
1218 3.3606070849015937
1219 1.8034289095173066
1220 1.8034289095173066
1221 1.7341310051236307
1222 1.7341310051236307
1223 2.7539976748226818
1224 2.7539976748226818
1225 0.8773808982502289
1226 0.8773808982502289
1227 3.5244537739364974
1228 3.5244537739364974
1229 1.8736052490472752
1230 1.8736052490472752
1231 2.0708211250684134
1232 2.0708211250684134
1233 3.117558611351266
1234 3.117558611351266
1235 1.9108278159526362
1236 1.9108278159526362
1237 3.581230314972803
1238 3.581230314972803
1239 1.885238658476359
1240 1.885238658476359
1241 1.9391544071052749
1242 1.9391544071052749
1243 1.6422177053388456
1244 2.9571839702540563
1245 2.9571839702540563
1246 0.1
1247 0.1
1248 6.124538940758247
1249 6.124538940758247
1250 0.4494293260306077
1251 0.4494293260306077
1252 4.155121418140831
1253 4.155121418140831
1254 3.128354186799749
1255 3.128354186799749
1256 1.7929225013833046
1257 1.7929225013833046
1258 2.4197673605672385
1259 2.4197673605672385
1260 6.276968413507829
1261 6.276968413507829
1262 3.7971775508046175
1263 3.7971775508046175
1264 4.192061268651879
1265 4.192061268651879
1266 2.3116782062135366
1267 2.3116782062135366
1268 3.9779304639694013
1269 3.9779304639694013
1270 5.786536767100773
1271 5.786536767100773
1272 3.959149732710148
1273 3.959149732710148
1274 2.797496366682717
1275 2.797496366682717
1276 6.612224321686517
1277 6.612224321686517
1278 2.606429919832484
1279 2.606429919832484
1280 4.36124772116449
1281 2.447445431915588
1282 2.447445431915588
1283 1.50386524940737
1284 1.50386524940737
1285 0.7915676523539876
1286 0.7915676523539876
1287 2.753745731803461
1288 2.753745731803461
1289 0.8256096795256198
1290 0.8256096795256198
1291 1.429575357353785
1292 1.429575357353785
1293 1.8984213752103782
1294 1.8984213752103782
1295 0.5530867656645526
1296 0.5530867656645526
1297 1.3275823099008965
1298 4.320597401037268
1299 4.320597401037268
1300 2.6715755219786956
1301 2.6715755219786956
1302 6.380361868326105
1303 6.380361868326105
1304 6.710712623537037
1305 6.710712623537037
1306 3.7466079488728523
1307 3.7466079488728523
1308 2.423464425216705
1309 2.423464425216705
1310 6.5529042893972145
1311 6.5529042893972145
1312 1.4299145523122354
1313 1.4299145523122354
1314 5.1197701821126165
1315 5.1197701821126165
1316 5.169193345969987
1317 5.169193345969987
1318 4.589535554055967
1319 4.589535554055967
1320 3.6679503326548226
1321 3.6679503326548226
1322 6.241489717972808
1323 6.241489717972808
1324 3.3128252415445436
1325 3.3128252415445436
1326 2.7766012866869874
1327 2.7766012866869874
1328 2.7195603463775937
1329 2.7195603463775937
1330 2.947376218079994
1331 2.947376218079994
1332 4.34112585671698
1333 4.34112585671698
1334 1.6171291027412473
1335 1.6171291027412473
1336 2.1480399763428735
1337 2.1480399763428735
1338 4.714177191818361
1339 0.5532942466490862
1340 0.5532942466490862
1341 0.6226313786465522
1342 0.6226313786465522
1343 1.1487091770277722
1344 1.1487091770277722
1345 0.2540298474664372
1346 0.2540298474664372
1347 0.6018455466975131
1348 0.6018455466975131
1349 0.5887353797868338
1350 0.5887353797868338
1351 0.4495678099014707
1352 0.4495678099014707
1353 0.7998821385150725
1354 0.7998821385150725
1355 0.9245830030783133
1356 0.9245830030783133
1357 0.1
1358 0.1
1359 0.8949371730758036
1360 0.8949371730758036
1361 0.2622454891110475
1362 0.2622454891110475
1363 0.6131106858984439
1364 0.6131106858984439
1365 1.0792097250089658
1366 1.0792097250089658
1367 0.3434182000301916
1368 0.3434182000301916
1369 0.8383130290352978
1370 0.8383130290352978
1371 0.553125470049644
1372 0.553125470049644
1373 0.5327818577547256
1374 0.5327818577547256
1375 1.0331459632772086
1376 1.0331459632772086
1377 0.6021084291121988
1378 0.6021084291121988
1379 0.2930912244985754
1380 0.2930912244985754
1381 1.0054901411425763
1382 1.0054901411425763
1383 0.21926876008078516
1384 0.21926876008078516
1385 6.863038271545959
1386 6.863038271545959
1387 4.6524919467236225
1388 4.6524919467236225
1389 2.1420353203222073
1390 2.1420353203222073
1391 6.699568959306015
1392 6.699568959306015
1393 0.7337633737428353
1394 0.7337633737428353
1395 2.5442734444339505
1396 2.5442734444339505
1397 0.8039318609900686
1398 0.8039318609900686
1399 1.7856108984750634
1400 1.7856108984750634
1401 2.013002410845035
1402 2.013002410845035
1403 0.9564843707088636
1404 0.9564843707088636
1405 2.0012450150947094
1406 2.0012450150947094
1407 1.3804138908837826
1408 1.3804138908837826
1409 2.1035674912573215
1410 2.1035674912573215
1411 3.2194682080835086
1412 3.2194682080835086
1413 1.8781212617223095
1414 1.8781212617223095
1415 1.0173191436754663
1416 1.0173191436754663
1417 0.11085712083668264
1418 0.11085712083668264
1419 1.5205592662403205
1420 1.5205592662403205
1421 2.1344350341037748
1422 2.1344350341037748
1423 1.8838632048995625
1424 1.8838632048995625
1425 1.233855069285453
1426 1.233855069285453
1427 2.352470251232764
1428 2.352470251232764
1429 0.9864674475929894
1430 0.9864674475929894
1431 2.0145263646382294
1432 2.0145263646382294
1433 0.9809579055293095
1434 1.7356980126335717
1435 1.7356980126335717
1436 1.688069863434106
1437 1.688069863434106
1438 0.9123953719430015
1439 0.9123953719430015
1440 0.8843228708026434
1441 0.8843228708026434
1442 1.3802366728720363
1443 1.3802366728720363
1444 1.3718953881007783
1445 1.3718953881007783
1446 1.2072021602004226
1447 1.2072021602004226
1448 0.8058013517797584
1449 0.8058013517797584
1450 1.2889608201837344
1451 1.2889608201837344
1452 1.6367726115282846
1453 1.6367726115282846
1454 1.5012480329238982
1455 1.5012480329238982
1456 1.2840580790214342
1457 1.2840580790214342
1458 1.2600324205451239
1459 1.2600324205451239
1460 0.8728799379864975
1461 0.8728799379864975
1462 0.5795882652436403
1463 0.5795882652436403
1464 2.2147189486012255
1465 2.2147189486012255
1466 1.2354350077947573
1467 1.2354350077947573
1468 0.10948616316827264
1469 0.10948616316827264
1470 0.5903934535154327
1471 0.5903934535154327
1472 1.05650804941489
1473 1.05650804941489
1474 1.440540185875545
1475 1.440540185875545
1476 0.18463556364646339
1477 0.18463556364646339
1478 0.9799034656775023
1479 0.9799034656775023
1480 2.582766194921591
1481 2.582766194921591
1482 1.530441366540935
1483 1.530441366540935
1484 0.3170273002504097
1485 0.3170273002504097
1486 0.40249464345905284
1487 0.40249464345905284
1488 0.1
1489 0.1
1490 1.62134137452929
1491 1.62134137452929
1492 0.5379899758446322
1493 0.5379899758446322
1494 1.3088940589419014
1495 2.7115361030703284
1496 2.7115361030703284
1497 3.509649515451547
1498 3.509649515451547
1499 2.959394202540751
1500 2.959394202540751
1501 4.110765082784802
1502 4.110765082784802
1503 3.716604987936082
1504 3.716604987936082
1505 0.1
1506 0.1
1507 4.953191055872896
1508 4.953191055872896
1509 3.723748214158836
1510 3.723748214158836
1511 3.1385785084930795
1512 3.1385785084930795
1513 1.506919511911807
1514 2.420826393683116
1515 2.420826393683116
1516 1.7427991659309787
1517 1.7427991659309787
1518 2.163885194424071
1519 2.163885194424071
1520 2.759504926976608
1521 2.759504926976608
1522 2.095064823749569
1523 2.095064823749569
1524 2.476679361665522
1525 2.476679361665522
1526 0.1
1527 0.1
1528 0.20615809265000062
1529 0.20615809265000062
1530 0.1
1531 0.1
1532 2.546938271723919
1533 2.546938271723919
1534 0.9786428402570146
1535 0.9786428402570146
1536 1.2057311543826186
1537 1.2057311543826186
1538 1.0728353894573335
1539 1.0728353894573335
1540 1.5030724326304608
1541 1.5030724326304608
1542 2.794832841092963
1543 2.794832841092963
1544 1.3637149325714357
1545 1.3637149325714357
1546 1.228245548697809
1547 1.228245548697809
1548 0.9992571668528936
1549 0.9992571668528936
1550 2.2424194881898343
1551 2.2424194881898343
1552 1.6237212693301388
1553 1.6237212693301388
1554 1.1529490841698478
1555 1.1529490841698478
1556 0.7041162960737697
1557 0.7041162960737697
1558 1.3899432398657665
1559 1.3899432398657665
1560 0.6919489351406679
1561 0.6919489351406679
1562 1.093928045369981
1563 1.093928045369981
1564 1.272407922565039
1565 1.272407922565039
1566 0.7294178527448665
1567 0.7294178527448665
1568 1.2743343209855258
1569 1.2743343209855258
1570 2.08647437159527
1571 2.08647437159527
1572 0.1
1573 0.1
1574 0.867139324632798
1575 0.867139324632798
1576 1.7579907481105026
1577 1.7579907481105026
1578 0.6205325192071751
1579 0.6205325192071751
1580 1.2670300349620125
1581 1.2670300349620125
1582 2.275862348800832
1583 2.275862348800832
1584 0.20512341671860965
1585 0.20512341671860965
1586 0.12165727847753596
1587 0.12165727847753596
1588 0.3665806676901622
1589 0.3665806676901622
1590 0.24039495102633454
1591 0.24039495102633454
1592 0.1
1593 0.1
1594 0.14406310696649763
1595 0.14406310696649763
1596 0.1
1597 0.1
1598 0.25162853015793585
1599 0.25162853015793585
1600 0.18118324231006355
1601 0.18118324231006355
1602 0.9007971351429847
1603 0.9007971351429847
1604 4.214295928726502
1605 4.214295928726502
1606 0.951656113111768
1607 0.951656113111768
1608 2.7772929187367525
1609 2.7772929187367525
1610 6.359235056463464
1611 6.359235056463464
1612 2.8855881679274886
1613 2.8855881679274886
1614 4.857730177078011
1615 4.857730177078011
1616 2.4443281843349167
1617 2.4443281843349167
1618 2.352816213859009
1619 2.352816213859009
1620 4.247148901389533
1621 4.247148901389533
1622 5.072330706308173
1623 5.072330706308173
1624 4.134745248047585
1625 4.134745248047585
1626 4.473990354684416
1627 4.473990354684416
1628 2.2361932895701018
1629 2.2361932895701018
1630 0.8868142628484499
1631 0.8868142628484499
1632 3.5135794587290876
1633 3.5135794587290876
1634 1.2715525991920573
1635 1.2715525991920573
1636 2.5020841202416966
1637 0.73107160569798
1638 0.73107160569798
1639 0.23603319963267777
1640 0.23603319963267777
1641 0.5606134147141445
1642 0.5606134147141445
1643 0.9968362467846964
1644 0.9968362467846964
1645 0.8379871776739619
1646 0.1
1647 0.1
1648 1.2632404423708998
1649 1.2632404423708998
1650 2.2146498660168437
1651 2.2146498660168437
1652 0.9793937778110801
1653 0.9793937778110801
1654 2.006734827084179
1655 2.006734827084179
1656 1.4145706459684173
1657 1.4145706459684173
1658 1.8694790736260918
1659 1.8694790736260918
1660 1.3313626388677569
1661 1.3313626388677569
1662 0.5505319936965345
1663 0.5505319936965345
1664 2.4633507853533776
1665 2.4633507853533776
1666 1.6281279718517023
1667 1.6281279718517023
1668 2.360738823102607
1669 2.360738823102607
1670 0.2948573145049431
1671 0.2948573145049431
1672 1.10959809984783
1673 1.10959809984783
1674 1.123159691761462
1675 1.123159691761462
1676 1.2291702176801145
1677 1.2291702176801145
1678 2.4422439876457323
1679 2.4422439876457323
1680 1.0318992885808993
1681 1.0318992885808993
1682 1.303693408947096
1683 1.303693408947096
1684 1.7696274571305604
1685 1.7696274571305604
1686 2.5584274738860593
1687 2.5584274738860593
1688 2.4594560313915514
1689 2.621278781389676
1690 2.621278781389676
1691 3.078289681748
1692 3.078289681748
1693 1.6656514656159762
1694 1.6656514656159762
1695 3.223870758853831
1696 3.223870758853831
1697 3.0976549697017877
1698 3.0976549697017877
1699 4.585602398411408
1700 4.585602398411408
1701 3.655570334175452
1702 3.655570334175452
1703 4.469640899538385
1704 4.469640899538385
1705 0.1
1706 0.1
1707 3.357228554001545
1708 3.357228554001545
1709 0.7496983990723818
1710 0.7496983990723818
1711 3.8429952441539834
1712 3.8429952441539834
1713 0.3332544822101471
1714 0.3332544822101471
1715 0.1
1716 0.1
1717 5.538902204102891
1718 5.538902204102891
1719 1.161125436092938
1720 1.161125436092938
1721 3.2505414560232553
1722 3.2505414560232553
1723 3.734446736025423
1724 3.734446736025423
1725 3.5842670302871693
1726 3.5842670302871693
1727 3.0487222764413477
1728 3.0487222764413477
1729 3.4841091506415953
1730 3.4841091506415953
1731 2.3265771923323477
1732 2.3265771923323477
1733 4.426165815169949
1734 4.426165815169949
1735 5.9851123536156425
1736 5.9851123536156425
1737 6.641447759729646
1738 6.641447759729646
1739 1.0964297254995428
1740 1.0964297254995428
1741 3.9358462296932757
1742 3.9358462296932757
1743 0.9805662819595979
1744 0.9805662819595979
1745 2.7526090468116435
1746 2.7526090468116435
1747 3.247138140025534
1748 3.247138140025534
1749 1.9450082753522582
1750 1.9450082753522582
1751 5.208163260579513
1752 5.208163260579513
1753 7.2081527228326525
1754 7.2081527228326525
1755 3.200507909802824
1756 3.200507909802824
1757 1.5548707569509277
1758 1.5548707569509277
1759 0.8054300243608288
1760 0.8054300243608288
1761 5.219017847036393
1762 5.219017847036393
1763 3.5658720538207938
1764 3.5658720538207938
1765 3.493537144710486
1766 3.493537144710486
1767 0.1
1768 0.1
1769 2.325671278083027
1770 2.325671278083027
1771 4.124264889010613
1772 4.124264889010613
1773 6.138280351816096
1774 6.138280351816096
1775 1.0784742715988112
1776 1.0784742715988112
1777 0.9855707341049686
1778 0.9855707341049686
1779 4.007967503873248
1780 4.007967503873248
1781 3.9491610072319485
1782 0.18918434995794886
1783 0.5443079041357879
1784 0.5443079041357879
1785 0.3692376092299756
1786 0.3692376092299756
1787 0.7884517567636942
1788 0.7884517567636942
1789 0.3015140685524911
1790 0.3015140685524911
1791 1.1739606830559302
1792 1.1739606830559302
1793 1.2679045269564373
1794 1.2679045269564373
1795 1.5175557586980855
1796 1.5175557586980855
1797 1.2552222152996868
1798 1.2552222152996868
1799 1.0562406134900613
1800 1.0562406134900613
1801 0.7020115929017445
1802 0.7020115929017445
1803 0.6842289851095487
1804 3.2515667815601432
1805 3.2515667815601432
1806 3.748204221464221
1807 3.748204221464221
1808 1.9421388281325334
1809 1.9421388281325334
1810 0.7095476551544075
1811 0.7095476551544075
1812 0.8981898703902158
1813 0.8981898703902158
1814 1.3125108690768073
1815 1.3125108690768073
1816 1.8182962405933671
1817 1.8182962405933671
1818 0.2744990908873637
1819 0.2744990908873637
1820 1.979107345055598
1821 1.979107345055598
1822 0.1
1823 0.1
1824 2.8538642427672727
1825 2.8538642427672727
1826 1.5448918902903452
1827 1.5448918902903452
1828 3.2693796827151456
1829 3.2693796827151456
1830 2.1180012449611096
1831 2.1180012449611096
1832 2.328462457663773
1833 2.328462457663773
1834 3.286599822612788
1835 3.286599822612788
1836 2.76753097666395
1837 2.76753097666395
1838 4.042639925727016
1839 4.042639925727016
1840 2.3271745790582097
1841 2.3271745790582097
1842 2.7676647782687853
1843 2.7676647782687853
1844 1.4169948487226505
1845 1.4169948487226505
1846 3.341705725345885
1847 3.341705725345885
1848 1.1674453721036575
1849 1.1674453721036575
1850 2.4283381674565696
1851 2.4283381674565696
1852 2.0495480015677985
1853 2.0495480015677985
1854 1.6383424135580666
1855 1.6383424135580666
1856 1.9959084438113317
1857 1.9959084438113317
1858 2.968992683232674
1859 2.968992683232674
1860 1.439165402072889
1861 1.439165402072889
1862 1.6606408840260052
1863 1.6606408840260052
1864 0.9887471626045148
1865 0.9887471626045148
1866 2.0786809497742667
1867 0.4199770719607714
1868 0.4199770719607714
1869 0.30426687713641165
1870 0.30426687713641165
1871 0.13560030611282953
1872 0.13560030611282953
1873 0.3013412400066068
1874 0.3013412400066068
1875 0.24489993189452688
1876 0.24489993189452688
1877 0.3303840097698717
1878 0.3303840097698717
1879 0.29081439189224645
1880 0.29081439189224645
1881 0.20794104410384906
1882 0.20794104410384906
1883 0.1095798520243675
1884 0.1095798520243675
1885 0.15252174469778962
1886 0.15252174469778962
1887 0.1991014291142545
1888 0.1991014291142545
1889 0.13685767421593303
1890 0.13685767421593303
1891 0.19291732915430765
1892 0.19291732915430765
1893 0.17508509169320566
1894 0.17508509169320566
1895 0.18059712350054408
1896 0.18059712350054408
1897 0.1636721042248745
1898 0.1636721042248745
1899 0.15411251179241695
1900 0.15411251179241695
1901 0.1
1902 0.1
1903 0.17590705228492926
1904 0.17590705228492926
1905 0.22307098111126464
1906 0.22307098111126464
1907 0.28834670118320416
1908 0.28834670118320416
1909 0.13846348006551729
1910 0.13846348006551729
1911 0.1505957736950913
1912 0.1505957736950913
1913 0.21821931729952404
1914 0.21821931729952404
1915 0.12438162536374887
1916 0.12438162536374887
1917 0.2367162689808863
1918 0.2367162689808863
1919 0.27637829320398155
1920 0.27637829320398155
1921 0.23881113700258425
1922 0.23881113700258425
1923 0.1
1924 1.6520525518712865
1925 1.6520525518712865
1926 2.2974682689844146
1927 2.2974682689844146
1928 2.2779414201409613
1929 2.2779414201409613
1930 1.8796188066571695
1931 1.8796188066571695
1932 1.0564420744673992
1933 1.0564420744673992
1934 1.9375233399850753
1935 1.9375233399850753
1936 0.932019464543747
1937 0.932019464543747
1938 1.6889298161063886
1939 1.6889298161063886
1940 2.8884057896944344
1941 2.8884057896944344
1942 1.5724351703557848
1943 1.5724351703557848
1944 1.808619942869746
1945 1.808619942869746
1946 1.7057490495845402
1947 1.7057490495845402
1948 1.9349027191641661
1949 1.9349027191641661
1950 2.295887665349489
1951 2.295887665349489
1952 0.8290458429558102
1953 0.8290458429558102
1954 0.7818601162331569
1955 0.7818601162331569
1956 2.0425219760172806
1957 2.0425219760172806
1958 1.5746966870245673
1959 1.5746966870245673
1960 1.3881851660188342
1961 1.3881851660188342
1962 1.7680579083139933
1963 1.7680579083139933
1964 2.158918637089727
1965 2.158918637089727
1966 2.4524712386005345
1967 2.4524712386005345
1968 1.4842377016506112
1969 1.4842377016506112
1970 0.9373225578431207
1971 0.9373225578431207
1972 1.4449533606385947
1973 1.4449533606385947
1974 2.6494221861013587
1975 2.6494221861013587
1976 1.3773274555999588
1977 1.3773274555999588
1978 2.0752274524796537
1979 2.0752274524796537
1980 1.0470898423701196
1981 1.0470898423701196
1982 2.0891424738001714
1983 2.0891424738001714
1984 0.6341395638053912
1985 0.6341395638053912
1986 2.6750270127920563
1987 2.6750270127920563
1988 2.2084797120246495
1989 2.2084797120246495
1990 2.631208762385434
1991 2.631208762385434
1992 0.9842948045589749
1993 0.9842948045589749
1994 1.440017304108094
1995 1.440017304108094
1996 1.2791316516915745
1997 1.2791316516915745
1998 1.133071980168485
1999 1.133071980168485
