0 5.393887565099247
1 5.393887565099247
2 5.393887565099247
3 5.393887565099247
4 2.052407162981509
5 2.052407162981509
6 2.052407162981509
7 3.6818222510211425
8 3.6818222510211425
9 3.6818222510211425
10 3.6818222510211425
11 1.351979373558795
12 1.351979373558795
13 1.351979373558795
14 1.351979373558795
15 3.7375830061941606
16 3.7375830061941606
17 3.7375830061941606
18 3.7375830061941606
19 2.6461349078841785
20 2.6461349078841785
21 2.6461349078841785
22 2.6461349078841785
23 2.468911473524551
24 2.468911473524551
25 2.468911473524551
26 2.468911473524551
27 3.5497961734554404
28 3.5497961734554404
29 3.5497961734554404
30 3.5497961734554404
31 4.1642063927822095
32 4.1642063927822095
33 4.1642063927822095
34 4.1642063927822095
35 1.7880519555037226
36 1.7880519555037226
37 1.7880519555037226
38 1.7880519555037226
39 5.287300452755797
40 5.287300452755797
41 5.287300452755797
42 5.287300452755797
43 3.466280859983068
44 3.466280859983068
45 3.466280859983068
46 3.466280859983068
47 1.3751805763292082
48 1.3751805763292082
49 1.3751805763292082
50 1.3751805763292082
51 2.598232776041961
52 2.598232776041961
53 2.598232776041961
54 2.598232776041961
55 1.629309623089001
56 1.629309623089001
57 1.5697007217583125
58 1.5697007217583125
59 1.5697007217583125
60 1.5697007217583125
61 6.189483374740158
62 6.189483374740158
63 6.189483374740158
64 6.189483374740158
65 5.518462593476549
66 5.518462593476549
67 5.518462593476549
68 5.518462593476549
69 4.1152662080919855
70 4.1152662080919855
71 4.1152662080919855
72 4.1152662080919855
73 5.2131186583606395
74 5.2131186583606395
75 5.2131186583606395
76 5.2131186583606395
77 3.1636184640384633
78 0.1
79 0.1
80 0.1
81 0.1
82 1.0596949866835366
83 1.0596949866835366
84 1.0596949866835366
85 1.0596949866835366
86 1.033423856867043
87 1.033423856867043
88 1.033423856867043
89 1.033423856867043
90 1.321937737929749
91 1.321937737929749
92 1.321937737929749
93 1.321937737929749
94 0.9702833801701591
95 0.9702833801701591
96 0.9702833801701591
97 0.9702833801701591
98 0.16053817495927425
99 0.16053817495927425
100 0.16053817495927425
101 0.16053817495927425
102 0.7204415393980814
103 1.3718622750729075
104 1.3718622750729075
105 1.3718622750729075
106 1.3718622750729075
107 0.9136757141219922
108 0.9136757141219922
109 0.9136757141219922
110 0.9136757141219922
111 1.15086727012848
112 1.15086727012848
113 1.15086727012848
114 1.15086727012848
115 1.789015106623865
116 1.789015106623865
117 1.789015106623865
118 1.789015106623865
119 2.0155733352337637
120 2.0155733352337637
121 2.0155733352337637
122 2.0155733352337637
123 1.8887129735421606
124 1.8887129735421606
125 1.8887129735421606
126 3.9205697500263197
127 3.9205697500263197
128 3.9205697500263197
129 3.9205697500263197
130 2.3525475561878952
131 2.3525475561878952
132 2.3525475561878952
133 2.3525475561878952
134 2.490209397620611
135 2.490209397620611
136 2.490209397620611
137 2.490209397620611
138 1.2160883696229732
139 1.2160883696229732
140 1.2160883696229732
141 1.2160883696229732
142 0.8708020291508067
143 0.8708020291508067
144 0.8708020291508067
145 0.8708020291508067
146 1.3495618707199235
147 1.3495618707199235
148 1.3495618707199235
149 1.3495618707199235
150 0.694361960350806
151 0.694361960350806
152 0.694361960350806
153 0.694361960350806
154 1.0328979788429493
155 1.0328979788429493
156 1.0328979788429493
157 1.0328979788429493
158 0.9672306509049442
159 0.9672306509049442
160 0.9672306509049442
161 0.9672306509049442
162 0.8290430299700844
163 0.8290430299700844
164 0.8290430299700844
165 0.8290430299700844
166 0.6304498025003831
167 0.6304498025003831
168 0.6304498025003831
169 0.6304498025003831
170 0.8747515282993752
171 0.8747515282993752
172 0.8747515282993752
173 0.8747515282993752
174 0.6142582568735158
175 0.6142582568735158
176 0.6142582568735158
177 0.6142582568735158
178 0.3261907282486194
179 0.3261907282486194
180 0.3261907282486194
181 0.3261907282486194
182 0.5381343331866961
183 0.5381343331866961
184 0.5381343331866961
185 1.6750496368230883
186 1.6750496368230883
187 1.6750496368230883
188 1.6750496368230883
189 0.6177891852225884
190 0.6177891852225884
191 0.6177891852225884
192 0.6177891852225884
193 1.9737558377591826
194 1.9737558377591826
195 1.9737558377591826
196 1.9737558377591826
197 1.2787263963402247
198 1.2787263963402247
199 1.2787263963402247
200 1.2787263963402247
201 0.4014692129589129
202 0.4014692129589129
203 0.4014692129589129
204 0.4014692129589129
205 1.4306567813623026
206 1.4306567813623026
207 1.4306567813623026
208 1.4306567813623026
209 0.4039345789774339
210 0.4039345789774339
211 0.4039345789774339
212 0.4039345789774339
213 1.307987997769077
214 1.307987997769077
215 2.529692483344207
216 2.529692483344207
217 2.529692483344207
218 2.529692483344207
219 1.4977173421979038
220 1.4977173421979038
221 1.4977173421979038
222 1.4977173421979038
223 6.394582855818011
224 6.394582855818011
225 6.394582855818011
226 6.394582855818011
227 4.949318493878666
228 2.6280702909537763
229 2.6280702909537763
230 2.6280702909537763
231 2.4579958989273343
232 2.4579958989273343
233 2.4579958989273343
234 2.4579958989273343
235 0.5272604419962685
236 0.5272604419962685
237 0.5272604419962685
238 0.5272604419962685
239 1.726230810424328
240 1.726230810424328
241 1.726230810424328
242 1.726230810424328
243 1.955578580563682
244 1.955578580563682
245 1.955578580563682
246 1.955578580563682
247 0.84193203164461
248 0.84193203164461
249 0.84193203164461
250 0.84193203164461
251 1.243719152773032
252 1.243719152773032
253 1.243719152773032
254 1.243719152773032
255 2.109951886966849
256 2.109951886966849
257 2.109951886966849
258 2.109951886966849
259 1.1364141307757594
260 1.1364141307757594
261 1.1364141307757594
262 1.1364141307757594
263 0.6689897596668726
264 0.6689897596668726
265 0.6689897596668726
266 0.6689897596668726
267 0.6136889071083742
268 0.6136889071083742
269 0.6136889071083742
270 0.6136889071083742
271 1.4932554637006117
272 1.4932554637006117
273 1.4932554637006117
274 1.4932554637006117
275 1.4865482230675253
276 1.4865482230675253
277 1.4865482230675253
278 1.4865482230675253
279 0.9691686129141635
280 0.9691686129141635
281 0.9691686129141635
282 0.9691686129141635
283 1.4323527718438
284 1.4323527718438
285 1.4323527718438
286 1.9007505075151911
287 1.9007505075151911
288 1.9007505075151911
289 1.9007505075151911
290 2.433097800755587
291 2.433097800755587
292 2.433097800755587
293 2.433097800755587
294 2.137552160361651
295 2.137552160361651
296 2.137552160361651
297 2.137552160361651
298 1.8644821242357732
299 1.8644821242357732
300 1.8644821242357732
301 1.8644821242357732
302 3.516086447256812
303 3.516086447256812
304 3.516086447256812
305 3.516086447256812
306 2.292466416143073
307 2.292466416143073
308 2.292466416143073
309 2.292466416143073
310 2.816388617182608
311 2.816388617182608
312 2.816388617182608
313 2.816388617182608
314 2.707933750805176
315 2.707933750805176
316 2.707933750805176
317 2.707933750805176
318 2.6590993880160876
319 2.6590993880160876
320 2.6590993880160876
321 2.6590993880160876
322 2.395782164543184
323 2.395782164543184
324 2.395782164543184
325 2.395782164543184
326 1.6109857593025452
327 1.6109857593025452
328 1.6109857593025452
329 1.6109857593025452
330 1.71315913336828
331 1.71315913336828
332 1.71315913336828
333 1.71315913336828
334 3.194303005363487
335 3.194303005363487
336 3.194303005363487
337 3.194303005363487
338 3.788017041752156
339 3.788017041752156
340 3.788017041752156
341 3.788017041752156
342 3.2122699921629754
343 3.2122699921629754
344 3.2122699921629754
345 3.2122699921629754
346 2.242719837898208
347 2.242719837898208
348 2.242719837898208
349 2.242719837898208
350 1.1072070099617133
351 1.1072070099617133
352 1.1072070099617133
353 1.1072070099617133
354 2.3682322108871685
355 2.3682322108871685
356 3.0317201361283646
357 3.0317201361283646
358 3.0317201361283646
359 3.0317201361283646
360 2.923774961946634
361 2.923774961946634
362 2.923774961946634
363 2.923774961946634
364 3.5845590498825803
365 3.5845590498825803
366 3.5845590498825803
367 3.5845590498825803
368 3.7000111617834026
369 3.7000111617834026
370 3.7000111617834026
371 3.7000111617834026
372 2.9895422992058824
373 2.9895422992058824
374 2.9895422992058824
375 2.9895422992058824
376 4.3956648836455
377 4.3956648836455
378 4.3956648836455
379 4.3956648836455
380 4.014552533292333
381 4.014552533292333
382 4.014552533292333
383 4.014552533292333
384 4.076816942333634
385 4.076816942333634
386 4.076816942333634
387 4.076816942333634
388 3.0694794374525722
389 3.0694794374525722
390 3.0694794374525722
391 3.0694794374525722
392 4.124517519297694
393 4.124517519297694
394 4.124517519297694
395 4.124517519297694
396 3.660180173097441
397 3.660180173097441
398 3.660180173097441
399 3.660180173097441
400 3.690205556909481
401 3.690205556909481
402 3.690205556909481
403 3.690205556909481
404 4.236314331521752
405 4.236314331521752
406 4.236314331521752
407 4.236314331521752
408 3.5232576707193184
409 3.5232576707193184
410 3.5232576707193184
411 3.5232576707193184
412 0.1
413 0.1
414 0.1
415 0.1
416 4.484837739853292
417 4.484837739853292
418 4.484837739853292
419 4.484837739853292
420 3.468178077144285
421 3.468178077144285
422 3.468178077144285
423 2.3673382715720557
424 2.3673382715720557
425 2.3673382715720557
426 2.3673382715720557
427 0.7503837574613927
428 0.7503837574613927
429 0.7503837574613927
430 0.7503837574613927
431 0.8532291235677357
432 0.8532291235677357
433 0.8532291235677357
434 0.8532291235677357
435 0.8487180170877752
436 0.8487180170877752
437 0.8487180170877752
438 0.8487180170877752
439 0.685239447281031
440 0.685239447281031
441 0.685239447281031
442 0.685239447281031
443 3.0391110390999447
444 3.0391110390999447
445 3.0391110390999447
446 3.0391110390999447
447 0.9487418075666425
448 0.9487418075666425
449 0.9487418075666425
450 0.9487418075666425
451 2.1167805699648934
452 2.1167805699648934
453 2.1167805699648934
454 2.1167805699648934
455 1.1593021116252573
456 1.1593021116252573
457 1.1593021116252573
458 1.1593021116252573
459 1.9428935765000246
460 1.9428935765000246
461 1.9428935765000246
462 1.9428935765000246
463 1.0870690349213097
464 1.0870690349213097
465 1.0870690349213097
466 1.0870690349213097
467 2.2582902624949637
468 2.2582902624949637
469 2.2582902624949637
470 2.2582902624949637
471 1.9544997870015925
472 1.9544997870015925
473 1.9544997870015925
474 1.9544997870015925
475 1.8831523871189153
476 1.8831523871189153
477 1.8831523871189153
478 1.8831523871189153
479 1.6701798579787168
480 1.6701798579787168
481 1.6701798579787168
482 1.6701798579787168
483 2.659091132125369
484 2.659091132125369
485 2.659091132125369
486 2.659091132125369
487 3.0943841703896022
488 3.0943841703896022
489 3.0943841703896022
490 3.0943841703896022
491 2.7948951136645395
492 2.7948951136645395
493 2.7948951136645395
494 2.7948951136645395
495 1.2138292464929157
496 1.2138292464929157
497 1.2138292464929157
498 1.2138292464929157
499 2.2957714540997665
500 2.2957714540997665
501 2.2957714540997665
502 2.2957714540997665
503 2.842794703112116
504 2.842794703112116
505 2.842794703112116
506 2.842794703112116
507 0.5151690501512314
508 0.5151690501512314
509 0.5151690501512314
510 0.5151690501512314
511 2.3149929377703806
512 2.3149929377703806
513 2.3149929377703806
514 2.3149929377703806
515 2.2376055214531005
516 2.2376055214531005
517 2.2376055214531005
518 2.2376055214531005
519 3.1414758557200275
520 3.1414758557200275
521 3.1414758557200275
522 3.1414758557200275
523 2.5386921177258754
524 2.5386921177258754
525 2.5386921177258754
526 2.5386921177258754
527 1.964822393439635
528 1.964822393439635
529 1.964822393439635
530 1.964822393439635
531 1.2861018888032754
532 1.2861018888032754
533 1.2861018888032754
534 1.2861018888032754
535 2.0433265097781588
536 2.0433265097781588
537 2.0433265097781588
538 2.0433265097781588
539 1.3212587376275557
540 1.3212587376275557
541 1.3212587376275557
542 1.3212587376275557
543 1.8779756696243026
544 1.8779756696243026
545 1.8779756696243026
546 1.8779756696243026
547 1.05629961183699
548 1.05629961183699
549 1.05629961183699
550 1.05629961183699
551 2.385082669508276
552 2.385082669508276
553 2.385082669508276
554 2.385082669508276
555 0.1
556 0.1
557 0.1
558 0.1
559 3.309137381468433
560 3.309137381468433
561 3.309137381468433
562 3.309137381468433
563 3.506738240774071
564 3.506738240774071
565 3.506738240774071
566 3.506738240774071
567 1.5181983670042984
568 1.5181983670042984
569 1.5181983670042984
570 1.5181983670042984
571 3.108998647715512
572 3.108998647715512
573 3.108998647715512
574 0.9506658204019386
575 0.9506658204019386
576 0.9506658204019386
577 0.9506658204019386
578 0.4808889852402175
579 0.4808889852402175
580 0.4808889852402175
581 0.4808889852402175
582 0.6616649425880685
583 0.6616649425880685
584 0.6616649425880685
585 0.6616649425880685
586 0.8423746438223799
587 0.8423746438223799
588 0.8423746438223799
589 0.8423746438223799
590 0.1
591 0.1
592 0.1
593 0.1
594 0.5527294428702166
595 0.5527294428702166
596 0.5527294428702166
597 0.5527294428702166
598 0.7002520762923645
599 0.7002520762923645
600 0.7002520762923645
601 0.7002520762923645
602 1.0665424502008174
603 1.0665424502008174
604 1.0665424502008174
605 1.0665424502008174
606 0.46860330808463346
607 0.46860330808463346
608 0.46860330808463346
609 0.46860330808463346
610 1.0002492414770485
611 1.0002492414770485
612 1.0002492414770485
613 1.0002492414770485
614 1.3102789046844179
615 1.3102789046844179
616 1.3102789046844179
617 1.3102789046844179
618 0.9492987913802625
619 0.9492987913802625
620 0.9492987913802625
621 0.9492987913802625
622 0.721168165489273
623 0.721168165489273
624 0.721168165489273
625 0.721168165489273
626 0.9028959807171644
627 0.9028959807171644
628 0.9028959807171644
629 0.9028959807171644
630 0.6372582210874376
631 0.6372582210874376
632 0.6372582210874376
633 0.6372582210874376
634 0.8646687257461545
635 0.8646687257461545
636 0.8646687257461545
637 0.8646687257461545
638 0.6831085464266466
639 0.6831085464266466
640 0.6831085464266466
641 0.6831085464266466
642 0.8320958105874556
643 0.8320958105874556
644 0.8320958105874556
645 0.8320958105874556
646 0.5855874588537537
647 0.5855874588537537
648 0.5855874588537537
649 0.5855874588537537
650 0.5309384193268318
651 0.5309384193268318
652 0.5309384193268318
653 0.5309384193268318
654 0.617057076047971
655 0.617057076047971
656 0.617057076047971
657 0.617057076047971
658 0.5313215019417382
659 0.5313215019417382
660 0.5313215019417382
661 0.5313215019417382
662 0.7489912583050775
663 0.7489912583050775
664 0.7489912583050775
665 0.7489912583050775
666 0.4760639069195689
667 0.4760639069195689
668 0.4760639069195689
669 0.4760639069195689
670 0.6071051193330532
671 0.6071051193330532
672 0.6071051193330532
673 0.6071051193330532
674 0.45608205628700793
675 0.45608205628700793
676 0.45608205628700793
677 0.45608205628700793
678 0.5034725837127882
679 0.5034725837127882
680 0.5034725837127882
681 0.5034725837127882
682 0.7173549625755388
683 0.7173549625755388
684 0.7173549625755388
685 0.7173549625755388
686 0.5552437446678438
687 0.5552437446678438
688 0.5552437446678438
689 0.5552437446678438
690 0.4600609404001663
691 0.4600609404001663
692 0.4600609404001663
693 0.4600609404001663
694 0.5654430943758249
695 0.5654430943758249
696 0.5654430943758249
697 0.5654430943758249
698 0.7310050413565489
699 4.100887864077349
700 4.100887864077349
701 4.100887864077349
702 4.100887864077349
703 3.812192139548874
704 3.812192139548874
705 3.812192139548874
706 3.812192139548874
707 2.208635381206944
708 2.208635381206944
709 2.208635381206944
710 2.208635381206944
711 2.8408859926927774
712 2.8408859926927774
713 2.8408859926927774
714 2.8408859926927774
715 1.8520509452745693
716 1.8520509452745693
717 1.8520509452745693
718 1.8520509452745693
719 3.141766216623973
720 3.141766216623973
721 3.141766216623973
722 3.141766216623973
723 1.628182034640055
724 1.628182034640055
725 1.628182034640055
726 1.628182034640055
727 2.0141125172775873
728 2.0141125172775873
729 2.0141125172775873
730 2.0141125172775873
731 1.2404290927254484
732 1.2404290927254484
733 1.2404290927254484
734 1.2404290927254484
735 1.0261726480111986
736 1.0261726480111986
737 1.0261726480111986
738 1.0261726480111986
739 0.1
740 0.1
741 0.1
742 0.1
743 2.6505029112181937
744 2.6505029112181937
745 2.6505029112181937
746 2.6505029112181937
747 3.872811356077018
748 3.872811356077018
749 3.872811356077018
750 3.872811356077018
751 2.752670266996134
752 2.752670266996134
753 2.752670266996134
754 2.752670266996134
755 2.6486051148438765
756 2.6486051148438765
757 2.6486051148438765
758 2.6486051148438765
759 3.4606936886089703
760 3.4606936886089703
761 3.4606936886089703
762 3.4606936886089703
763 1.3487114487508118
764 1.3487114487508118
765 1.3487114487508118
766 1.3487114487508118
767 2.4778237756000934
768 2.4778237756000934
769 2.4778237756000934
770 2.4778237756000934
771 4.47330901608462
772 4.47330901608462
773 4.47330901608462
774 4.47330901608462
775 0.949856591808026
776 0.949856591808026
777 0.949856591808026
778 0.949856591808026
779 1.6814751677936954
780 1.6814751677936954
781 1.6814751677936954
782 1.6814751677936954
783 0.1
784 0.1
785 0.1
786 0.1
787 0.6943987767933697
788 0.6943987767933697
789 0.6943987767933697
790 0.6943987767933697
791 0.9091213102745439
792 0.9091213102745439
793 0.9091213102745439
794 0.9091213102745439
795 0.3990694333445869
796 0.3990694333445869
797 0.3990694333445869
798 0.3990694333445869
799 1.6113703628788771
800 1.6113703628788771
801 1.6113703628788771
802 1.6113703628788771
803 1.037189012879
804 1.037189012879
805 1.037189012879
806 1.037189012879
807 1.42648753200077
808 1.42648753200077
809 1.42648753200077
810 1.42648753200077
811 1.6384514697724832
812 1.6384514697724832
813 1.6384514697724832
814 1.6384514697724832
815 0.40199342049298625
816 0.40199342049298625
817 0.40199342049298625
818 0.40199342049298625
819 0.1662606795918231
820 0.1662606795918231
821 0.1662606795918231
822 0.1662606795918231
823 0.9681388935510306
824 0.9681388935510306
825 0.9681388935510306
826 0.9681388935510306
827 1.242461659112787
828 1.242461659112787
829 1.242461659112787
830 1.242461659112787
831 1.3878531730848713
832 1.3878531730848713
833 1.3878531730848713
834 1.3878531730848713
835 0.1
836 0.1
837 0.1
838 0.1
839 0.440294221370819
840 0.440294221370819
841 0.440294221370819
842 0.440294221370819
843 0.9696933070802873
844 0.9696933070802873
845 0.9696933070802873
846 0.9696933070802873
847 0.7840443411033006
848 0.7840443411033006
849 0.7840443411033006
850 0.7840443411033006
851 0.7017724050496307
852 0.7017724050496307
853 0.7017724050496307
854 0.7017724050496307
855 1.6493364241164827
856 1.6493364241164827
857 1.6493364241164827
858 1.6493364241164827
859 0.636584211602764
860 0.636584211602764
861 0.636584211602764
862 0.636584211602764
863 2.002271710968386
864 2.002271710968386
865 2.002271710968386
866 2.002271710968386
867 0.6113481397025027
868 0.6113481397025027
869 0.6113481397025027
870 0.6113481397025027
871 0.6015585922162187
872 0.6015585922162187
873 0.6015585922162187
874 0.6015585922162187
875 2.3843376343474523
876 2.3843376343474523
877 2.3843376343474523
878 2.3843376343474523
879 1.3061293279926913
880 1.3061293279926913
881 1.3061293279926913
882 1.3061293279926913
883 1.761951559941522
884 1.761951559941522
885 1.761951559941522
886 0.9105917101999779
887 0.9105917101999779
888 0.9105917101999779
889 0.9105917101999779
890 0.6305486828094212
891 0.6305486828094212
892 0.6305486828094212
893 0.6305486828094212
894 0.8379056092016836
895 0.8379056092016836
896 0.8379056092016836
897 0.8379056092016836
898 0.7303564018886513
899 0.7303564018886513
900 0.7303564018886513
901 0.7303564018886513
902 0.5032043088909458
903 0.5032043088909458
904 0.5032043088909458
905 0.5032043088909458
906 0.5324399804976316
907 0.5324399804976316
908 0.5324399804976316
909 0.5324399804976316
910 1.2622363085529154
911 1.2622363085529154
912 1.2622363085529154
913 1.2622363085529154
914 1.1347114852195317
915 1.1347114852195317
916 1.1347114852195317
917 1.1347114852195317
918 0.7797358029217901
919 0.7797358029217901
920 0.7797358029217901
921 0.7797358029217901
922 1.1767224779682137
923 1.1767224779682137
924 1.1767224779682137
925 1.1767224779682137
926 0.3572217937397282
927 0.3572217937397282
928 0.3572217937397282
929 0.3572217937397282
930 0.4132664383483607
931 0.4132664383483607
932 0.4132664383483607
933 0.4132664383483607
934 0.7135069274604905
935 0.7135069274604905
936 0.7135069274604905
937 0.7135069274604905
938 0.1
939 0.1
940 2.800022413686575
941 2.800022413686575
942 2.800022413686575
943 2.800022413686575
944 2.077980597260631
945 2.077980597260631
946 2.077980597260631
947 2.077980597260631
948 3.3620904094272386
949 3.3620904094272386
950 3.3620904094272386
951 3.3620904094272386
952 1.3493335266965405
953 1.3493335266965405
954 1.3493335266965405
955 1.3493335266965405
956 0.9686760746384366
957 0.9686760746384366
958 0.9686760746384366
959 0.9686760746384366
960 1.2332965585577176
961 1.2332965585577176
962 1.2332965585577176
963 1.2332965585577176
964 2.595297640423491
965 2.595297640423491
966 2.595297640423491
967 2.595297640423491
968 2.8697271960134088
969 2.8697271960134088
970 2.8697271960134088
971 2.8697271960134088
972 2.0402184356731548
973 2.0402184356731548
974 2.0402184356731548
975 2.0402184356731548
976 0.4254798579744712
977 0.4254798579744712
978 0.4254798579744712
979 0.4254798579744712
980 2.213500553932667
981 2.213500553932667
982 2.213500553932667
983 2.213500553932667
984 1.8718002662051152
985 1.8718002662051152
986 1.8718002662051152
987 1.8718002662051152
988 3.179685882935419
989 3.179685882935419
990 3.179685882935419
991 3.179685882935419
992 1.110014671086636
993 1.110014671086636
994 1.110014671086636
995 1.110014671086636
996 3.610014864924598
997 3.610014864924598
998 3.610014864924598
999 3.610014864924598
1000 6.558025169734369
1001 6.558025169734369
1002 6.558025169734369
1003 6.558025169734369
1004 3.813090093330086
1005 3.813090093330086
1006 3.813090093330086
1007 3.813090093330086
1008 4.998319708718551
1009 4.998319708718551
1010 4.998319708718551
1011 4.998319708718551
1012 6.147822522599017
1013 6.147822522599017
1014 6.147822522599017
1015 6.147822522599017
1016 3.969051185809622
1017 3.969051185809622
1018 3.969051185809622
1019 3.969051185809622
1020 1.8070637810365673
1021 1.8070637810365673
1022 1.8070637810365673
1023 1.8070637810365673
1024 1.4974527690420822
1025 1.4974527690420822
1026 1.4974527690420822
1027 0.26491386181768195
1028 0.26491386181768195
1029 0.26491386181768195
1030 3.3210494358433906
1031 3.3210494358433906
1032 3.3210494358433906
1033 3.3210494358433906
1034 1.5836552200904164
1035 1.5836552200904164
1036 1.5836552200904164
1037 1.5836552200904164
1038 4.110591238301938
1039 4.110591238301938
1040 4.110591238301938
1041 4.110591238301938
1042 5.445178656701632
1043 5.445178656701632
1044 5.445178656701632
1045 5.445178656701632
1046 2.76912473984458
1047 2.76912473984458
1048 2.76912473984458
1049 2.76912473984458
1050 2.3485153757888613
1051 2.3485153757888613
1052 2.3485153757888613
1053 2.3485153757888613
1054 2.184585325059828
1055 2.184585325059828
1056 2.184585325059828
1057 0.9356132230110268
1058 0.9356132230110268
1059 0.9356132230110268
1060 0.9356132230110268
1061 1.510698461468103
1062 1.510698461468103
1063 1.510698461468103
1064 1.510698461468103
1065 3.3477204519609502
1066 3.3477204519609502
1067 3.3477204519609502
1068 3.3477204519609502
1069 3.2560535493460616
1070 3.2560535493460616
1071 3.2560535493460616
1072 3.2560535493460616
1073 1.0077103118467685
1074 1.0077103118467685
1075 1.0077103118467685
1076 1.0077103118467685
1077 2.2797759427195428
1078 2.2797759427195428
1079 2.2797759427195428
1080 2.2797759427195428
1081 0.1
1082 0.1
1083 0.1
1084 0.1
1085 2.699302915081493
1086 2.699302915081493
1087 2.699302915081493
1088 2.699302915081493
1089 2.911895774404305
1090 2.911895774404305
1091 2.911895774404305
1092 2.911895774404305
1093 0.5849027673326226
1094 0.5849027673326226
1095 0.5849027673326226
1096 0.5849027673326226
1097 0.515285684039988
1098 0.515285684039988
1099 0.515285684039988
1100 0.515285684039988
1101 1.7013043590705077
1102 1.7013043590705077
1103 1.7013043590705077
1104 1.7013043590705077
1105 1.206707280540046
1106 1.206707280540046
1107 1.206707280540046
1108 1.206707280540046
1109 1.9862354417692665
1110 1.9862354417692665
1111 4.418905279812194
1112 4.418905279812194
1113 4.418905279812194
1114 4.418905279812194
1115 3.708768003756595
1116 3.708768003756595
1117 3.708768003756595
1118 3.708768003756595
1119 0.846170322279322
1120 0.846170322279322
1121 0.846170322279322
1122 0.846170322279322
1123 2.6480545347865165
1124 2.6480545347865165
1125 2.6480545347865165
1126 2.6480545347865165
1127 2.2633865854685675
1128 2.2633865854685675
1129 2.2633865854685675
1130 2.2633865854685675
1131 2.020746797390722
1132 2.020746797390722
1133 2.020746797390722
1134 2.020746797390722
1135 1.0120138813398014
1136 1.0120138813398014
1137 1.0120138813398014
1138 1.0120138813398014
1139 1.9523247918262094
1140 1.9523247918262094
1141 1.9523247918262094
1142 1.9523247918262094
1143 0.7785791325412528
1144 0.7785791325412528
1145 0.7785791325412528
1146 0.7785791325412528
1147 0.1
1148 4.4617327708624925
1149 4.4617327708624925
1150 4.4617327708624925
1151 4.4617327708624925
1152 2.229812333418743
1153 2.229812333418743
1154 2.229812333418743
1155 2.229812333418743
1156 2.622428961543298
1157 2.622428961543298
1158 2.622428961543298
1159 2.622428961543298
1160 1.5809514067975092
1161 1.5809514067975092
1162 1.5809514067975092
1163 1.5809514067975092
1164 3.4245554961514153
1165 3.4245554961514153
1166 3.4245554961514153
1167 3.4245554961514153
1168 3.094798413014628
1169 3.094798413014628
1170 3.094798413014628
1171 3.094798413014628
1172 2.7420439249034976
1173 2.7420439249034976
1174 0.9721896021704474
1175 0.9721896021704474
1176 0.9721896021704474
1177 0.9721896021704474
1178 1.684713791060169
1179 1.684713791060169
1180 1.684713791060169
1181 1.684713791060169
1182 0.8029435028325049
1183 0.8029435028325049
1184 0.8029435028325049
1185 0.8029435028325049
1186 0.5340003608789591
1187 0.5340003608789591
1188 0.5340003608789591
1189 0.5340003608789591
1190 1.160213073116807
1191 1.160213073116807
1192 1.160213073116807
1193 1.160213073116807
1194 1.7490300181424616
1195 1.7490300181424616
1196 1.7490300181424616
1197 1.7490300181424616
1198 1.04628198971708
1199 1.04628198971708
1200 1.04628198971708
1201 1.04628198971708
1202 1.7085330193647303
1203 1.7085330193647303
1204 1.7085330193647303
1205 1.7085330193647303
1206 0.8555323530125715
1207 0.8555323530125715
1208 0.8555323530125715
1209 0.8555323530125715
1210 1.554287398282743
1211 1.554287398282743
1212 1.554287398282743
1213 1.554287398282743
1214 0.5333040806399448
1215 0.5333040806399448
1216 0.5333040806399448
1217 0.5333040806399448
1218 0.1
1219 0.1
1220 0.1
1221 0.1
1222 1.4055899330185526
1223 1.4055899330185526
1224 3.63166383653755
1225 3.63166383653755
1226 3.63166383653755
1227 3.63166383653755
1228 2.6829444542689354
1229 2.6829444542689354
1230 2.6829444542689354
1231 2.6829444542689354
1232 2.9710391519586716
1233 2.9710391519586716
1234 2.9710391519586716
1235 2.9710391519586716
1236 1.9697913997342393
1237 1.9697913997342393
1238 1.9697913997342393
1239 1.9697913997342393
1240 3.2567731807680578
1241 3.2567731807680578
1242 3.2567731807680578
1243 0.7312156576101552
1244 0.7312156576101552
1245 0.7312156576101552
1246 0.7312156576101552
1247 0.7217249307966378
1248 0.7217249307966378
1249 0.7217249307966378
1250 0.7217249307966378
1251 0.38679671844298535
1252 0.38679671844298535
1253 0.38679671844298535
1254 0.38679671844298535
1255 0.8164666373945303
1256 0.8164666373945303
1257 0.8164666373945303
1258 0.8164666373945303
1259 0.9767400821198855
1260 0.9767400821198855
1261 0.9767400821198855
1262 0.9767400821198855
1263 0.9413495544549448
1264 0.9413495544549448
1265 0.9413495544549448
1266 0.9413495544549448
1267 2.1590361838300387
1268 2.1590361838300387
1269 2.1590361838300387
1270 2.1590361838300387
1271 4.47163482007622
1272 4.47163482007622
1273 4.47163482007622
1274 4.47163482007622
1275 2.49677632676158
1276 2.49677632676158
1277 2.49677632676158
1278 2.49677632676158
1279 3.4349730312281554
1280 3.4349730312281554
1281 3.4349730312281554
1282 3.4349730312281554
1283 3.2207671598695486
1284 3.2207671598695486
1285 3.2207671598695486
1286 3.2207671598695486
1287 3.792926826008042
1288 3.792926826008042
1289 3.792926826008042
1290 3.792926826008042
1291 1.723013600681473
1292 1.723013600681473
1293 1.723013600681473
1294 1.723013600681473
1295 1.9342645151733944
1296 1.9342645151733944
1297 1.9342645151733944
1298 1.9342645151733944
1299 2.865316217221805
1300 2.865316217221805
1301 2.865316217221805
1302 2.865316217221805
1303 4.567433791737798
1304 0.5103914223238313
1305 0.5103914223238313
1306 0.5103914223238313
1307 0.5103914223238313
1308 0.8655128652871195
1309 0.8655128652871195
1310 0.8655128652871195
1311 0.8655128652871195
1312 0.3509207225449725
1313 0.3509207225449725
1314 0.3509207225449725
1315 0.3509207225449725
1316 0.779042998028713
1317 0.779042998028713
1318 0.779042998028713
1319 0.779042998028713
1320 0.3445674994597392
1321 0.3445674994597392
1322 0.3445674994597392
1323 0.3445674994597392
1324 0.1
1325 0.1
1326 0.1
1327 0.1
1328 0.43775125963411127
1329 0.43775125963411127
1330 0.43775125963411127
1331 0.43775125963411127
1332 0.7642647929192128
1333 0.7642647929192128
1334 0.7642647929192128
1335 0.7642647929192128
1336 0.3857973765797947
1337 0.3857973765797947
1338 0.3857973765797947
1339 0.3857973765797947
1340 0.7623946562299944
1341 0.7623946562299944
1342 0.7623946562299944
1343 0.7623946562299944
1344 0.47729451131787526
1345 0.47729451131787526
1346 0.47729451131787526
1347 0.47729451131787526
1348 0.662887456326254
1349 0.20308281483888926
1350 0.20308281483888926
1351 0.20308281483888926
1352 0.20308281483888926
1353 0.19161558774367304
1354 0.19161558774367304
1355 0.19161558774367304
1356 0.19161558774367304
1357 0.21902081105994362
1358 0.21902081105994362
1359 0.21902081105994362
1360 0.21902081105994362
1361 0.20672411130063528
1362 0.20672411130063528
1363 0.20672411130063528
1364 0.20672411130063528
1365 0.2440947495891742
1366 0.2440947495891742
1367 0.2440947495891742
1368 0.2440947495891742
1369 0.2468087156286312
1370 0.2468087156286312
1371 0.2468087156286312
1372 0.2468087156286312
1373 0.1973573046746691
1374 0.1973573046746691
1375 0.1973573046746691
1376 0.1973573046746691
1377 0.15816743720918902
1378 0.15816743720918902
1379 0.15816743720918902
1380 0.15816743720918902
1381 0.37405093853483795
1382 0.37405093853483795
1383 0.37405093853483795
1384 0.37405093853483795
1385 0.1125038917620532
1386 0.1125038917620532
1387 0.1125038917620532
1388 0.1125038917620532
1389 0.2056779111815911
1390 0.2056779111815911
1391 0.2056779111815911
1392 0.2056779111815911
1393 0.2035326585150239
1394 2.131435638081311
1395 2.131435638081311
1396 2.131435638081311
1397 2.131435638081311
1398 2.289533593164585
1399 2.289533593164585
1400 2.289533593164585
1401 2.289533593164585
1402 1.3490231217423683
1403 1.3490231217423683
1404 1.3490231217423683
1405 1.3490231217423683
1406 2.749775856214036
1407 2.749775856214036
1408 2.749775856214036
1409 2.749775856214036
1410 2.3368690674085744
1411 2.3368690674085744
1412 2.3368690674085744
1413 2.3368690674085744
1414 3.6213232961050457
1415 3.6213232961050457
1416 3.6213232961050457
1417 3.6213232961050457
1418 2.488984622580056
1419 2.488984622580056
1420 2.488984622580056
1421 2.488984622580056
1422 2.419608447767846
1423 2.419608447767846
1424 2.419608447767846
1425 2.419608447767846
1426 0.2390354371050183
1427 0.2390354371050183
1428 0.2390354371050183
1429 0.2390354371050183
1430 2.242236297347665
1431 2.242236297347665
1432 2.242236297347665
1433 2.242236297347665
1434 2.781548210941227
1435 2.781548210941227
1436 2.781548210941227
1437 2.781548210941227
1438 2.1874675947792706
1439 2.1874675947792706
1440 2.1874675947792706
1441 2.1874675947792706
1442 1.8943545638651442
1443 1.8943545638651442
1444 1.8943545638651442
1445 1.8943545638651442
1446 2.6699386770815403
1447 2.6699386770815403
1448 2.6699386770815403
1449 2.6699386770815403
1450 2.4940008013372488
1451 2.4940008013372488
1452 2.4940008013372488
1453 2.4940008013372488
1454 3.028489538687441
1455 3.028489538687441
1456 3.028489538687441
1457 3.028489538687441
1458 2.7300784036268957
1459 2.7300784036268957
1460 2.7300784036268957
1461 2.7300784036268957
1462 1.7383265381343072
1463 1.7383265381343072
1464 1.7383265381343072
1465 1.7383265381343072
1466 2.312540238398851
1467 2.312540238398851
1468 2.312540238398851
1469 2.312540238398851
1470 3.8074851345714764
1471 3.8074851345714764
1472 3.8074851345714764
1473 3.8074851345714764
1474 1.5264653143135292
1475 1.5264653143135292
1476 1.5264653143135292
1477 1.5264653143135292
1478 4.431858959254142
1479 4.431858959254142
1480 4.431858959254142
1481 4.431858959254142
1482 3.4714340952641227
1483 3.4714340952641227
1484 3.4714340952641227
1485 3.4714340952641227
1486 2.6859365244073614
1487 2.6859365244073614
1488 2.6859365244073614
1489 2.6859365244073614
1490 4.0628141083363225
1491 4.0628141083363225
1492 4.0628141083363225
1493 4.0628141083363225
1494 2.832053466743668
1495 2.832053466743668
1496 2.832053466743668
1497 2.832053466743668
1498 1.6104152684479967
1499 1.6104152684479967
1500 1.6104152684479967
1501 1.6104152684479967
1502 3.7739253520346088
1503 3.7739253520346088
1504 3.7739253520346088
1505 3.7739253520346088
1506 1.5448150918024302
1507 1.5448150918024302
1508 1.5448150918024302
1509 1.5448150918024302
1510 2.0573521646234814
1511 2.0573521646234814
1512 2.0573521646234814
1513 2.0573521646234814
1514 2.069634744223514
1515 2.069634744223514
1516 2.069634744223514
1517 2.069634744223514
1518 2.6568951426612397
1519 2.6568951426612397
1520 2.6568951426612397
1521 2.6568951426612397
1522 2.9185019742967944
1523 2.9185019742967944
1524 2.9185019742967944
1525 2.9185019742967944
1526 3.0872823090294674
1527 3.0872823090294674
1528 3.0872823090294674
1529 3.0872823090294674
1530 4.485242443869202
1531 1.9805826917115124
1532 1.9805826917115124
1533 1.9805826917115124
1534 1.9805826917115124
1535 0.1
1536 0.1
1537 0.1
1538 0.1
1539 3.4612885663167554
1540 3.4612885663167554
1541 3.4612885663167554
1542 3.4612885663167554
1543 1.7350154514226723
1544 1.7350154514226723
1545 1.7350154514226723
1546 1.7350154514226723
1547 1.697973070301769
1548 1.697973070301769
1549 1.697973070301769
1550 1.697973070301769
1551 2.8712674322520404
1552 0.7944340432742643
1553 0.7944340432742643
1554 0.7944340432742643
1555 0.7944340432742643
1556 1.6864851687573235
1557 1.6864851687573235
1558 1.6864851687573235
1559 1.6864851687573235
1560 1.4671453459510668
1561 1.0364176783500403
1562 1.0364176783500403
1563 1.0364176783500403
1564 1.0364176783500403
1565 2.110826197908729
1566 2.110826197908729
1567 1.9592023978664619
1568 1.9592023978664619
1569 4.122828502692192
1570 4.122828502692192
1571 4.122828502692192
1572 4.122828502692192
1573 1.366086073730905
1574 1.366086073730905
1575 1.366086073730905
1576 1.366086073730905
1577 2.8889903079107686
1578 2.8889903079107686
1579 2.8889903079107686
1580 2.8889903079107686
1581 4.555337252974822
1582 4.555337252974822
1583 4.555337252974822
1584 4.555337252974822
1585 4.1795397265832035
1586 4.1795397265832035
1587 4.1795397265832035
1588 4.1795397265832035
1589 0.6502102679329763
1590 0.6502102679329763
1591 0.6502102679329763
1592 0.6502102679329763
1593 0.5679315949870539
1594 0.5679315949870539
1595 0.5679315949870539
1596 0.5679315949870539
1597 0.806314986215104
1598 0.806314986215104
1599 0.806314986215104
1600 0.806314986215104
1601 2.5864432512181894
1602 2.5864432512181894
1603 2.5864432512181894
1604 2.5864432512181894
1605 2.8955663430894427
1606 2.8955663430894427
1607 2.8955663430894427
1608 2.8955663430894427
1609 3.3064226424297236
1610 3.3064226424297236
1611 3.3064226424297236
1612 3.3064226424297236
1613 7.417549231656004
1614 7.417549231656004
1615 7.417549231656004
1616 7.417549231656004
1617 1.9696767783771956
1618 1.9696767783771956
1619 1.9696767783771956
1620 1.9696767783771956
1621 4.47434644371853
1622 4.47434644371853
1623 4.47434644371853
1624 4.47434644371853
1625 0.535476000176477
1626 0.535476000176477
1627 0.535476000176477
1628 0.535476000176477
1629 1.1468034417900097
1630 1.1468034417900097
1631 1.1468034417900097
1632 1.1468034417900097
1633 0.3263420962310886
1634 0.3263420962310886
1635 0.3263420962310886
1636 0.3263420962310886
1637 2.060047379470433
1638 2.060047379470433
1639 2.060047379470433
1640 2.060047379470433
1641 1.680178865252563
1642 1.680178865252563
1643 1.680178865252563
1644 1.680178865252563
1645 4.084856212783454
1646 4.084856212783454
1647 4.084856212783454
1648 4.084856212783454
1649 3.0878306630891905
1650 3.0878306630891905
1651 3.0878306630891905
1652 3.0878306630891905
1653 2.2155988128675426
1654 2.2155988128675426
1655 2.2155988128675426
1656 2.2155988128675426
1657 4.649451597558956
1658 4.649451597558956
1659 2.704561070942636
1660 2.704561070942636
1661 2.704561070942636
1662 2.704561070942636
1663 0.1
1664 0.1
1665 0.1
1666 0.1
1667 4.720763120348913
1668 4.720763120348913
1669 4.720763120348913
1670 4.720763120348913
1671 4.642857165452579
1672 4.642857165452579
1673 4.642857165452579
1674 4.642857165452579
1675 4.985956026300282
1676 4.985956026300282
1677 4.985956026300282
1678 4.985956026300282
1679 3.9098288053192416
1680 3.9098288053192416
1681 3.9098288053192416
1682 3.9098288053192416
1683 1.6206794575852284
1684 1.6206794575852284
1685 1.6206794575852284
1686 1.6206794575852284
1687 3.792622089010562
1688 3.792622089010562
1689 3.792622089010562
1690 3.792622089010562
1691 1.6318790416948352
1692 1.6318790416948352
1693 1.6318790416948352
1694 1.6318790416948352
1695 3.1831238556849613
1696 3.1831238556849613
1697 3.1831238556849613
1698 3.1831238556849613
1699 3.3056635626315414
1700 3.3056635626315414
1701 3.3056635626315414
1702 3.3056635626315414
1703 2.284007183135741
1704 2.284007183135741
1705 1.7718871272916985
1706 1.7718871272916985
1707 1.7718871272916985
1708 1.7718871272916985
1709 1.7660852986899052
1710 1.7660852986899052
1711 1.7660852986899052
1712 1.7660852986899052
1713 1.7806742502380402
1714 1.7806742502380402
1715 0.7393669230777045
1716 0.7393669230777045
1717 0.7393669230777045
1718 0.7393669230777045
1719 2.161321872494329
1720 2.161321872494329
1721 2.161321872494329
1722 2.161321872494329
1723 0.9164396708291619
1724 0.9164396708291619
1725 4.244028910774074
1726 4.244028910774074
1727 4.244028910774074
1728 4.244028910774074
1729 4.1092275059843955
1730 4.1092275059843955
1731 4.1092275059843955
1732 4.1092275059843955
1733 4.093483194368844
1734 4.093483194368844
1735 4.093483194368844
1736 4.093483194368844
1737 5.326371391278571
1738 5.326371391278571
1739 5.326371391278571
1740 5.326371391278571
1741 2.766617034944834
1742 2.766617034944834
1743 2.766617034944834
1744 2.766617034944834
1745 4.533986573159909
1746 4.533986573159909
1747 4.533986573159909
1748 4.533986573159909
1749 1.499607428578989
1750 1.499607428578989
1751 1.499607428578989
1752 1.499607428578989
1753 5.023545694135476
1754 5.023545694135476
1755 5.023545694135476
1756 5.023545694135476
1757 3.2105484678209115
1758 3.2105484678209115
1759 3.2105484678209115
1760 3.2105484678209115
1761 1.9152021381010642
1762 1.9152021381010642
1763 1.9152021381010642
1764 1.9152021381010642
1765 5.339759929557385
1766 5.339759929557385
1767 0.35882164940954464
1768 0.35882164940954464
1769 5.58584192664259
1770 5.58584192664259
1771 5.58584192664259
1772 5.58584192664259
1773 5.811386254258512
1774 5.811386254258512
1775 5.811386254258512
1776 5.811386254258512
1777 4.145801643978189
1778 4.145801643978189
1779 4.145801643978189
1780 4.145801643978189
1781 2.8679775109596464
1782 2.8679775109596464
1783 2.8679775109596464
1784 2.8679775109596464
1785 4.900848354723946
1786 4.900848354723946
1787 4.900848354723946
1788 4.900848354723946
1789 1.46528987073156
1790 1.46528987073156
1791 1.46528987073156
1792 1.46528987073156
1793 4.607608166582522
1794 4.607608166582522
1795 4.607608166582522
1796 4.607608166582522
1797 3.536483330198226
1798 3.536483330198226
1799 3.536483330198226
1800 3.536483330198226
1801 3.6959924702172957
1802 3.6959924702172957
1803 3.6959924702172957
1804 3.6959924702172957
1805 3.6364992211733616
1806 3.6364992211733616
1807 3.6364992211733616
1808 3.6364992211733616
1809 1.4997703912557236
1810 1.4997703912557236
1811 1.4997703912557236
1812 1.4997703912557236
1813 3.117954723629572
1814 3.117954723629572
1815 3.117954723629572
1816 3.117954723629572
1817 4.838688716930113
1818 4.838688716930113
1819 4.838688716930113
1820 4.838688716930113
1821 2.2977396871065565
1822 2.2977396871065565
1823 2.2977396871065565
1824 2.2977396871065565
1825 3.4024736466163708
1826 3.4024736466163708
1827 3.4024736466163708
1828 3.4024736466163708
1829 1.4658928946042216
1830 1.4658928946042216
1831 1.4658928946042216
1832 1.4658928946042216
1833 1.6633727945786243
1834 1.6633727945786243
1835 1.6633727945786243
1836 1.6633727945786243
1837 0.9388362908686092
1838 0.9388362908686092
1839 0.9388362908686092
1840 0.9388362908686092
1841 2.2284233937368523
1842 2.2284233937368523
1843 2.2284233937368523
1844 2.2284233937368523
1845 2.6659990297896607
1846 2.6659990297896607
1847 2.6659990297896607
1848 2.6659990297896607
1849 0.1
1850 0.1
1851 0.1
1852 0.1
1853 1.4393897945448564
1854 1.4393897945448564
1855 1.4393897945448564
1856 1.4393897945448564
1857 1.8220535016784838
1858 1.8220535016784838
1859 1.8220535016784838
1860 1.8220535016784838
1861 1.9832218031717432
1862 1.9832218031717432
1863 1.9832218031717432
1864 1.9832218031717432
1865 1.6544674518616742
1866 1.6544674518616742
1867 1.6544674518616742
1868 1.6544674518616742
1869 2.6464435480500192
1870 2.6464435480500192
1871 2.6464435480500192
1872 2.6464435480500192
1873 1.3160411582037932
1874 1.3160411582037932
1875 1.3160411582037932
1876 1.3160411582037932
1877 1.1812652535034105
1878 1.1812652535034105
1879 1.1812652535034105
1880 1.1812652535034105
1881 1.970974212158626
1882 1.970974212158626
1883 1.970974212158626
1884 1.970974212158626
1885 1.7154498834623113
1886 1.7154498834623113
1887 1.7154498834623113
1888 1.7154498834623113
1889 0.1
1890 0.1
1891 0.1
1892 0.7438963622544312
1893 0.7438963622544312
1894 0.7438963622544312
1895 0.7438963622544312
1896 0.5323224587903759
1897 0.5323224587903759
1898 0.5323224587903759
1899 0.5323224587903759
1900 0.3952694164378956
1901 0.3952694164378956
1902 2.2632490803215157
1903 2.2632490803215157
1904 2.2632490803215157
1905 2.2632490803215157
1906 0.5866597118907824
1907 0.5866597118907824
1908 0.5866597118907824
1909 0.5866597118907824
1910 1.605386295113714
1911 1.605386295113714
1912 1.605386295113714
1913 1.605386295113714
1914 1.464407967339326
1915 1.464407967339326
1916 1.464407967339326
1917 1.464407967339326
1918 2.2444336710524952
1919 2.2444336710524952
1920 2.2444336710524952
1921 2.2444336710524952
1922 1.3532138949881656
1923 1.3532138949881656
1924 1.3532138949881656
1925 1.3532138949881656
1926 1.7526765508225974
1927 1.7526765508225974
1928 1.7526765508225974
1929 1.7526765508225974
1930 0.8894687708691009
1931 0.8894687708691009
1932 0.8894687708691009
1933 0.8894687708691009
1934 2.31470607617114
1935 2.31470607617114
1936 2.31470607617114
1937 2.31470607617114
1938 0.3578876141381897
1939 0.3578876141381897
1940 0.3578876141381897
1941 0.3578876141381897
1942 0.4672701145133822
1943 0.4672701145133822
1944 0.4672701145133822
1945 0.4672701145133822
1946 5.861569179584288
1947 5.861569179584288
1948 5.861569179584288
1949 5.861569179584288
1950 3.5653281484210515
1951 3.5653281484210515
1952 3.5653281484210515
1953 3.5653281484210515
1954 3.404949597671353
1955 3.404949597671353
1956 3.404949597671353
1957 3.404949597671353
1958 2.1705127591505073
1959 2.1705127591505073
1960 2.1705127591505073
1961 2.1705127591505073
1962 3.6882489053697176
1963 3.6882489053697176
1964 3.6882489053697176
1965 3.6882489053697176
1966 2.9535352291795616
1967 3.46249244880004
1968 3.46249244880004
1969 3.46249244880004
1970 3.46249244880004
1971 2.20670707827396
1972 2.20670707827396
1973 2.20670707827396
1974 2.20670707827396
1975 3.2844889555905743
1976 3.2844889555905743
1977 3.2844889555905743
1978 3.2844889555905743
1979 2.593803513608825
1980 2.593803513608825
1981 2.593803513608825
1982 2.593803513608825
1983 2.1958335360899133
1984 2.1958335360899133
1985 2.1958335360899133
1986 2.1958335360899133
1987 0.8645537890332127
1988 0.8645537890332127
1989 0.8645537890332127
1990 0.8645537890332127
1991 2.2413649409974092
1992 2.2413649409974092
1993 2.2413649409974092
1994 2.2413649409974092
1995 2.918199151988266
1996 2.918199151988266
1997 2.918199151988266
1998 2.918199151988266
1999 2.944810560000815
