0 0.9223161895713756
1 0.9223161895713756
2 0.6920679866858872
3 0.6920679866858872
4 1.1282588454049658
5 1.1282588454049658
6 1.2295146651392879
7 1.2295146651392879
8 1.697516606221609
9 1.697516606221609
10 0.7093068521615473
11 0.7093068521615473
12 1.5394402306344508
13 1.5394402306344508
14 1.0878164471367329
15 1.0878164471367329
16 1.0030456390979432
17 1.0030456390979432
18 0.8262386778060706
19 0.8262386778060706
20 0.7657437288492694
21 0.7657437288492694
22 0.6653537794320401
23 0.6653537794320401
24 0.7183776724301276
25 0.7183776724301276
26 0.7906780603656134
27 0.7906780603656134
28 1.0495332249809004
29 1.0495332249809004
30 1.4630777885552324
31 1.4630777885552324
32 0.4347493180238319
33 0.4347493180238319
34 0.8442961254831849
35 0.8442961254831849
36 1.4813925547903206
37 1.4813925547903206
38 0.2363352122070459
39 0.2363352122070459
40 1.0873549546425443
41 1.0873549546425443
42 1.6070787243328857
43 1.6070787243328857
44 0.9697288916903656
45 0.9697288916903656
46 0.8855329403458514
47 0.8855329403458514
48 0.9766856569637232
49 0.9766856569637232
50 0.8983680549680237
51 0.8983680549680237
52 1.4738178206482895
53 1.4738178206482895
54 1.5041125930259183
55 1.5041125930259183
56 1.0969148435742184
57 1.0969148435742184
58 1.4265337472285728
59 1.4265337472285728
60 1.4513585293581437
61 1.4513585293581437
62 0.7796359596510514
63 0.7796359596510514
64 1.1186526650276325
65 1.1186526650276325
66 0.7787330296974679
67 0.7787330296974679
68 1.6644029332674475
69 1.6644029332674475
70 1.4887241315336208
71 1.4887241315336208
72 1.096192905161494
73 1.096192905161494
74 0.9702103392536165
75 0.9702103392536165
76 0.8990374855319111
77 0.8990374855319111
78 0.9829989133848251
79 0.9829989133848251
80 0.9578636407543429
81 0.9578636407543429
82 1.5262371417145526
83 1.5262371417145526
84 0.6672724313882822
85 0.6672724313882822
86 1.537432066491943
87 1.537432066491943
88 1.2120848641107593
89 1.2120848641107593
90 1.1425077469141334
91 1.1425077469141334
92 0.7994535606056183
93 0.7994535606056183
94 0.3652290652935606
95 0.3652290652935606
96 0.9728278915126845
97 0.9728278915126845
98 0.8022778105582256
99 0.8022778105582256
100 1.4507901711323472
101 1.4507901711323472
102 1.3605530368183034
103 1.3605530368183034
104 1.5028102118855025
105 1.5028102118855025
106 0.8388862036674564
107 0.8388862036674564
108 1.4243000122114688
109 1.4243000122114688
110 1.5841851749369495
111 1.5841851749369495
112 0.5051842052508964
113 0.5051842052508964
114 1.0104161440360475
115 1.0104161440360475
116 1.414623865333172
117 1.414623865333172
118 1.0955390980046904
119 1.0955390980046904
120 1.8357753787895414
121 1.8357753787895414
122 1.3910232347417235
123 1.3910232347417235
124 1.2077904273554876
125 1.2077904273554876
126 1.1967737487575105
127 1.1967737487575105
128 0.8681334379905263
129 0.8681334379905263
130 1.4239210732308663
131 1.4239210732308663
132 1.1598369847792727
133 1.1598369847792727
134 1.2166169645310494
135 1.2166169645310494
136 1.3157281988731513
137 1.3157281988731513
138 1.3933752464224123
139 1.3933752464224123
140 1.1987844626636208
141 1.1987844626636208
142 1.1618651922172
143 1.1618651922172
144 0.6600015286110655
145 0.6600015286110655
146 0.807974434947391
147 0.807974434947391
148 1.0271434891274906
149 1.0271434891274906
150 0.9279186727914688
151 0.9279186727914688
152 1.8266651766867017
153 1.8266651766867017
154 1.2215897936174536
155 1.2215897936174536
156 0.9936715544578124
157 0.9936715544578124
158 0.8700967962579134
159 0.8700967962579134
160 1.204111545875025
161 1.204111545875025
162 0.8824194252520869
163 0.8824194252520869
164 1.5171543790809585
165 1.5171543790809585
166 1.217413618404778
167 1.217413618404778
168 1.592384372051939
169 1.592384372051939
170 1.6078408468618959
171 1.6078408468618959
172 0.42132637546967533
173 0.42132637546967533
174 1.2348227336109692
175 1.2348227336109692
176 1.5431711810249062
177 1.5431711810249062
178 1.3417976150385287
179 1.3417976150385287
180 0.9689226507768406
181 0.9689226507768406
182 1.0327869305579558
183 1.0327869305579558
184 1.0773791465439961
185 1.0773791465439961
186 1.009824137362005
187 1.009824137362005
188 1.9205370637699575
189 1.9205370637699575
190 0.9056064418965682
191 0.9056064418965682
192 0.8309544091409347
193 0.8309544091409347
194 1.3263879100427742
195 1.3263879100427742
196 0.9642947912576152
197 0.9642947912576152
198 1.3398107597220377
199 1.3398107597220377
200 1.6195572884129237
201 1.6195572884129237
202 1.1006243829220956
203 1.1006243829220956
204 1.5525618799511358
205 1.5525618799511358
206 2.0453941876932733
207 2.0453941876932733
208 1.0805049666788993
209 1.0805049666788993
210 1.0290841139643723
211 1.0290841139643723
212 0.7668080389141682
213 0.7668080389141682
214 1.7370526721654869
215 1.7370526721654869
216 1.3601006209047588
217 1.3601006209047588
218 1.3774317935973879
219 1.3774317935973879
220 0.6229287981784051
221 0.6229287981784051
222 0.7656163397989206
223 0.7656163397989206
224 1.2656073800759353
225 1.2656073800759353
226 1.5534105004337682
227 1.5534105004337682
228 1.0952883964713263
229 1.0952883964713263
230 1.767196615646292
231 1.767196615646292
232 0.9939308763305048
233 0.9939308763305048
234 1.5946135558242616
235 1.5946135558242616
236 1.392053867247297
237 1.392053867247297
238 1.066991721349267
239 1.066991721349267
240 0.12739677896025903
241 0.12739677896025903
242 1.06421084387975
243 1.06421084387975
244 1.0581589455114364
245 1.0581589455114364
246 0.8593810059495561
247 0.8593810059495561
248 1.1024283433359368
249 1.1024283433359368
250 1.2854883316176202
251 1.2854883316176202
252 1.3277351704189282
253 1.3277351704189282
254 1.472908107238816
255 1.472908107238816
256 1.0967968513062736
257 1.0967968513062736
258 1.0243495366692033
259 1.0243495366692033
260 1.0679052820619201
261 1.0679052820619201
262 0.9362185586671283
263 0.9362185586671283
264 0.8196887260533421
265 0.8196887260533421
266 1.0699592178261805
267 1.0699592178261805
268 1.1385927356897985
269 1.1385927356897985
270 0.985128377682114
271 0.985128377682114
272 0.9669840194123821
273 0.9669840194123821
274 1.4263523697664495
275 1.4263523697664495
276 1.0110904940413905
277 1.0110904940413905
278 0.6931226754948545
279 0.6931226754948545
280 0.45529017610120226
281 0.45529017610120226
282 0.798280536127425
283 0.798280536127425
284 0.8645018727374304
285 0.8645018727374304
286 1.3477869126343056
287 1.3477869126343056
288 1.266580901209378
289 1.266580901209378
290 1.0543426227252055
291 1.0543426227252055
292 1.3633161404246303
293 1.3633161404246303
294 0.7772688077354104
295 0.7772688077354104
296 1.24256939410042
297 1.24256939410042
298 0.4960990035971332
299 0.4960990035971332
300 0.9178291295841043
301 0.9178291295841043
302 1.4335730287685484
303 1.4335730287685484
304 0.8990174211761168
305 0.8990174211761168
306 1.1497664554840572
307 1.1497664554840572
308 0.9128152461216502
309 0.9128152461216502
310 1.1832001342131604
311 1.1832001342131604
312 1.1998964819547904
313 1.1998964819547904
314 0.7939848799443094
315 0.7939848799443094
316 1.7411283499413543
317 1.7411283499413543
318 0.5463598357181999
319 0.5463598357181999
320 0.9875169560342416
321 0.9875169560342416
322 1.1412242042671845
323 1.1412242042671845
324 0.9627122409856161
325 2.931161346428658
326 2.931161346428658
327 3.850256545713483
328 3.850256545713483
329 2.403458552215727
330 2.403458552215727
331 4.102991402185539
332 5.230439727150761
333 5.230439727150761
334 1.4295579677385364
335 1.4295579677385364
336 5.209489264396602
337 5.209489264396602
338 5.496908864023905
339 5.496908864023905
340 5.20105835612937
341 5.20105835612937
342 2.7934856229156186
343 2.7934856229156186
344 3.788097086241966
345 3.788097086241966
346 2.7891457804289663
347 2.7891457804289663
348 5.144659250571712
349 5.144659250571712
350 3.872648880345217
351 3.872648880345217
352 5.157670966691699
353 5.157670966691699
354 6.494369546630231
355 6.494369546630231
356 1.683495396464897
357 1.683495396464897
358 4.286443470907236
359 4.286443470907236
360 2.774892877390009
361 2.774892877390009
362 4.785391414053484
363 4.785391414053484
364 2.1809156546117134
365 2.1809156546117134
366 2.8283968830580037
367 2.8283968830580037
368 2.1062710627818118
369 2.1062710627818118
370 4.837512073512223
371 4.837512073512223
372 4.326713793198306
373 4.326713793198306
374 3.316732958848841
375 3.316732958848841
376 1.0380422645833183
377 1.0380422645833183
378 1.9826314513195111
379 1.9826314513195111
380 2.08922064785742
381 2.08922064785742
382 2.6096565481557916
383 2.6096565481557916
384 1.51254615673888
385 1.51254615673888
386 4.887968329666647
387 4.887968329666647
388 4.354577688079188
389 4.354577688079188
390 2.799268638107874
391 2.799268638107874
392 3.024465514722771
393 3.024465514722771
394 3.6297886538587676
395 3.6297886538587676
396 6.043838008773323
397 6.043838008773323
398 2.7681385700836594
399 2.7681385700836594
400 2.8508946836323554
401 2.8508946836323554
402 3.161091345913727
403 3.161091345913727
404 1.538675161650586
405 1.538675161650586
406 2.403540077793894
407 2.403540077793894
408 3.400316592413694
409 3.400316592413694
410 1.4221239960519978
411 1.4221239960519978
412 3.224606664267601
413 3.224606664267601
414 3.096905329350263
415 3.096905329350263
416 4.016989359236523
417 4.016989359236523
418 3.1218195122289436
419 0.654068742474844
420 0.654068742474844
421 0.6369713484183605
422 0.6369713484183605
423 0.8017048593022281
424 0.8017048593022281
425 0.49516922032147737
426 0.49516922032147737
427 0.22371941070403717
428 0.22371941070403717
429 0.28721593241984106
430 0.28721593241984106
431 0.3228189450564726
432 0.3228189450564726
433 0.6984582508010769
434 0.6984582508010769
435 0.6273795020748363
436 0.6273795020748363
437 0.46365955957581184
438 0.46365955957581184
439 0.6484547867405662
440 0.6484547867405662
441 0.5224281492554999
442 0.5224281492554999
443 0.4486618541510302
444 0.4486618541510302
445 0.6469837168391592
446 0.6469837168391592
447 0.6569066249427387
448 0.6569066249427387
449 0.734682726248028
450 0.734682726248028
451 0.8478594659603613
452 0.8478594659603613
453 0.6644595180367853
454 0.6644595180367853
455 0.5002310574666834
456 0.5002310574666834
457 0.5767377951995125
458 0.5767377951995125
459 0.5905009839426808
460 0.5905009839426808
461 0.4715812508584869
462 0.4715812508584869
463 0.7862434885340429
464 0.7862434885340429
465 0.7761473315286503
466 0.7761473315286503
467 0.7628461875167767
468 0.7628461875167767
469 0.838115572532973
470 0.838115572532973
471 0.7718699766293476
472 0.7718699766293476
473 0.5011473493761238
474 0.5011473493761238
475 0.5576459013819041
476 0.5576459013819041
477 0.37148203658860834
478 0.37148203658860834
479 0.52539372414943
480 0.52539372414943
481 0.8503516294546062
482 0.8503516294546062
483 0.9797127711283534
484 0.9797127711283534
485 0.9709276277635277
486 0.9709276277635277
487 0.5811020803274477
488 0.5811020803274477
489 0.2227764633584381
490 0.2227764633584381
491 0.5210832554172172
492 0.5210832554172172
493 0.4347839286858655
494 0.4347839286858655
495 0.6860754371299064
496 0.6860754371299064
497 0.8570236060454399
498 0.8570236060454399
499 0.6679970188186877
500 0.6679970188186877
501 0.9093103457118226
502 0.9093103457118226
503 0.3763720892771245
504 0.3763720892771245
505 0.5804960852588992
506 0.5804960852588992
507 0.947711513607152
508 0.947711513607152
509 0.44249476455408365
510 0.44249476455408365
511 0.594027523390287
512 0.594027523390287
513 0.3261685253013128
514 0.3261685253013128
515 0.553583903821978
516 0.553583903821978
517 0.5832542031910026
518 0.5832542031910026
519 0.590958170980175
520 0.590958170980175
521 0.8612863262654697
522 0.8612863262654697
523 0.2766470529665544
524 0.2766470529665544
525 0.2691273993188713
526 0.2691273993188713
527 0.6168551758735
528 0.6168551758735
529 0.45076133962682097
530 0.45076133962682097
531 1.161924980853026
532 1.161924980853026
533 0.6709022509010397
534 0.6709022509010397
535 0.8098194179016934
536 0.8098194179016934
537 1.0523282458149865
538 1.0523282458149865
539 0.6096539072399122
540 0.6096539072399122
541 0.6462111289248192
542 0.6462111289248192
543 0.6451217214362788
544 0.6451217214362788
545 0.49513756792364705
546 0.49513756792364705
547 0.8959806020705234
548 0.8959806020705234
549 0.5691356410859868
550 0.5691356410859868
551 1.2365431474714192
552 1.2365431474714192
553 0.6699740702896825
554 0.6699740702896825
555 0.580055669968935
556 0.580055669968935
557 0.8890351682737903
558 0.8890351682737903
559 0.5886456799720696
560 0.5886456799720696
561 0.4540858660849424
562 0.4540858660849424
563 0.23810434730169228
564 0.23810434730169228
565 1.0142320189297553
566 1.0142320189297553
567 0.48156576820393426
568 0.48156576820393426
569 0.8477827023901969
570 0.8477827023901969
571 0.6269747092031568
572 0.6269747092031568
573 0.4889847838388412
574 0.4889847838388412
575 0.5934711608932516
576 0.5934711608932516
577 0.8274238347450246
578 0.8274238347450246
579 0.2836159147991398
580 0.2836159147991398
581 0.7978866682597705
582 0.7978866682597705
583 0.609963417134362
584 0.609963417134362
585 0.6960879358542919
586 0.6960879358542919
587 0.6756878317330649
588 0.6756878317330649
589 0.7057207215544268
590 0.7057207215544268
591 0.5346174093616624
592 0.5346174093616624
593 0.6118070548897824
594 0.6118070548897824
595 0.9269323265945139
596 0.9269323265945139
597 0.6546411089362536
598 0.6546411089362536
599 0.903649627741365
600 0.903649627741365
601 3.860306707074985
602 3.860306707074985
603 3.157819509392325
604 3.157819509392325
605 1.9927149235993864
606 1.9927149235993864
607 2.3240891043063363
608 2.3240891043063363
609 3.247432299969377
610 3.247432299969377
611 3.009922479140758
612 3.009922479140758
613 2.72732721865398
614 2.72732721865398
615 2.5986416610051326
616 2.5986416610051326
617 1.3321590225419309
618 1.3321590225419309
619 3.555849075300037
620 3.555849075300037
621 2.708279843926969
622 2.708279843926969
623 3.2204214538244154
624 3.2204214538244154
625 3.0630722903574146
626 3.0630722903574146
627 3.052872586909677
628 3.052872586909677
629 5.265998807498164
630 5.265998807498164
631 4.1075380901771075
632 4.1075380901771075
633 3.729271482511634
634 3.729271482511634
635 3.6515047785643397
636 3.6515047785643397
637 3.655176420384936
638 3.655176420384936
639 1.4162318625864057
640 1.4162318625864057
641 1.8455496131205626
642 1.8455496131205626
643 1.9848979555482629
644 1.9848979555482629
645 3.4775821415755592
646 3.4775821415755592
647 2.7123024978397465
648 2.7123024978397465
649 3.4282093309073765
650 3.4282093309073765
651 3.431697758843387
652 3.431697758843387
653 2.5192925603798573
654 2.5192925603798573
655 2.0639834999425704
656 2.0639834999425704
657 3.3051922722888056
658 3.3051922722888056
659 2.240501894912069
660 2.240501894912069
661 3.568621840528441
662 3.568621840528441
663 3.2404330048172234
664 3.2404330048172234
665 3.6863494442592444
666 3.6863494442592444
667 2.1814126499220965
668 2.1814126499220965
669 4.485669376347685
670 4.485669376347685
671 2.489090105340151
672 2.489090105340151
673 3.9201862360729947
674 3.9201862360729947
675 4.386122357638703
676 4.386122357638703
677 1.288891764726668
678 1.288891764726668
679 2.134366590201057
680 2.134366590201057
681 3.739134789037599
682 3.739134789037599
683 3.1895398332661156
684 3.1895398332661156
685 3.623713160072106
686 3.623713160072106
687 3.2844281292714426
688 3.2844281292714426
689 1.7569553738274568
690 1.7569553738274568
691 2.14017594827841
692 2.14017594827841
693 2.4277726722109674
694 2.4277726722109674
695 1.6749332607286143
696 1.6749332607286143
697 1.5790460366839485
698 1.5790460366839485
699 1.6714518081221303
700 1.6714518081221303
701 1.6011122793510852
702 1.6011122793510852
703 1.6383632792850313
704 1.6383632792850313
705 1.2217192445963825
706 1.2217192445963825
707 0.7898596603110437
708 0.7898596603110437
709 1.4735709158339274
710 1.4735709158339274
711 1.5751014043329485
712 1.5751014043329485
713 1.8739087503534875
714 1.8739087503534875
715 0.6635532180517932
716 0.6635532180517932
717 1.7032857533732582
718 1.7032857533732582
719 1.5896487054584947
720 1.5896487054584947
721 2.407361567527642
722 2.407361567527642
723 1.5259200732734484
724 1.5259200732734484
725 1.49047103994791
726 1.49047103994791
727 1.7615971933980759
728 1.7615971933980759
729 1.673126065956755
730 1.673126065956755
731 1.31210530497767
732 1.31210530497767
733 1.436820090424767
734 1.436820090424767
735 1.3125549145394073
736 1.3125549145394073
737 2.034979331514472
738 2.034979331514472
739 2.303905340445918
740 2.303905340445918
741 1.2959176126086536
742 1.2959176126086536
743 1.2664861458193108
744 1.2664861458193108
745 1.327294291473683
746 1.327294291473683
747 1.8963756760123711
748 1.8963756760123711
749 1.6465456371389697
750 1.6465456371389697
751 1.6959284564814552
752 1.6959284564814552
753 1.8507854488513806
754 1.8507854488513806
755 1.597694644452939
756 1.597694644452939
757 1.945827305998538
758 1.945827305998538
759 1.4002607667695572
760 1.4002607667695572
761 1.5671919467249271
762 1.5671919467249271
763 2.049544566257032
764 2.049544566257032
765 1.3508769943607621
766 1.3508769943607621
767 1.3021422037981898
768 1.3021422037981898
769 1.434824629591198
770 1.434824629591198
771 1.3454607945904826
772 1.3454607945904826
773 1.44461437971167
774 1.44461437971167
775 1.1846896684111414
776 1.1846896684111414
777 1.3254640542013623
778 1.3254640542013623
779 1.2437066592673875
780 1.2437066592673875
781 2.145999096938053
782 2.145999096938053
783 1.8776924487317164
784 1.8776924487317164
785 1.2737080100722695
786 1.2737080100722695
787 2.1951138059982713
788 2.1951138059982713
789 1.9726398188286818
790 1.9726398188286818
791 0.7742493063148833
792 0.7742493063148833
793 1.438654808655892
794 1.438654808655892
795 1.8174308580693561
796 1.8174308580693561
797 0.7290355662990992
798 0.7290355662990992
799 1.4069133041923652
800 1.4069133041923652
801 2.1042708847611538
802 2.1042708847611538
803 2.48177511921337
804 2.48177511921337
805 0.9111242502793488
806 0.9111242502793488
807 2.166470046353876
808 2.166470046353876
809 1.0898975872534038
810 1.0898975872534038
811 1.4717656423288379
812 1.4717656423288379
813 1.1513930128260186
814 1.1513930128260186
815 1.4580417773142365
816 1.4580417773142365
817 1.7757496588926565
818 1.7757496588926565
819 1.0186673163517708
820 1.0186673163517708
821 1.0869818958310762
822 1.0869818958310762
823 1.908201995837717
824 1.908201995837717
825 2.093906571900942
826 2.093906571900942
827 1.4149516129355675
828 1.4149516129355675
829 1.65846712202908
830 1.65846712202908
831 1.6191630515134674
832 1.6191630515134674
833 1.436404162285195
834 1.436404162285195
835 1.6949266040299926
836 1.6949266040299926
837 0.8566512380357698
838 0.8566512380357698
839 1.376290575110876
840 1.376290575110876
841 2.3969017645327773
842 2.3969017645327773
843 1.204688448975009
844 1.204688448975009
845 1.390337629042728
846 1.390337629042728
847 1.3037822113384163
848 1.3037822113384163
849 0.9317991476781639
850 0.9317991476781639
851 2.186291958843847
852 2.186291958843847
853 1.0335339127840104
854 1.0335339127840104
855 1.5054045725290321
856 1.5054045725290321
857 0.8514231983788128
858 0.8514231983788128
859 1.1493652596354191
860 1.1493652596354191
861 0.24267954831691663
862 0.24267954831691663
863 1.6027380806094957
864 1.6027380806094957
865 1.357296872438636
866 1.357296872438636
867 2.2596645233819137
868 2.2596645233819137
869 2.486093061012351
870 2.486093061012351
871 1.5045376392205523
872 1.5045376392205523
873 1.764411845387383
874 1.764411845387383
875 1.6827915461714786
876 1.6827915461714786
877 1.4840433844330914
878 1.4840433844330914
879 1.7193430975676691
880 1.7193430975676691
881 1.3826481811108335
882 1.3826481811108335
883 1.4191854008634983
884 1.4191854008634983
885 1.356983049489696
886 1.356983049489696
887 1.7469377622966462
888 1.7469377622966462
889 1.410355990045385
890 1.410355990045385
891 2.038897070420188
892 2.038897070420188
893 1.3092402992748382
894 1.3092402992748382
895 1.5078985469523076
896 1.5078985469523076
897 1.0816930775369127
898 1.0816930775369127
899 1.1866867732225073
900 1.1866867732225073
901 2.1104160658917963
902 2.1104160658917963
903 1.6440029379668455
904 1.6440029379668455
905 1.7813980520631514
906 1.7813980520631514
907 2.6829486571740215
908 2.6829486571740215
909 1.711840506685731
910 1.711840506685731
911 1.3013290610480823
912 1.3013290610480823
913 2.095234046793303
914 2.095234046793303
915 1.5186656379830326
916 1.5186656379830326
917 1.8620865586381665
918 1.8620865586381665
919 1.4143954988407317
920 1.4143954988407317
921 1.448067916658631
922 1.448067916658631
923 1.758051804844457
924 1.758051804844457
925 1.7609114453297547
926 1.7609114453297547
927 1.0869071630164455
928 1.0869071630164455
929 1.6351230452679437
930 1.6351230452679437
931 2.6237348452195013
932 2.6237348452195013
933 0.9187430190958535
934 0.9187430190958535
935 1.275465265540016
936 1.275465265540016
937 1.0723501812092664
938 1.0723501812092664
939 1.7660198717245477
940 1.7660198717245477
941 1.1468081627715554
942 1.1468081627715554
943 1.6381736742546353
944 1.6381736742546353
945 1.2707036014070696
946 1.2707036014070696
947 0.9588174972344279
948 0.9588174972344279
949 0.8782951966486225
950 0.8782951966486225
951 0.48208123450100426
952 0.48208123450100426
953 0.335184389111745
954 0.335184389111745
955 1.4117582288388313
956 1.4117582288388313
957 1.199008783751376
958 1.199008783751376
959 1.6318413612835885
960 1.6318413612835885
961 1.6123277317780857
962 1.6123277317780857
963 0.8656704567686849
964 0.8656704567686849
965 1.1880169098223448
966 1.1880169098223448
967 0.5963368774973569
968 0.5963368774973569
969 1.131122967394628
970 1.131122967394628
971 1.291219084445503
972 1.291219084445503
973 1.1697247702401434
974 1.1697247702401434
975 1.0929978693061373
976 1.0929978693061373
977 1.408040451531472
978 1.408040451531472
979 1.0287241915477174
980 1.0287241915477174
981 1.4669261871495753
982 1.4669261871495753
983 1.7748598062068153
984 1.7748598062068153
985 0.7495325070488879
986 0.7495325070488879
987 1.107266868692196
988 1.107266868692196
989 0.9262821982058391
990 0.9262821982058391
991 1.4181026138301982
992 1.4181026138301982
993 1.092533420402488
994 1.092533420402488
995 0.7973260256465158
996 0.7973260256465158
997 1.7568945570797392
998 1.7568945570797392
999 0.9027533028071051
1000 0.9027533028071051
1001 1.1337506128455845
1002 1.1337506128455845
1003 1.1843470394806588
1004 1.1843470394806588
1005 1.0869836288040835
1006 1.0869836288040835
1007 0.7520073451538531
1008 0.7520073451538531
1009 1.0288442547136785
1010 1.0288442547136785
1011 1.1546119542260713
1012 1.1546119542260713
1013 1.060877185060372
1014 1.060877185060372
1015 0.9552906539020654
1016 0.9552906539020654
1017 1.564789316711215
1018 1.564789316711215
1019 0.8662879385740425
1020 0.8662879385740425
1021 1.6867767939150737
1022 1.6867767939150737
1023 1.2131433006634469
1024 1.2131433006634469
1025 1.5335790798963187
1026 1.5335790798963187
1027 0.5963177253543711
1028 0.5963177253543711
1029 0.9127676997070885
1030 0.9127676997070885
1031 0.8763146541924187
1032 0.8763146541924187
1033 1.031250859514314
1034 1.031250859514314
1035 0.624323038412593
1036 0.624323038412593
1037 1.5430420995053713
1038 1.5430420995053713
1039 1.142878115305867
1040 1.142878115305867
1041 1.486240033175529
1042 1.486240033175529
1043 0.9524856130171994
1044 0.9524856130171994
1045 0.4773898494863217
1046 0.4773898494863217
1047 2.3398792026934268
1048 2.3398792026934268
1049 3.842893408162011
1050 3.842893408162011
1051 2.8839925761500558
1052 2.8839925761500558
1053 1.6993188169466542
1054 1.6993188169466542
1055 2.1504890357807147
1056 2.1504890357807147
1057 3.087299621431571
1058 3.087299621431571
1059 2.860595158372191
1060 2.860595158372191
1061 5.39846415220382
1062 5.39846415220382
1063 4.172256536650826
1064 4.172256536650826
1065 3.3560546734795316
1066 3.3560546734795316
1067 2.889946557303723
1068 2.889946557303723
1069 3.6416664184163237
1070 3.6416664184163237
1071 3.7965344113997608
1072 3.7965344113997608
1073 6.198732658653
1074 6.198732658653
1075 4.883012087105911
1076 4.883012087105911
1077 4.2145283071059385
1078 4.2145283071059385
1079 2.999202342635292
1080 2.999202342635292
1081 5.774797117667793
1082 5.774797117667793
1083 4.533688030698337
1084 4.533688030698337
1085 3.849805081010247
1086 3.849805081010247
1087 2.1724028555991404
1088 2.1724028555991404
1089 4.498163675748639
1090 4.498163675748639
1091 4.37528435140254
1092 4.37528435140254
1093 4.028481669926748
1094 4.028481669926748
1095 3.809251060700258
1096 3.809251060700258
1097 4.224275236150552
1098 4.224275236150552
1099 2.263995696424613
1100 2.263995696424613
1101 4.84048499980043
1102 4.84048499980043
1103 3.0369173498704822
1104 3.0369173498704822
1105 3.4847910654899716
1106 3.4847910654899716
1107 4.658575007363236
1108 4.658575007363236
1109 3.068336820164834
1110 3.068336820164834
1111 5.285127380188351
1112 5.285127380188351
1113 3.950907065741131
1114 3.950907065741131
1115 3.85809052763323
1116 3.85809052763323
1117 2.339464896120131
1118 2.339464896120131
1119 3.6281642691820877
1120 3.6281642691820877
1121 3.07445935539953
1122 3.07445935539953
1123 3.564373444424965
1124 3.564373444424965
1125 2.8072073844792875
1126 2.8072073844792875
1127 4.350368099042819
1128 4.350368099042819
1129 3.357337386950153
1130 3.357337386950153
1131 3.325895348085158
1132 3.325895348085158
1133 3.4231697674681825
1134 3.4231697674681825
1135 5.4739707095597065
1136 5.4739707095597065
1137 3.7792650621787547
1138 3.7792650621787547
1139 6.340361340829578
1140 6.340361340829578
1141 2.23902548079746
1142 2.23902548079746
1143 3.2040845284643247
1144 3.2040845284643247
1145 3.8410892187767813
1146 3.8410892187767813
1147 3.7919027241926195
1148 3.7919027241926195
1149 3.9421664196294137
1150 3.9421664196294137
1151 3.163761493437668
1152 3.163761493437668
1153 2.9075398191201827
1154 2.9075398191201827
1155 4.637449899063115
1156 4.637449899063115
1157 1.7495498535319585
1158 1.7495498535319585
1159 4.198265878621752
1160 4.198265878621752
1161 4.825519706629465
1162 4.825519706629465
1163 6.034245375887666
1164 6.034245375887666
1165 2.263702307068172
1166 2.263702307068172
1167 5.649143160480462
1168 1.8387519509905508
1169 1.8387519509905508
1170 3.862937863896637
1171 3.862937863896637
1172 4.107873654018562
1173 1.0534155132844565
1174 1.0534155132844565
1175 1.1730337437323994
1176 1.1730337437323994
1177 1.1308790157845705
1178 1.1308790157845705
1179 1.0982911767399868
1180 1.0982911767399868
1181 0.9913673434159262
1182 0.9913673434159262
1183 1.100581337799958
1184 1.100581337799958
1185 0.7875784952646336
1186 0.7875784952646336
1187 1.6113377277516558
1188 1.6113377277516558
1189 1.67223988258392
1190 1.67223988258392
1191 1.0375540832987078
1192 1.0375540832987078
1193 1.0810441792346028
1194 1.0810441792346028
1195 0.9601304235791726
1196 0.9601304235791726
1197 0.8084711405710263
1198 0.8084711405710263
1199 0.5740492234678123
1200 0.5740492234678123
1201 0.9220988826227557
1202 0.9220988826227557
1203 1.3203834041222349
1204 1.3203834041222349
1205 1.0117510126723086
1206 1.0117510126723086
1207 0.5912234186210698
1208 0.5912234186210698
1209 1.43429115934918
1210 1.43429115934918
1211 1.0640776838414527
1212 1.0640776838414527
1213 1.3297142382121936
1214 1.3297142382121936
1215 0.7927222414316926
1216 0.7927222414316926
1217 1.1027987113951512
1218 1.1027987113951512
1219 0.8051020612163398
1220 0.8051020612163398
1221 1.237641306334266
1222 1.237641306334266
1223 0.7694885577021886
1224 0.7694885577021886
1225 1.415856261458588
1226 1.415856261458588
1227 0.8056066025122841
1228 0.8056066025122841
1229 0.8957038855071657
1230 0.8957038855071657
1231 0.680615631091184
1232 0.680615631091184
1233 1.4485464001003914
1234 1.4485464001003914
1235 1.2993885714074116
1236 1.2993885714074116
1237 1.5292277037629094
1238 1.5292277037629094
1239 0.939990073969954
1240 0.939990073969954
1241 1.8399443827318733
1242 1.8399443827318733
1243 1.0435062580410903
1244 1.0435062580410903
1245 0.8985587945635614
1246 0.8985587945635614
1247 1.1704543481125946
1248 1.1704543481125946
1249 1.8834625279164834
1250 1.8834625279164834
1251 1.6673541161603147
1252 1.6673541161603147
1253 1.4112783743369606
1254 1.4112783743369606
1255 0.7405104586765112
1256 0.7405104586765112
1257 1.0051336751753444
1258 1.0051336751753444
1259 0.7016154116510491
1260 0.7016154116510491
1261 1.289480297046301
1262 1.289480297046301
1263 1.2093810966182652
1264 1.2093810966182652
1265 0.4099322816472034
1266 0.4099322816472034
1267 0.5242153560567103
1268 0.5242153560567103
1269 1.3163746300856687
1270 1.3163746300856687
1271 1.4461598944174354
1272 1.4461598944174354
1273 0.6279356582603088
1274 0.6279356582603088
1275 1.2715148829076428
1276 1.2715148829076428
1277 0.9563577970449242
1278 0.9563577970449242
1279 1.5280917616739167
1280 1.5280917616739167
1281 0.43791367649126123
1282 0.43791367649126123
1283 0.8904638186461475
1284 0.8904638186461475
1285 1.4098239975703475
1286 1.4098239975703475
1287 1.0042129390817702
1288 1.0042129390817702
1289 1.2531116008777123
1290 1.2531116008777123
1291 0.9366110474871495
1292 0.9366110474871495
1293 1.0786591809325847
1294 1.0786591809325847
1295 0.9127523974827983
1296 0.9127523974827983
1297 1.319956445019396
1298 1.319956445019396
1299 0.9979407687708745
1300 0.9979407687708745
1301 0.9938746699648175
1302 0.9938746699648175
1303 0.4191330811034991
1304 0.4191330811034991
1305 1.2903552890705723
1306 1.2903552890705723
1307 1.2356323440520238
1308 1.2356323440520238
1309 1.3090610482228913
1310 1.3090610482228913
1311 1.4237215416815243
1312 1.4237215416815243
1313 1.2891989684483491
1314 1.2891989684483491
1315 0.8557308757317801
1316 0.8557308757317801
1317 1.0152181594032912
1318 1.0152181594032912
1319 1.0677972444999715
1320 1.0677972444999715
1321 1.1559443325857346
1322 1.1559443325857346
1323 1.0427331063675986
1324 1.0427331063675986
1325 1.2680116077019516
1326 1.2680116077019516
1327 1.0029651752855038
1328 1.0029651752855038
1329 1.6337157782987224
1330 1.6337157782987224
1331 1.0143319100173822
1332 1.0143319100173822
1333 1.3920641199664254
1334 1.3920641199664254
1335 0.5169800769811215
1336 0.5169800769811215
1337 1.1534109929751413
1338 1.1534109929751413
1339 1.3833056392415735
1340 1.3833056392415735
1341 0.7806027517186236
1342 0.7806027517186236
1343 0.9579995473497428
1344 0.9579995473497428
1345 1.0178320040698592
1346 1.0178320040698592
1347 1.2772531997767314
1348 1.2772531997767314
1349 0.6999304036994523
1350 0.6999304036994523
1351 1.3127820230804503
1352 1.3127820230804503
1353 1.5152969906928389
1354 1.5152969906928389
1355 1.0063260600732995
1356 1.0063260600732995
1357 1.0995837753987394
1358 1.0995837753987394
1359 1.4232180061287532
1360 1.4232180061287532
1361 0.8371250916891766
1362 0.8371250916891766
1363 0.9261674994995002
1364 0.9261674994995002
1365 1.0452760339641836
1366 1.0452760339641836
1367 0.8847058327632218
1368 0.8847058327632218
1369 1.2324261181105503
1370 1.2324261181105503
1371 1.5437898079448082
1372 1.5437898079448082
1373 0.8027530841017054
1374 0.8027530841017054
1375 1.0076931825646522
1376 1.0076931825646522
1377 1.0965363173232912
1378 1.0965363173232912
1379 1.0924025622110902
1380 1.0924025622110902
1381 1.0368026789496365
1382 1.0368026789496365
1383 0.6333329512535724
1384 0.6333329512535724
1385 0.8896968829551994
1386 0.8896968829551994
1387 1.0122420364795137
1388 1.0122420364795137
1389 1.3147984772274972
1390 1.3147984772274972
1391 1.0680051495074279
1392 1.0680051495074279
1393 1.6816015143742624
1394 1.6816015143742624
1395 1.28537952826549
1396 1.28537952826549
1397 1.334223304879631
1398 1.334223304879631
1399 1.3937846369787887
1400 1.3937846369787887
1401 0.9904818874648547
1402 0.9904818874648547
1403 1.1799174965731436
1404 1.1799174965731436
1405 1.2979602480890253
1406 1.2979602480890253
1407 1.2571959032640545
1408 1.2571959032640545
1409 2.4153257589372137
1410 2.4153257589372137
1411 3.3212157384094385
1412 3.3212157384094385
1413 2.0734395993700026
1414 2.0734395993700026
1415 3.9916526098640897
1416 3.9916526098640897
1417 2.5477489391480495
1418 2.5477489391480495
1419 2.8075008652136657
1420 2.8075008652136657
1421 1.8224028787629696
1422 1.8224028787629696
1423 2.865538685290057
1424 2.865538685290057
1425 1.2029161309858325
1426 1.2029161309858325
1427 3.271426242374429
1428 3.271426242374429
1429 3.708529554593045
1430 3.708529554593045
1431 3.6203359354781526
1432 3.6203359354781526
1433 2.7419821100469766
1434 2.7419821100469766
1435 2.9246956216664337
1436 2.9246956216664337
1437 3.90614897720059
1438 3.90614897720059
1439 2.304469659825431
1440 2.304469659825431
1441 2.060089057230758
1442 2.060089057230758
1443 5.561775982235504
1444 5.561775982235504
1445 3.624621857089946
1446 3.624621857089946
1447 2.64528702422368
1448 2.64528702422368
1449 5.47926246848922
1450 5.47926246848922
1451 4.66347193256627
1452 4.66347193256627
1453 2.8259977430543737
1454 2.8259977430543737
1455 2.103332019468078
1456 2.103332019468078
1457 2.7988158523343536
1458 2.7988158523343536
1459 4.107597108515161
1460 4.107597108515161
1461 2.714344091345331
1462 2.714344091345331
1463 3.53860242254576
1464 3.53860242254576
1465 2.2358105024048833
1466 2.2358105024048833
1467 2.4376835746009107
1468 2.4376835746009107
1469 1.190045554836869
1470 1.190045554836869
1471 1.5026494369428436
1472 1.5026494369428436
1473 3.9507665188875496
1474 3.9507665188875496
1475 4.351080685218469
1476 4.351080685218469
1477 2.4666432808545236
1478 2.4666432808545236
1479 2.804513740437369
1480 2.804513740437369
1481 4.213233832713027
1482 4.213233832713027
1483 2.6318444331517705
1484 2.6318444331517705
1485 2.808760098575004
1486 2.808760098575004
1487 3.9089271792370894
1488 3.9089271792370894
1489 5.1196827517107675
1490 5.1196827517107675
1491 2.908309669962673
1492 2.908309669962673
1493 3.5385038270600204
1494 3.5385038270600204
1495 2.7872583467652357
1496 2.7872583467652357
1497 2.342128843255884
1498 2.342128843255884
1499 2.587815246930412
1500 2.587815246930412
1501 3.422881157970349
1502 3.422881157970349
1503 3.0662722330171945
1504 3.0662722330171945
1505 3.763271224786842
1506 3.763271224786842
1507 3.0880936668236108
1508 3.0880936668236108
1509 2.45350859035419
1510 2.45350859035419
1511 1.8251497636020886
1512 1.8251497636020886
1513 1.749875208583577
1514 1.749875208583577
1515 3.817507395725663
1516 3.817507395725663
1517 1.4653484360116535
1518 1.4653484360116535
1519 3.645421426892205
1520 3.645421426892205
1521 3.5751281138562874
1522 3.5751281138562874
1523 2.8767778344184456
1524 2.8767778344184456
1525 2.836125676772231
1526 2.836125676772231
1527 1.9188935194830465
1528 1.9188935194830465
1529 3.1866938695659517
1530 3.1866938695659517
1531 2.9473178660278467
1532 2.9473178660278467
1533 2.1544136913117624
1534 2.1544136913117624
1535 2.3071518498498618
1536 2.3071518498498618
1537 4.5508275465968016
1538 4.5508275465968016
1539 1.783372824386715
1540 1.783372824386715
1541 3.5625711097171804
1542 3.5625711097171804
1543 3.311204728540698
1544 3.311204728540698
1545 2.37313906200994
1546 2.37313906200994
1547 2.121591614342853
1548 2.121591614342853
1549 1.4021983744209785
1550 1.4021983744209785
1551 3.007552608345565
1552 3.007552608345565
1553 4.108643376869598
1554 4.108643376869598
1555 2.933946403146982
1556 2.933946403146982
1557 3.4808576717112434
1558 3.4808576717112434
1559 2.7159977194499056
1560 2.7159977194499056
1561 1.884759567115644
1562 1.884759567115644
1563 3.141354336752031
1564 3.141354336752031
1565 3.453832991039105
1566 3.453832991039105
1567 3.214695850622238
1568 3.214695850622238
1569 3.1496735230009523
1570 3.1496735230009523
1571 1.4079232240573984
1572 1.4079232240573984
1573 2.5930535513537865
1574 2.5930535513537865
1575 3.0875668046779454
1576 3.0875668046779454
1577 2.29942929864796
1578 2.29942929864796
1579 2.0432561963820186
1580 2.0432561963820186
1581 0.9451513957923032
1582 0.9451513957923032
1583 5.505845231721123
1584 5.505845231721123
1585 3.354496138280807
1586 3.354496138280807
1587 3.3772475082943316
1588 3.3772475082943316
1589 3.350900149926617
1590 3.350900149926617
1591 3.71679974262201
1592 3.71679974262201
1593 3.1956971209963845
1594 3.1956971209963845
1595 3.891185161650731
1596 3.891185161650731
1597 4.229276128259174
1598 4.229276128259174
1599 3.3654720588291864
1600 3.3654720588291864
1601 2.655432707515125
1602 2.655432707515125
1603 2.185390250341265
1604 2.185390250341265
1605 2.760325318257505
1606 2.760325318257505
1607 3.4841504103952388
1608 3.4841504103952388
1609 1.977216363335618
1610 1.977216363335618
1611 2.059278801469315
1612 2.059278801469315
1613 4.287326142087418
1614 4.287326142087418
1615 3.2565732865141657
1616 3.2565732865141657
1617 3.6841479620756203
1618 3.6841479620756203
1619 2.214907079756787
1620 2.214907079756787
1621 2.7510138179805668
1622 2.7510138179805668
1623 2.848544444076307
1624 2.848544444076307
1625 3.449421717931828
1626 3.449421717931828
1627 1.5427169173460622
1628 1.5427169173460622
1629 4.004200050361141
1630 4.004200050361141
1631 5.062529505997541
1632 5.062529505997541
1633 1.0339447995650253
1634 1.0339447995650253
1635 1.862984757781085
1636 1.862984757781085
1637 1.8142855881174904
1638 1.8142855881174904
1639 2.0835078554010193
1640 2.0835078554010193
1641 4.533918587444256
1642 4.533918587444256
1643 1.8484944894267974
1644 1.8484944894267974
1645 2.1142888119030396
1646 2.1142888119030396
1647 3.4680657479444705
1648 3.4680657479444705
1649 3.3059965658684476
1650 3.3059965658684476
1651 2.1756521358093766
1652 2.1756521358093766
1653 2.901802340186121
1654 2.901802340186121
1655 2.8064049298683336
1656 2.8064049298683336
1657 4.665657934957615
1658 4.665657934957615
1659 3.0086602075420985
1660 3.0086602075420985
1661 3.0779917389641183
1662 3.0779917389641183
1663 1.673175482506269
1664 1.673175482506269
1665 2.34911309044664
1666 2.34911309044664
1667 2.6102740955689936
1668 2.6102740955689936
1669 4.97730758004195
1670 1.76156628724606
1671 1.76156628724606
1672 2.949907418697735
1673 2.949907418697735
1674 1.42412637085101
1675 1.42412637085101
1676 1.7100454077882015
1677 1.7100454077882015
1678 1.902659411642155
1679 1.902659411642155
1680 1.755069626917254
1681 1.755069626917254
1682 1.8324026356757166
1683 1.8324026356757166
1684 1.512041212388998
1685 1.512041212388998
1686 2.1018430548549443
1687 2.1018430548549443
1688 2.3936380859569963
1689 2.3936380859569963
1690 1.609302831912508
1691 1.609302831912508
1692 2.081546707815737
1693 2.081546707815737
1694 1.4532913958168416
1695 1.4532913958168416
1696 3.011783325413071
1697 3.011783325413071
1698 1.5066197036145774
1699 1.5066197036145774
1700 1.464607227757806
1701 1.464607227757806
1702 2.6212191106941947
1703 2.6212191106941947
1704 1.843401955490812
1705 1.843401955490812
1706 2.0910495745083755
1707 2.0910495745083755
1708 2.7614869511385045
1709 2.7614869511385045
1710 1.496983377314079
1711 1.496983377314079
1712 2.572971298936037
1713 2.572971298936037
1714 2.8669992242988247
1715 2.8669992242988247
1716 1.0782032986556471
1717 1.0782032986556471
1718 2.4226580151709305
1719 2.4226580151709305
1720 2.5026221437623897
1721 2.5026221437623897
1722 1.5523714311837598
1723 1.5523714311837598
1724 2.601202708770757
1725 2.601202708770757
1726 2.4041524197212176
1727 2.4041524197212176
1728 2.823086615944862
1729 2.823086615944862
1730 2.023452496052995
1731 2.023452496052995
1732 2.3433581240757655
1733 2.3433581240757655
1734 2.7476533194467128
1735 2.7476533194467128
1736 2.321592172252977
1737 2.321592172252977
1738 2.6795290869180386
1739 2.6795290869180386
1740 2.9377332305537727
1741 2.9377332305537727
1742 2.311154574992579
1743 2.311154574992579
1744 2.511156894225593
1745 2.511156894225593
1746 2.0129008481417494
1747 2.0129008481417494
1748 2.6905330242980283
1749 2.6905330242980283
1750 2.7319243382619858
1751 2.7319243382619858
1752 3.9204074967260847
1753 3.9204074967260847
1754 2.097066252985384
1755 2.097066252985384
1756 5.034566003813334
1757 5.034566003813334
1758 2.963502762331116
1759 2.963502762331116
1760 2.745486543432737
1761 2.745486543432737
1762 2.358643636852468
1763 2.358643636852468
1764 1.7985096015736126
1765 1.7985096015736126
1766 2.8120115825033962
1767 2.8120115825033962
1768 2.480848331765197
1769 2.480848331765197
1770 4.086004476072256
1771 4.086004476072256
1772 3.5886359282014086
1773 3.5886359282014086
1774 3.352549105895943
1775 3.352549105895943
1776 2.932342599765404
1777 2.932342599765404
1778 1.7153118324232692
1779 1.7153118324232692
1780 2.178606330586999
1781 2.178606330586999
1782 2.2658060727352214
1783 2.2658060727352214
1784 2.8228129414405885
1785 2.8228129414405885
1786 2.6286178419843367
1787 2.6286178419843367
1788 2.948540883527335
1789 2.948540883527335
1790 2.328614428957914
1791 2.328614428957914
1792 1.7997876337457335
1793 1.7997876337457335
1794 1.7206264934995148
1795 1.7206264934995148
1796 4.2877353790207735
1797 4.2877353790207735
1798 3.580196518650058
1799 3.580196518650058
1800 4.631507868569481
1801 4.631507868569481
1802 3.3731205629404744
1803 3.3731205629404744
1804 2.229323063904955
1805 2.229323063904955
1806 1.5401267131829304
1807 1.5401267131829304
1808 5.05665573070476
1809 5.05665573070476
1810 2.3834389371513813
1811 2.3834389371513813
1812 3.8783546108303772
1813 3.8783546108303772
1814 3.4053662556751334
1815 3.4053662556751334
1816 1.9484276392212614
1817 1.9484276392212614
1818 2.1718129904608756
1819 2.1718129904608756
1820 2.2021476435743237
1821 2.2021476435743237
1822 1.968263225013172
1823 1.968263225013172
1824 2.8547510733128876
1825 2.8547510733128876
1826 2.2066396369966164
1827 2.2066396369966164
1828 2.4842470184804926
1829 2.4842470184804926
1830 1.5853511346793998
1831 1.5853511346793998
1832 4.5282246722925565
1833 4.5282246722925565
1834 3.6190262793795567
1835 3.6190262793795567
1836 1.892048624344011
1837 1.892048624344011
1838 3.485698692337505
1839 3.485698692337505
1840 2.496614660027472
1841 2.496614660027472
1842 3.1928016920929867
1843 3.1928016920929867
1844 5.4995999730365845
1845 5.4995999730365845
1846 3.4100913402607844
1847 3.4100913402607844
1848 4.96296333295621
1849 4.96296333295621
1850 5.435193951978068
1851 5.435193951978068
1852 3.46433724578402
1853 3.46433724578402
1854 3.8196192091985663
1855 3.8196192091985663
1856 2.3824102651620622
1857 2.3824102651620622
1858 4.319617220910468
1859 4.319617220910468
1860 5.173628689103971
1861 5.173628689103971
1862 4.443807937515772
1863 4.443807937515772
1864 3.8484557223940135
1865 3.8484557223940135
1866 4.288283668887352
1867 4.288283668887352
1868 4.545281053997334
1869 4.545281053997334
1870 2.873972005583467
1871 2.873972005583467
1872 3.718223627833867
1873 3.718223627833867
1874 3.2438291412233746
1875 3.2438291412233746
1876 2.556159770801554
1877 2.556159770801554
1878 4.067908563812097
1879 4.067908563812097
1880 7.496942891175987
1881 7.496942891175987
1882 3.1987760519163824
1883 3.1987760519163824
1884 2.594224989094129
1885 2.594224989094129
1886 2.3867749473748305
1887 2.3867749473748305
1888 4.911349547396232
1889 4.911349547396232
1890 3.1303359517247995
1891 3.1303359517247995
1892 2.592394763696606
1893 2.592394763696606
1894 4.758413452164644
1895 4.758413452164644
1896 4.753300644403195
1897 4.753300644403195
1898 3.195032196647433
1899 3.195032196647433
1900 3.927012698465857
1901 3.927012698465857
1902 3.1748192909641855
1903 3.1748192909641855
1904 3.649422203999506
1905 3.649422203999506
1906 4.738516252647193
1907 4.738516252647193
1908 3.179694864361259
1909 3.179694864361259
1910 3.0638361716157125
1911 3.0638361716157125
1912 4.9300306059930525
1913 4.9300306059930525
1914 5.004378844937962
1915 5.004378844937962
1916 4.572233818000059
1917 4.572233818000059
1918 3.1997122530930797
1919 3.1997122530930797
1920 4.606222764237483
1921 4.606222764237483
1922 4.7545089063651425
1923 4.7545089063651425
1924 4.548382943330737
1925 4.548382943330737
1926 2.9316033058036646
1927 2.9316033058036646
1928 4.345947034404616
1929 4.345947034404616
1930 4.178144103698214
1931 4.178144103698214
1932 3.4611067495833208
1933 1.291030326357626
1934 1.291030326357626
1935 2.011560340909538
1936 2.011560340909538
1937 1.900936026792447
1938 1.900936026792447
1939 2.0379549213171746
1940 2.0379549213171746
1941 1.3810662459330958
1942 1.3810662459330958
1943 1.4154387383232385
1944 1.4154387383232385
1945 0.8716068722511549
1946 0.8716068722511549
1947 1.1728353262475553
1948 1.1728353262475553
1949 2.113521228067913
1950 2.113521228067913
1951 1.5247754524415595
1952 1.5247754524415595
1953 1.1051881648526005
1954 1.1051881648526005
1955 1.124649281149731
1956 1.124649281149731
1957 1.0130969899581195
1958 1.0130969899581195
1959 1.310261808845913
1960 1.310261808845913
1961 1.5303124588929664
1962 1.5303124588929664
1963 1.9226260285644876
1964 1.9226260285644876
1965 2.10147482789569
1966 2.10147482789569
1967 2.302164535985565
1968 2.302164535985565
1969 1.8135481356539023
1970 1.8135481356539023
1971 1.5736271322075803
1972 1.5736271322075803
1973 0.9018209594952392
1974 0.9018209594952392
1975 1.017858894752202
1976 1.017858894752202
1977 1.5090870995073686
1978 1.5090870995073686
1979 2.21866440871235
1980 2.21866440871235
1981 1.5484827994505181
1982 1.5484827994505181
1983 2.055412367122589
1984 2.055412367122589
1985 1.64276512645872
1986 1.64276512645872
1987 1.4156730117928593
1988 1.4156730117928593
1989 1.3128212669997865
1990 1.3128212669997865
1991 2.313691021695197
1992 2.313691021695197
1993 1.5924263420672826
1994 1.5924263420672826
1995 0.653552884240111
1996 0.653552884240111
1997 1.9987534329243557
1998 1.9987534329243557
1999 2.5312299759963732
