0 0.1
1 0.1
2 0.3048022956630452
3 0.3048022956630452
4 0.22600964223191883
5 0.22600964223191883
6 0.22332180004062402
7 0.22332180004062402
8 0.15134934199893352
9 0.15134934199893352
10 0.37660172111266293
11 0.37660172111266293
12 0.1
13 0.1
14 0.20227288802713003
15 0.20227288802713003
16 0.278128483143484
17 0.278128483143484
18 0.16875676232768083
19 0.16875676232768083
20 0.1
21 0.1
22 0.15940484169563227
23 0.15940484169563227
24 0.29075813763079295
25 0.29075813763079295
26 0.3544667675192896
27 0.3544667675192896
28 0.244898807385852
29 0.244898807385852
30 0.19462485477349162
31 0.19462485477349162
32 0.1851082331116682
33 0.1851082331116682
34 0.3457383060913413
35 0.3457383060913413
36 0.27966826941701034
37 0.27966826941701034
38 0.19932267623536212
39 0.19932267623536212
40 0.20334214948922455
41 0.20334214948922455
42 0.22934340284715923
43 0.22934340284715923
44 0.20150926870223124
45 0.20150926870223124
46 0.20661166494304858
47 0.20661166494304858
48 0.307379190932742
49 0.307379190932742
50 0.23985822421262937
51 0.23985822421262937
52 0.34096477011282034
53 0.34096477011282034
54 0.2721839405745924
55 0.2721839405745924
56 0.2828313013992228
57 0.2828313013992228
58 0.1937962140155934
59 0.1937962140155934
60 0.20254969968318137
61 0.20254969968318137
62 0.3147969558264232
63 0.3147969558264232
64 0.26030630258559695
65 0.26030630258559695
66 0.19116006381424633
67 0.19116006381424633
68 0.24852450690369132
69 0.24852450690369132
70 2.6682030394421377
71 2.6682030394421377
72 1.633740260386554
73 1.633740260386554
74 1.569048278099066
75 1.569048278099066
76 2.2268588745894577
77 2.2268588745894577
78 0.8145066786586483
79 0.8145066786586483
80 2.1729349009579533
81 2.1729349009579533
82 1.4458003031872877
83 1.4458003031872877
84 2.447886599194297
85 2.447886599194297
86 2.5544890896420407
87 2.5544890896420407
88 1.508797364799975
89 1.508797364799975
90 2.5286500892518933
91 2.5286500892518933
92 2.3574494638918266
93 2.3574494638918266
94 2.445051987347961
95 2.445051987347961
96 1.8287885860488442
97 1.8287885860488442
98 0.8370002861253771
99 0.8370002861253771
100 1.0268753139058955
101 1.0268753139058955
102 0.6192116323733325
103 0.6192116323733325
104 1.236461695963889
105 1.236461695963889
106 2.3770765055586547
107 2.3770765055586547
108 1.4736697123529479
109 1.4736697123529479
110 1.843814961894465
111 1.843814961894465
112 0.9524256529547308
113 0.9524256529547308
114 1.1112538647983699
115 1.1112538647983699
116 1.6553259243399976
117 1.6553259243399976
118 2.579975008086014
119 2.579975008086014
120 1.4422170754971297
121 1.4422170754971297
122 2.611191273513592
123 2.611191273513592
124 3.0648459634407077
125 3.0648459634407077
126 2.132205866145412
127 2.132205866145412
128 2.8122707863138214
129 2.8122707863138214
130 1.7005358535484776
131 1.7005358535484776
132 0.9196192254563276
133 0.9196192254563276
134 1.3670977883929705
135 1.3670977883929705
136 1.9488647199948168
137 1.9488647199948168
138 1.8099644149037388
139 1.8099644149037388
140 1.9680482237629526
141 1.9680482237629526
142 0.7620140098167982
143 0.7620140098167982
144 3.7185488461299987
145 3.7185488461299987
146 0.877579539127155
147 0.877579539127155
148 3.4052217858161677
149 3.4052217858161677
150 1.5063128360739002
151 1.5063128360739002
152 2.249931726729639
153 2.249931726729639
154 0.7943076277027477
155 0.7943076277027477
156 1.5800716835593065
157 1.5800716835593065
158 2.1653109604884024
159 2.1653109604884024
160 2.3465829279388903
161 2.3465829279388903
162 2.491404836324341
163 2.491404836324341
164 2.019882343171613
165 2.019882343171613
166 2.9755173413530693
167 2.9755173413530693
168 2.513744002094958
169 2.513744002094958
170 2.004392500321913
171 2.004392500321913
172 1.963344804998329
173 1.963344804998329
174 2.8006587204869926
175 2.8006587204869926
176 1.715422120292592
177 1.715422120292592
178 3.360135412924734
179 3.360135412924734
180 0.29612626760692473
181 0.29612626760692473
182 1.917900227646411
183 1.917900227646411
184 2.5490472515106686
185 2.5490472515106686
186 1.8783376177610527
187 1.8783376177610527
188 2.2709960053994007
189 2.2709960053994007
190 2.502431975947166
191 2.502431975947166
192 2.635834858530575
193 2.635834858530575
194 1.3731842962674992
195 1.3731842962674992
196 0.6752739566657173
197 0.6752739566657173
198 2.189070077200906
199 2.189070077200906
200 1.8195680892419057
201 1.8195680892419057
202 2.4225874315126017
203 2.4225874315126017
204 1.783606122971592
205 1.783606122971592
206 2.6335885875545433
207 2.6335885875545433
208 2.252659262325625
209 2.252659262325625
210 2.6439306256423474
211 2.6439306256423474
212 2.1491562727033773
213 2.1491562727033773
214 1.974564360699546
215 1.974564360699546
216 0.33853106240146746
217 0.33853106240146746
218 3.1952778612405943
219 3.1952778612405943
220 1.6844816208054312
221 1.6844816208054312
222 2.265194418947078
223 2.265194418947078
224 2.970414727772857
225 2.970414727772857
226 1.9421451371818308
227 1.9421451371818308
228 2.97382519654412
229 2.97382519654412
230 1.7765819460782155
231 1.7765819460782155
232 2.55339658980953
233 2.55339658980953
234 2.310168755792
235 2.310168755792
236 2.217042891115563
237 2.217042891115563
238 3.0768576386090674
239 3.0768576386090674
240 1.8495687028804262
241 1.8495687028804262
242 2.4974024372755768
243 2.4974024372755768
244 2.0082594732071897
245 2.0082594732071897
246 1.5915667586224815
247 1.5915667586224815
248 1.1305363748210295
249 1.1305363748210295
250 1.192008904324525
251 1.192008904324525
252 2.135364710696787
253 2.135364710696787
254 2.8224553775915946
255 2.8224553775915946
256 2.1346486641744518
257 2.1346486641744518
258 2.514321558933081
259 2.514321558933081
260 2.729237511835573
261 2.729237511835573
262 2.4917856807840195
263 2.4917856807840195
264 1.3003219694367698
265 1.3003219694367698
266 1.502461470846629
267 1.502461470846629
268 1.2890441564099153
269 1.2890441564099153
270 1.0092887292335846
271 1.0092887292335846
272 0.8692266031189975
273 0.8692266031189975
274 2.7975293564601675
275 2.7975293564601675
276 0.5810521025474586
277 0.5810521025474586
278 0.771534205199365
279 0.771534205199365
280 0.2987036134537844
281 0.2987036134537844
282 0.7841512525792168
283 0.7841512525792168
284 1.120183249585724
285 1.120183249585724
286 0.5609160160799147
287 0.5609160160799147
288 0.41028260535771033
289 0.41028260535771033
290 0.8320169737649582
291 0.8320169737649582
292 0.43366583334287623
293 0.43366583334287623
294 0.6062588045280398
295 0.6062588045280398
296 0.498533408636888
297 0.498533408636888
298 0.5098483941055659
299 0.5098483941055659
300 0.8669980035784743
301 0.8669980035784743
302 1.2676180266727788
303 1.2676180266727788
304 0.7091512460550264
305 0.7091512460550264
306 0.7168714816312338
307 0.7168714816312338
308 0.6435136719264052
309 0.6435136719264052
310 0.4938774295286108
311 0.4938774295286108
312 0.718434643801831
313 0.718434643801831
314 0.9052941639825529
315 0.9052941639825529
316 0.2599299507990931
317 0.2599299507990931
318 0.9867411261465464
319 0.9867411261465464
320 1.2255293942224186
321 1.2255293942224186
322 0.6078392872065473
323 0.6078392872065473
324 0.8679684020828948
325 0.8679684020828948
326 0.5749919051635446
327 0.5749919051635446
328 0.5164062717526894
329 0.5164062717526894
330 0.9614724954938052
331 0.9614724954938052
332 0.36533405660481877
333 0.36533405660481877
334 0.6138372116965368
335 0.6138372116965368
336 0.4282263310816604
337 0.4282263310816604
338 0.7552391645730404
339 0.7552391645730404
340 0.547394214822182
341 0.547394214822182
342 0.3910619632945139
343 0.3910619632945139
344 0.5505840348969762
345 0.5505840348969762
346 0.7036445492257208
347 0.7036445492257208
348 0.9659300776714004
349 0.9659300776714004
350 0.5883878542505705
351 0.5883878542505705
352 0.43403013453033823
353 2.216453525975571
354 2.216453525975571
355 2.5522314736196843
356 2.5522314736196843
357 2.9272124220636577
358 2.9272124220636577
359 2.7259109220127455
360 2.7259109220127455
361 2.1526642843057893
362 2.1526642843057893
363 3.654648456250855
364 3.654648456250855
365 1.3120699827470892
366 1.3120699827470892
367 2.079339580210849
368 2.079339580210849
369 3.5252349789599835
370 3.5252349789599835
371 2.061964002887796
372 2.061964002887796
373 2.0840657641453726
374 2.0840657641453726
375 2.83824249603772
376 2.83824249603772
377 3.3662657653740533
378 3.3662657653740533
379 1.7285050441296153
380 1.7285050441296153
381 1.5507650121486911
382 1.5507650121486911
383 3.0121339251605916
384 3.0121339251605916
385 3.344667778099471
386 3.344667778099471
387 2.5775038500973073
388 2.5775038500973073
389 2.633825166816166
390 2.633825166816166
391 2.888567829958806
392 2.888567829958806
393 2.4831195500967937
394 2.4831195500967937
395 3.0699231448956894
396 3.0699231448956894
397 0.8705366917189046
398 0.8705366917189046
399 0.27326101421125326
400 0.27326101421125326
401 1.918258420876227
402 1.918258420876227
403 1.6646599817246799
404 1.6646599817246799
405 2.9445039766385857
406 2.9445039766385857
407 1.3256278768559375
408 1.3256278768559375
409 2.5745349064120204
410 2.5745349064120204
411 2.9549008133940826
412 2.9549008133940826
413 3.047232363391818
414 3.047232363391818
415 0.1
416 0.1
417 3.3115052016546
418 3.3115052016546
419 2.5427741981954113
420 2.5427741981954113
421 2.746868051701931
422 2.746868051701931
423 2.1872238765712133
424 2.1872238765712133
425 1.7997171015882643
426 1.7997171015882643
427 2.322941303395105
428 2.322941303395105
429 2.6847942104547036
430 2.6847942104547036
431 2.473336977495528
432 2.473336977495528
433 1.5456103217603108
434 1.5456103217603108
435 2.7714751671398483
436 2.7714751671398483
437 1.33123323359726
438 1.33123323359726
439 2.065263517569617
440 2.065263517569617
441 3.4081300154545455
442 3.4081300154545455
443 2.363139571125182
444 2.363139571125182
445 3.371283316182538
446 3.371283316182538
447 1.7091776811334212
448 1.7091776811334212
449 1.8297344075506805
450 1.8297344075506805
451 1.7084111843231993
452 1.7084111843231993
453 2.6723435104911895
454 2.6723435104911895
455 2.670078524589247
456 2.670078524589247
457 4.22087540833833
458 4.22087540833833
459 3.4615845517804633
460 3.4615845517804633
461 1.7137953326244917
462 1.7137953326244917
463 1.8782205949837634
464 1.8782205949837634
465 0.1
466 0.1
467 2.699033315074341
468 2.699033315074341
469 3.193865479068423
470 3.193865479068423
471 1.4947900236606002
472 1.4947900236606002
473 2.3459923290682516
474 2.3459923290682516
475 3.3035328709049145
476 3.3035328709049145
477 3.47268259804574
478 3.47268259804574
479 1.2483968976625435
480 1.2483968976625435
481 2.735713571022393
482 2.735713571022393
483 4.01195449402681
484 4.01195449402681
485 2.2294567742855604
486 2.2294567742855604
487 2.5982739254610188
488 2.5982739254610188
489 1.1442086199019705
490 1.1442086199019705
491 0.8775222137398517
492 0.8775222137398517
493 3.3772671098615854
494 3.3772671098615854
495 3.013324401765184
496 3.013324401765184
497 1.4759651294134546
498 1.4759651294134546
499 3.354362562883178
500 3.354362562883178
501 2.436294875612268
502 2.436294875612268
503 2.555085478044511
504 2.555085478044511
505 3.2383330882853594
506 3.2383330882853594
507 2.1996767277092446
508 2.1996767277092446
509 2.8022872277325863
510 2.8022872277325863
511 3.3103996103071904
512 3.3103996103071904
513 4.228167386434843
514 4.228167386434843
515 0.6675410274048019
516 0.6675410274048019
517 1.8700496624863194
518 1.8700496624863194
519 2.270889119715712
520 2.270889119715712
521 0.7492556291773298
522 0.7492556291773298
523 2.3082577343478317
524 2.3082577343478317
525 3.0143470306877878
526 3.0143470306877878
527 1.6766045853456464
528 1.6766045853456464
529 3.0904556143207285
530 3.0904556143207285
531 3.941205928867545
532 3.941205928867545
533 1.8323355581886651
534 1.8323355581886651
535 4.03211779072886
536 4.03211779072886
537 4.2269492731496605
538 4.2269492731496605
539 5.620481735426505
540 5.620481735426505
541 3.6165757933736
542 3.6165757933736
543 3.0358400069821005
544 3.0358400069821005
545 6.5728014425392445
546 6.5728014425392445
547 2.3369706551258593
548 2.3369706551258593
549 2.689298532545744
550 2.689298532545744
551 4.982242093573649
552 4.982242093573649
553 4.093580616241751
554 4.093580616241751
555 4.9151655014132904
556 4.9151655014132904
557 4.754286383332241
558 4.754286383332241
559 4.490653827267926
560 4.490653827267926
561 2.236296414132841
562 2.236296414132841
563 2.8549656085807538
564 2.8549656085807538
565 2.856959029025715
566 2.856959029025715
567 3.6917171563793105
568 3.6917171563793105
569 4.8255925301713996
570 4.8255925301713996
571 4.57188360259148
572 4.57188360259148
573 3.7720123140390576
574 3.7720123140390576
575 3.739295098719301
576 3.739295098719301
577 3.4712373205976528
578 3.4712373205976528
579 5.538793315394214
580 5.538793315394214
581 4.359904439800279
582 4.359904439800279
583 3.7251964664196016
584 3.7251964664196016
585 5.382830213408211
586 5.382830213408211
587 4.181717276244856
588 4.181717276244856
589 2.6960456169942817
590 2.6960456169942817
591 4.75845755464752
592 4.75845755464752
593 5.624586344833214
594 5.624586344833214
595 3.733586647431551
596 3.733586647431551
597 3.8210788014758608
598 3.8210788014758608
599 2.0248801368317833
600 2.0248801368317833
601 0.1
602 0.1
603 6.355069405789955
604 6.355069405789955
605 2.0562968987655124
606 2.0562968987655124
607 2.964584988542906
608 2.964584988542906
609 3.3031577043040445
610 3.3031577043040445
611 3.832523417290901
612 3.832523417290901
613 1.1549137830137974
614 1.1549137830137974
615 4.613284613673027
616 4.613284613673027
617 2.045678925418993
618 2.045678925418993
619 4.357962174299776
620 4.357962174299776
621 4.926099533903617
622 4.926099533903617
623 3.375819168877519
624 3.375819168877519
625 5.520796296255817
626 5.520796296255817
627 6.453656616566352
628 6.453656616566352
629 6.288468509689833
630 6.288468509689833
631 4.753572436409872
632 4.753572436409872
633 4.953168957242271
634 4.953168957242271
635 2.8930980349905733
636 2.8930980349905733
637 3.142052561379026
638 3.142052561379026
639 2.6484964108098583
640 2.6484964108098583
641 1.8058904299355922
642 1.8058904299355922
643 5.233134902548713
644 1.3719356682720307
645 1.3719356682720307
646 0.8673706199582698
647 0.8673706199582698
648 0.9600112769828738
649 0.9600112769828738
650 1.3098471579635143
651 1.3098471579635143
652 1.4637482904918877
653 1.4637482904918877
654 0.4335602041214872
655 0.4335602041214872
656 1.006463899351507
657 1.006463899351507
658 0.32315329358178213
659 0.32315329358178213
660 1.5008476908787851
661 1.5008476908787851
662 1.094301026942381
663 1.094301026942381
664 1.229967596693586
665 1.229967596693586
666 0.994589443836642
667 0.994589443836642
668 0.46568762096255856
669 0.46568762096255856
670 0.4137317954813966
671 0.4137317954813966
672 1.4098836740824565
673 1.4098836740824565
674 0.7383681168643486
675 0.7383681168643486
676 0.9557729567060312
677 0.9557729567060312
678 1.147865279930374
679 1.147865279930374
680 1.1554976893350255
681 1.1554976893350255
682 1.534678316201041
683 1.534678316201041
684 1.5194419098020546
685 1.5194419098020546
686 1.668024451189735
687 1.668024451189735
688 1.749847486476205
689 1.749847486476205
690 1.5563659607385887
691 1.5563659607385887
692 0.5688654836015854
693 0.5688654836015854
694 1.032163153637806
695 1.032163153637806
696 0.803279042881153
697 0.803279042881153
698 1.1243852823380902
699 1.1243852823380902
700 1.784680403154833
701 1.784680403154833
702 1.288398158529165
703 1.288398158529165
704 0.4290259260378144
705 0.4290259260378144
706 0.748764175541469
707 0.748764175541469
708 0.645201833587439
709 0.645201833587439
710 1.5286532226131335
711 1.5286532226131335
712 1.3570674066262205
713 1.3570674066262205
714 0.6316945214460655
715 0.6316945214460655
716 0.6502137775803041
717 0.6502137775803041
718 1.7030432548090715
719 1.7030432548090715
720 0.7669676839375
721 0.7669676839375
722 0.9140369290187169
723 0.9140369290187169
724 0.9251276845473352
725 0.9251276845473352
726 1.4053669638564754
727 1.4053669638564754
728 1.2206075267311716
729 1.2206075267311716
730 0.6819560292477826
731 0.6819560292477826
732 0.6574452061506818
733 0.6574452061506818
734 1.4559159956083163
735 1.4559159956083163
736 1.166534868100546
737 1.166534868100546
738 1.9045269760142853
739 1.9045269760142853
740 1.7747883401941504
741 1.7747883401941504
742 1.2660258831687383
743 1.2660258831687383
744 0.8623894202840504
745 0.8623894202840504
746 0.9295748838129012
747 0.9295748838129012
748 1.053468497187504
749 1.053468497187504
750 1.042747771326823
751 1.042747771326823
752 1.2014439921045428
753 1.2014439921045428
754 0.8466549618098274
755 0.8466549618098274
756 1.0914894037038905
757 1.0914894037038905
758 1.0429844496459244
759 1.0429844496459244
760 0.5912790686842526
761 0.5912790686842526
762 1.0491243560130943
763 1.0491243560130943
764 1.5079302081660113
765 1.5079302081660113
766 1.811218774061839
767 1.811218774061839
768 1.917754229416316
769 1.917754229416316
770 1.1160414195058799
771 1.1160414195058799
772 0.1813842746219606
773 0.1813842746219606
774 0.6886196565971052
775 0.6886196565971052
776 0.9166933216070731
777 0.9166933216070731
778 0.7272069118549893
779 0.7272069118549893
780 0.3107853579393195
781 0.3107853579393195
782 1.2571574387560198
783 1.2571574387560198
784 0.5867882846386224
785 0.5867882846386224
786 1.453816308764617
787 1.453816308764617
788 0.4729411860294287
789 0.4729411860294287
790 1.7491024806039284
791 1.7491024806039284
792 1.388953201899505
793 1.388953201899505
794 1.0130874829023195
795 1.0130874829023195
796 1.1601924293212758
797 1.1601924293212758
798 1.1006063295960575
799 1.1006063295960575
800 1.1761993677770142
801 1.1761993677770142
802 0.5762670304228966
803 0.5762670304228966
804 0.8720418022149374
805 0.8720418022149374
806 0.9590755788255729
807 0.9590755788255729
808 1.7266791624707183
809 1.7266791624707183
810 0.6622077209937529
811 0.6622077209937529
812 0.5123992324929055
813 0.5123992324929055
814 1.2898327814562534
815 1.2898327814562534
816 1.2149781034050386
817 1.2149781034050386
818 1.7458033464200566
819 5.120969686528678
820 5.120969686528678
821 5.5252928280909845
822 5.5252928280909845
823 4.883285487628777
824 4.883285487628777
825 4.04826213283036
826 4.04826213283036
827 2.8450830731106707
828 2.8450830731106707
829 2.259542786999144
830 2.259542786999144
831 5.134461621822233
832 5.134461621822233
833 5.36406867874644
834 5.36406867874644
835 3.873947837884717
836 3.873947837884717
837 3.818684726009014
838 3.818684726009014
839 4.0441133626896315
840 4.0441133626896315
841 2.2363001631375337
842 2.2363001631375337
843 5.471777479293881
844 5.471777479293881
845 3.632405191435761
846 3.632405191435761
847 2.1631417304951173
848 2.1631417304951173
849 6.069336853603201
850 6.069336853603201
851 4.2548047143376815
852 4.2548047143376815
853 4.327867196091578
854 4.327867196091578
855 5.406560204811242
856 5.406560204811242
857 3.2461324052038867
858 3.2461324052038867
859 4.819925629348688
860 4.819925629348688
861 4.219602184935379
862 4.219602184935379
863 4.031603761558068
864 4.031603761558068
865 2.9004849488784843
866 2.9004849488784843
867 3.0271093026225673
868 3.0271093026225673
869 3.107493527601177
870 3.107493527601177
871 4.4829997049497985
872 4.4829997049497985
873 2.4587075601769954
874 2.4587075601769954
875 3.410498185512223
876 3.410498185512223
877 4.7858818360437425
878 4.7858818360437425
879 4.30715125763314
880 4.30715125763314
881 6.461673741353023
882 6.461673741353023
883 5.717048924959092
884 5.717048924959092
885 1.281346832492289
886 1.281346832492289
887 3.142081073965307
888 3.142081073965307
889 2.979025504317722
890 2.979025504317722
891 4.057225032394802
892 4.057225032394802
893 3.304969497386825
894 3.304969497386825
895 1.9757883643680063
896 1.5889475274326914
897 1.5889475274326914
898 1.5486234240830883
899 1.5486234240830883
900 1.874292573980706
901 1.874292573980706
902 1.5922494659862487
903 1.5922494659862487
904 1.0034375518321361
905 1.0034375518321361
906 1.1917482771999814
907 1.1917482771999814
908 0.47845711812858027
909 0.47845711812858027
910 0.8210181208518987
911 0.8210181208518987
912 1.3351110706430978
913 1.3351110706430978
914 1.1464586918552508
915 1.1464586918552508
916 1.939045005263389
917 1.939045005263389
918 1.0457050391100726
919 1.0457050391100726
920 0.8210094771799263
921 0.8210094771799263
922 0.7472379668669809
923 0.7472379668669809
924 0.4438050831594419
925 0.4438050831594419
926 1.4121478808952383
927 1.4121478808952383
928 1.339631535920863
929 1.339631535920863
930 0.9916856472815972
931 0.9916856472815972
932 1.22557864294627
933 1.22557864294627
934 0.763400886249042
935 0.763400886249042
936 1.9199173338904187
937 1.9199173338904187
938 1.5814463743537803
939 1.5814463743537803
940 1.4545079056468753
941 1.4545079056468753
942 0.9967266401819979
943 0.9967266401819979
944 1.1443198565223294
945 1.1443198565223294
946 0.4557372998097531
947 0.4557372998097531
948 0.376282563500059
949 0.376282563500059
950 1.0404548147863901
951 1.0404548147863901
952 0.5958641300902647
953 0.5958641300902647
954 0.8856459078549792
955 0.8856459078549792
956 0.23573785131530228
957 0.23573785131530228
958 0.2681007772264033
959 0.2681007772264033
960 0.3920744968381711
961 0.3920744968381711
962 0.4220848070531178
963 0.4220848070531178
964 0.5787364413130283
965 0.5787364413130283
966 0.31826479852505274
967 0.31826479852505274
968 0.689090446266339
969 0.689090446266339
970 0.570713300052699
971 0.570713300052699
972 0.47881642693127624
973 0.47881642693127624
974 0.7291244557747698
975 0.7291244557747698
976 0.6922050372236788
977 0.6922050372236788
978 0.6054369950407464
979 0.6054369950407464
980 0.8432103476412334
981 0.8432103476412334
982 0.5859169192820002
983 0.5859169192820002
984 0.5312347490557436
985 0.5312347490557436
986 0.3752660392474178
987 0.3752660392474178
988 0.7241614888097911
989 0.7241614888097911
990 0.4711733627581388
991 0.4711733627581388
992 0.49680861661923326
993 0.49680861661923326
994 0.6423435081241768
995 0.6423435081241768
996 0.7258946165185348
997 0.7258946165185348
998 0.36391219035063865
999 0.36391219035063865
1000 0.4528057763305698
1001 0.4528057763305698
1002 0.5065398155112895
1003 0.5065398155112895
1004 0.7427648002970539
1005 0.7427648002970539
1006 0.4068247240551742
1007 0.4068247240551742
1008 0.6768435897040431
1009 0.6768435897040431
1010 0.8083622533634132
1011 0.8083622533634132
1012 0.8240140441150615
1013 0.8240140441150615
1014 0.5856979465685258
1015 0.5856979465685258
1016 0.6802884105341208
1017 0.6802884105341208
1018 0.6429074236233142
1019 0.6429074236233142
1020 0.14090218177696723
1021 0.14090218177696723
1022 0.5721067016563784
1023 0.5721067016563784
1024 0.5055100293052301
1025 0.5055100293052301
1026 0.43491732531539107
1027 0.43491732531539107
1028 0.6615075651192304
1029 0.6615075651192304
1030 0.5549361623020079
1031 0.5549361623020079
1032 0.6325516463064031
1033 0.6325516463064031
1034 0.5587847608263478
1035 0.5587847608263478
1036 0.7633306358767707
1037 0.7633306358767707
1038 0.48734366106114935
1039 0.48734366106114935
1040 0.6769354738018507
1041 0.6769354738018507
1042 0.3117652810107412
1043 0.3117652810107412
1044 0.7695508789737678
1045 0.7695508789737678
1046 0.4234829838126524
1047 0.4234829838126524
1048 0.7462136380077503
1049 0.7462136380077503
1050 0.8515512905321123
1051 0.8515512905321123
1052 0.7124234725147341
1053 0.7124234725147341
1054 0.35599402378574063
1055 0.35599402378574063
1056 0.721327725983776
1057 0.721327725983776
1058 4.758224890941793
1059 4.758224890941793
1060 3.541072508265264
1061 3.541072508265264
1062 3.4561838062394306
1063 3.4561838062394306
1064 4.5252723698904
1065 4.5252723698904
1066 5.379606426443515
1067 5.379606426443515
1068 3.5103767756429365
1069 3.5103767756429365
1070 1.0323369932340491
1071 1.0323369932340491
1072 2.286121700888417
1073 2.286121700888417
1074 4.960852378726405
1075 4.960852378726405
1076 3.028594369172242
1077 3.028594369172242
1078 3.864467266860632
1079 3.864467266860632
1080 1.9971039319682584
1081 1.9971039319682584
1082 1.2677336462229025
1083 1.2677336462229025
1084 4.272259774716068
1085 4.272259774716068
1086 4.8001042124072795
1087 4.8001042124072795
1088 4.620766814309263
1089 4.620766814309263
1090 1.793081232583553
1091 1.793081232583553
1092 2.5128539409494195
1093 2.5128539409494195
1094 5.290509514145025
1095 5.290509514145025
1096 4.548157556776856
1097 4.548157556776856
1098 5.118384266832587
1099 5.118384266832587
1100 3.879684918182126
1101 3.879684918182126
1102 3.1297338508238166
1103 3.1297338508238166
1104 4.949103299621795
1105 4.949103299621795
1106 5.405561915069325
1107 5.405561915069325
1108 3.9522940227246437
1109 3.9522940227246437
1110 2.3128267700989023
1111 2.3128267700989023
1112 3.6970133532811915
1113 3.6970133532811915
1114 2.14867780780948
1115 2.14867780780948
1116 3.7601624377452922
1117 3.7601624377452922
1118 4.367135199214591
1119 4.367135199214591
1120 1.510198847116408
1121 1.510198847116408
1122 5.677287617373711
1123 5.677287617373711
1124 2.8105466156372327
1125 2.8105466156372327
1126 2.1552270116735937
1127 2.1552270116735937
1128 5.170706612857148
1129 5.170706612857148
1130 3.4193168255349793
1131 3.4193168255349793
1132 4.869136992343787
1133 4.869136992343787
1134 2.834605674414279
1135 2.834605674414279
1136 1.594227305464755
1137 1.594227305464755
1138 4.0578285802722736
1139 4.0578285802722736
1140 3.7540914158455783
1141 3.7540914158455783
1142 5.032598413113003
1143 5.032598413113003
1144 4.769049517106512
1145 4.769049517106512
1146 4.297885686756658
1147 4.297885686756658
1148 4.420347657198794
1149 4.420347657198794
1150 2.394217468931875
1151 2.394217468931875
1152 2.2254674827693774
1153 2.2254674827693774
1154 1.4370645475635961
1155 1.4370645475635961
1156 0.9293689765925999
1157 0.9293689765925999
1158 2.7929442509177775
1159 2.7929442509177775
1160 3.5288181961128875
1161 3.5288181961128875
1162 1.5563626041527612
1163 1.5563626041527612
1164 3.03039112842592
1165 3.03039112842592
1166 2.839572837384543
1167 2.839572837384543
1168 5.817164434751007
1169 5.817164434751007
1170 5.568266869311023
1171 5.568266869311023
1172 5.695206777748328
1173 5.695206777748328
1174 3.20855401075492
1175 3.20855401075492
1176 6.251678241898475
1177 6.251678241898475
1178 3.590149251286614
1179 3.590149251286614
1180 3.7993128164451315
1181 3.7993128164451315
1182 2.0451025812618746
1183 2.0451025812618746
1184 1.40686810452636
1185 1.40686810452636
1186 4.655141446372673
1187 4.655141446372673
1188 6.168700070957016
1189 6.168700070957016
1190 1.2558607909134945
1191 1.2558607909134945
1192 3.295057559036376
1193 3.295057559036376
1194 5.304031163463117
1195 5.304031163463117
1196 6.480001020815138
1197 6.480001020815138
1198 3.7226571068728265
1199 3.7226571068728265
1200 2.504449676906047
1201 2.504449676906047
1202 2.278477990971256
1203 2.278477990971256
1204 1.7312810522351871
1205 1.7312810522351871
1206 3.048782639052594
1207 3.048782639052594
1208 3.7761999104215214
1209 3.7761999104215214
1210 3.7405018792365783
1211 3.7405018792365783
1212 3.1309545990919148
1213 3.1309545990919148
1214 2.5939675993766946
1215 2.5939675993766946
1216 6.453249925968305
1217 6.453249925968305
1218 1.9703014722169125
1219 1.9703014722169125
1220 1.0912154573016157
1221 1.0912154573016157
1222 4.428944035646121
1223 4.428944035646121
1224 0.37780700171159687
1225 0.37780700171159687
1226 3.093427774318339
1227 3.093427774318339
1228 2.116102803029703
1229 2.116102803029703
1230 3.255832444055025
1231 3.255832444055025
1232 2.6593776385776238
1233 2.6593776385776238
1234 3.1384129303826125
1235 3.1384129303826125
1236 4.9074491168755365
1237 4.9074491168755365
1238 1.2302065465545682
1239 1.2302065465545682
1240 2.935623007479488
1241 2.935623007479488
1242 4.894619030101354
1243 4.894619030101354
1244 2.8737388474246037
1245 2.8737388474246037
1246 1.3597653225909179
1247 1.3597653225909179
1248 3.005286397936367
1249 3.005286397936367
1250 4.190712722228273
1251 4.190712722228273
1252 1.8577272915317302
1253 1.8577272915317302
1254 0.716926977928833
1255 0.716926977928833
1256 4.693481186638159
1257 4.693481186638159
1258 2.0073191443137333
1259 2.0073191443137333
1260 2.5024144653351574
1261 2.5024144653351574
1262 4.442255282097995
1263 4.442255282097995
1264 4.621935447494308
1265 4.621935447494308
1266 0.5541151117660137
1267 0.5541151117660137
1268 4.5542488519341955
1269 4.5542488519341955
1270 2.424964261564221
1271 2.424964261564221
1272 2.875328360170717
1273 2.875328360170717
1274 4.02625787586893
1275 4.02625787586893
1276 1.946021844328186
1277 1.946021844328186
1278 1.8690772198713046
1279 1.8690772198713046
1280 1.8077408022520325
1281 1.8077408022520325
1282 2.8460286155275876
1283 2.8460286155275876
1284 3.157751805632041
1285 3.157751805632041
1286 0.20869216026271742
1287 0.20869216026271742
1288 2.617301063233516
1289 2.617301063233516
1290 1.2834743428470192
1291 1.2834743428470192
1292 0.7428613107299727
1293 0.7428613107299727
1294 0.464969027283308
1295 0.464969027283308
1296 0.774700094719829
1297 0.774700094719829
1298 1.421583110245436
1299 1.421583110245436
1300 1.379352083406071
1301 1.379352083406071
1302 1.428833006727973
1303 1.428833006727973
1304 0.7541059159490555
1305 0.7541059159490555
1306 1.159775396130341
1307 1.159775396130341
1308 0.9361411050536491
1309 0.9361411050536491
1310 1.6050318392411045
1311 1.6050318392411045
1312 1.5388146309198492
1313 1.5388146309198492
1314 0.7696977655181143
1315 0.7696977655181143
1316 1.4865809052286596
1317 1.4865809052286596
1318 1.4171971085922654
1319 1.4171971085922654
1320 1.5221006306277198
1321 1.5221006306277198
1322 1.5743027947433212
1323 1.5743027947433212
1324 1.408561179958879
1325 1.408561179958879
1326 0.948724220461642
1327 0.948724220461642
1328 1.3311525125021233
1329 1.3311525125021233
1330 0.9868097871440125
1331 0.9868097871440125
1332 1.0581230629949827
1333 1.0581230629949827
1334 0.7582135784733153
1335 0.7582135784733153
1336 1.0111003398435763
1337 1.0111003398435763
1338 0.9379098671758936
1339 0.9379098671758936
1340 0.5767011645400335
1341 0.5767011645400335
1342 0.23669551018005008
1343 0.23669551018005008
1344 0.11525871758200669
1345 0.11525871758200669
1346 0.2490587136629786
1347 0.2490587136629786
1348 0.2646116225038948
1349 0.2646116225038948
1350 0.12296433438594555
1351 0.12296433438594555
1352 0.14985657335822852
1353 0.14985657335822852
1354 0.1548892108574653
1355 0.1548892108574653
1356 0.34583192826384335
1357 0.34583192826384335
1358 0.13473913301457702
1359 0.13473913301457702
1360 0.24761016334875594
1361 0.24761016334875594
1362 0.1490189298881106
1363 0.1490189298881106
1364 0.305866447116468
1365 0.305866447116468
1366 0.3068996002862036
1367 0.3068996002862036
1368 0.11235202859418991
1369 0.11235202859418991
1370 0.2930384597121171
1371 0.2930384597121171
1372 0.2657026788059468
1373 0.2657026788059468
1374 0.26165041173203124
1375 0.26165041173203124
1376 0.3097331257583752
1377 0.3097331257583752
1378 0.1
1379 0.1
1380 0.12568420368807764
1381 0.12568420368807764
1382 0.3128901729930717
1383 0.3128901729930717
1384 0.3017773896476408
1385 0.3017773896476408
1386 0.2376678352496177
1387 0.2376678352496177
1388 0.19242650653509133
1389 0.19242650653509133
1390 0.14339052976472133
1391 0.14339052976472133
1392 0.3174035271893293
1393 0.3174035271893293
1394 0.2698376486688229
1395 0.2698376486688229
1396 0.20350753507383534
1397 0.20350753507383534
1398 0.1
1399 0.1
1400 0.1688053073242894
1401 0.1688053073242894
1402 0.2545605964994829
1403 0.2545605964994829
1404 0.25191066732328904
1405 0.25191066732328904
1406 0.2170722906527217
1407 0.2170722906527217
1408 0.17048489683290646
1409 0.17048489683290646
1410 0.1
1411 0.1
1412 0.18501394500492077
1413 0.18501394500492077
1414 0.18316199025860178
1415 0.18316199025860178
1416 0.1
1417 0.1
1418 0.23802906626866102
1419 0.23802906626866102
1420 0.15150798234776414
1421 0.15150798234776414
1422 0.2124454300582587
1423 0.2124454300582587
1424 0.10547547144624327
1425 0.10547547144624327
1426 0.1906202348075302
1427 0.1906202348075302
1428 0.18751475368142548
1429 0.18751475368142548
1430 0.23627485840227008
1431 0.23627485840227008
1432 0.24363497980171298
1433 0.24363497980171298
1434 0.2738940251359254
1435 0.2738940251359254
1436 0.3050329507886447
1437 0.3050329507886447
1438 0.16010663478784598
1439 0.16010663478784598
1440 0.25131928880551824
1441 0.25131928880551824
1442 0.24120412240526196
1443 0.24120412240526196
1444 0.1311202162672453
1445 0.1311202162672453
1446 0.14837029235527624
1447 0.14837029235527624
1448 0.12146005264420619
1449 0.12146005264420619
1450 0.3946951307642074
1451 0.3946951307642074
1452 0.1
1453 0.1
1454 0.1
1455 0.1
1456 0.24846175195138268
1457 0.24846175195138268
1458 0.17968454380618634
1459 0.17968454380618634
1460 0.31640269631234996
1461 0.31640269631234996
1462 0.1783477455198974
1463 0.1783477455198974
1464 0.1746141305410232
1465 0.1746141305410232
1466 0.1694719549875312
1467 0.1694719549875312
1468 0.2484642517124957
1469 0.2484642517124957
1470 0.32331407350852615
1471 1.7446633948576074
1472 1.7446633948576074
1473 1.5689840661797332
1474 1.5689840661797332
1475 0.3879886564255799
1476 0.3879886564255799
1477 1.2198250800112067
1478 1.2198250800112067
1479 0.4732649674615007
1480 0.4732649674615007
1481 1.1605997073323848
1482 1.1605997073323848
1483 0.851496618266036
1484 0.851496618266036
1485 1.0456864569008646
1486 1.0456864569008646
1487 0.638628480821954
1488 0.638628480821954
1489 1.9892465821195375
1490 1.9892465821195375
1491 1.0634709426919382
1492 1.0634709426919382
1493 0.9325376360161304
1494 0.9325376360161304
1495 0.8666874163114431
1496 0.8666874163114431
1497 1.4537655836221233
1498 1.4537655836221233
1499 1.610017220403211
1500 1.610017220403211
1501 1.5635020659148342
1502 1.5635020659148342
1503 0.8665069604890934
1504 0.8665069604890934
1505 0.8759599512342355
1506 0.8759599512342355
1507 1.6395178239684962
1508 1.6395178239684962
1509 1.3973814305129688
1510 1.3973814305129688
1511 2.0346806507180255
1512 2.0346806507180255
1513 1.1470860651959576
1514 1.1470860651959576
1515 1.7650239516166333
1516 1.7650239516166333
1517 0.9187421337104661
1518 0.9187421337104661
1519 1.1826753393060498
1520 1.1826753393060498
1521 1.5914881676387234
1522 1.5914881676387234
1523 1.2736905097725875
1524 1.2736905097725875
1525 1.379998307239326
1526 1.379998307239326
1527 0.9704076965718882
1528 0.9704076965718882
1529 1.3789228041957664
1530 1.3789228041957664
1531 1.3863508239281936
1532 1.3863508239281936
1533 0.9946358454027179
1534 0.9946358454027179
1535 0.8356738716978911
1536 0.8356738716978911
1537 1.1519643623858438
1538 1.1519643623858438
1539 0.9667627643137879
1540 0.9667627643137879
1541 1.397800303943978
1542 1.397800303943978
1543 1.1643200111165488
1544 1.1643200111165488
1545 0.8019684860791573
1546 0.8019684860791573
1547 0.8900339236927023
1548 0.8900339236927023
1549 0.7249545003313382
1550 0.7249545003313382
1551 0.23676800941127651
1552 0.23676800941127651
1553 1.3934762387822333
1554 1.3934762387822333
1555 1.402722388612296
1556 1.402722388612296
1557 0.6599519582718806
1558 0.6599519582718806
1559 0.9908610024666601
1560 0.9908610024666601
1561 0.7498577289528296
1562 0.7498577289528296
1563 0.6574748974911913
1564 0.6574748974911913
1565 1.621522376675825
1566 1.621522376675825
1567 0.5088647650949191
1568 0.5088647650949191
1569 1.5832335589679105
1570 1.5832335589679105
1571 1.0210822120724086
1572 1.0210822120724086
1573 0.4505557399175315
1574 0.4505557399175315
1575 1.1943773635150394
1576 1.1943773635150394
1577 1.5968380101171282
1578 1.5968380101171282
1579 1.1462630314181403
1580 1.1462630314181403
1581 0.8770608756882791
1582 0.8770608756882791
1583 0.9755187419893401
1584 0.9755187419893401
1585 1.6611852636926707
1586 1.6611852636926707
1587 1.1801002255874742
1588 1.1801002255874742
1589 0.29068321094494376
1590 0.29068321094494376
1591 1.0694961113249557
1592 1.0694961113249557
1593 1.3410505353210818
1594 1.3410505353210818
1595 0.839679288724829
1596 0.839679288724829
1597 1.0177448005362895
1598 1.0177448005362895
1599 1.0679654809524615
1600 1.0679654809524615
1601 1.5647895962349299
1602 1.5647895962349299
1603 0.8315137916176791
1604 0.8315137916176791
1605 0.8544350258851449
1606 0.8544350258851449
1607 0.730753550652521
1608 0.730753550652521
1609 0.7154838016609316
1610 0.7154838016609316
1611 1.0489362170861798
1612 1.0489362170861798
1613 1.13616434000906
1614 1.13616434000906
1615 1.3926511371317583
1616 1.3926511371317583
1617 0.8843581634822764
1618 0.8843581634822764
1619 1.6327089572271396
1620 1.6327089572271396
1621 1.5515069963771946
1622 1.5515069963771946
1623 1.7436603193258986
1624 1.7436603193258986
1625 0.9456834162920289
1626 0.9456834162920289
1627 1.4801817722518729
1628 1.4801817722518729
1629 0.9817817374934598
1630 0.9817817374934598
1631 1.0588767556729397
1632 1.0588767556729397
1633 1.148788715594495
1634 1.148788715594495
1635 0.8868781296559585
1636 0.8868781296559585
1637 0.9688903283060488
1638 0.9688903283060488
1639 0.6985314213303194
1640 0.6985314213303194
1641 1.262388812159453
1642 1.262388812159453
1643 0.7831778222832968
1644 0.7831778222832968
1645 0.9340501021311269
1646 0.9340501021311269
1647 1.8651019014463943
1648 1.8651019014463943
1649 0.28603914855150636
1650 0.28603914855150636
1651 1.3681522416346956
1652 1.3681522416346956
1653 1.0738154923343264
1654 1.0738154923343264
1655 1.5198934312251589
1656 1.5198934312251589
1657 1.0162755588016745
1658 1.0162755588016745
1659 1.4453389637842506
1660 1.4453389637842506
1661 1.2487757724938957
1662 1.2487757724938957
1663 1.668132074180227
1664 1.668132074180227
1665 0.8502007360898797
1666 0.8502007360898797
1667 1.3078877890529261
1668 1.3078877890529261
1669 1.7790784104596535
1670 1.7790784104596535
1671 1.4098460885613973
1672 1.4098460885613973
1673 0.7026146435882671
1674 0.7026146435882671
1675 1.2162429056932225
1676 1.2162429056932225
1677 1.0484847653550433
1678 1.0484847653550433
1679 1.1636750912945022
1680 1.1636750912945022
1681 1.3303580186436181
1682 1.3303580186436181
1683 1.4178315092764113
1684 1.4178315092764113
1685 0.7358333105549979
1686 0.7358333105549979
1687 0.1
1688 0.1
1689 1.3045090107405284
1690 1.3045090107405284
1691 0.759601807154767
1692 0.759601807154767
1693 1.0713406468528535
1694 1.0713406468528535
1695 0.5595833804084422
1696 0.5595833804084422
1697 1.1164981843110335
1698 1.1164981843110335
1699 1.6386801283645784
1700 1.6386801283645784
1701 1.345002572566812
1702 1.345002572566812
1703 1.2524271544307246
1704 1.2524271544307246
1705 1.083502499594327
1706 1.083502499594327
1707 1.9894497861726639
1708 1.9894497861726639
1709 1.3205737410013947
1710 1.3205737410013947
1711 1.3528548723394658
1712 3.9606979017917365
1713 3.9606979017917365
1714 3.187999446219262
1715 3.187999446219262
1716 3.1609836606534287
1717 3.1609836606534287
1718 2.6371628130083247
1719 2.6371628130083247
1720 2.1338746632631445
1721 2.1338746632631445
1722 2.9039553425913245
1723 2.9039553425913245
1724 3.1996846609029856
1725 3.1996846609029856
1726 3.026732312628896
1727 3.026732312628896
1728 5.018884806647105
1729 5.018884806647105
1730 1.134250097120143
1731 1.134250097120143
1732 3.6872143024632082
1733 3.6872143024632082
1734 3.143485999599523
1735 3.143485999599523
1736 4.13873392357103
1737 4.13873392357103
1738 1.8467330000719482
1739 1.8467330000719482
1740 4.720730519846385
1741 4.720730519846385
1742 3.547075556666754
1743 3.547075556666754
1744 3.8563128242486164
1745 3.8563128242486164
1746 2.4912584504440387
1747 2.4912584504440387
1748 2.817313062211976
1749 2.817313062211976
1750 0.9812279526470107
1751 0.9812279526470107
1752 1.6308317920781263
1753 1.6308317920781263
1754 2.3517084457936086
1755 2.3517084457936086
1756 2.040084275045749
1757 2.040084275045749
1758 3.1283197626728496
1759 3.1283197626728496
1760 4.599687244685507
1761 4.599687244685507
1762 4.1842251841873095
1763 4.1842251841873095
1764 3.5068379161226906
1765 3.5068379161226906
1766 2.9124645552315287
1767 2.9124645552315287
1768 3.1039455428007403
1769 3.1039455428007403
1770 3.6852587766436296
1771 3.6852587766436296
1772 1.5679384624452062
1773 1.5679384624452062
1774 3.3222134203742826
1775 3.3222134203742826
1776 4.816142616632901
1777 4.816142616632901
1778 1.7251560290722632
1779 1.7251560290722632
1780 2.8065743493459103
1781 2.8065743493459103
1782 3.6173527797426486
1783 3.6173527797426486
1784 1.8427844162957312
1785 1.8427844162957312
1786 2.6681535070234403
1787 2.6681535070234403
1788 3.2512454640874098
1789 3.2512454640874098
1790 0.8931787007548451
1791 0.8931787007548451
1792 5.016746471077521
1793 5.016746471077521
1794 1.3732461464982166
1795 1.3732461464982166
1796 2.6884803885101816
1797 2.6884803885101816
1798 3.4030109637558494
1799 3.4030109637558494
1800 3.705457007483525
1801 3.705457007483525
1802 1.7248959141068796
1803 1.7248959141068796
1804 4.163906355711429
1805 4.163906355711429
1806 4.298024696856871
1807 0.9513246428337494
1808 0.9513246428337494
1809 4.466638465014656
1810 4.466638465014656
1811 7.392020705808328
1812 7.392020705808328
1813 3.68342083717862
1814 3.68342083717862
1815 2.0019734021835847
1816 2.0019734021835847
1817 2.4153390468327776
1818 2.4153390468327776
1819 4.2307801476507745
1820 4.2307801476507745
1821 3.9402210986983706
1822 3.9402210986983706
1823 2.3628782074263137
1824 2.3628782074263137
1825 1.4519835760492485
1826 1.4519835760492485
1827 3.5493234463835943
1828 3.5493234463835943
1829 4.567922566130759
1830 4.567922566130759
1831 3.855426375664205
1832 3.855426375664205
1833 3.6226917395833573
1834 3.6226917395833573
1835 2.0813938264154324
1836 2.0813938264154324
1837 4.186408069921837
1838 4.186408069921837
1839 2.7998920759045482
1840 2.7998920759045482
1841 1.555809698094163
1842 1.555809698094163
1843 4.575379868838919
1844 4.575379868838919
1845 6.220586651203226
1846 6.220586651203226
1847 2.7550654844304745
1848 2.7550654844304745
1849 3.4142496430947578
1850 3.4142496430947578
1851 4.862642467523706
1852 4.862642467523706
1853 3.2213481358663776
1854 3.2213481358663776
1855 5.282737388607089
1856 1.4722279998949526
1857 1.4722279998949526
1858 1.7685631918857185
1859 1.7685631918857185
1860 0.4536254548076776
1861 0.4536254548076776
1862 0.6174260463732015
1863 0.6174260463732015
1864 1.2959938534392754
1865 1.2959938534392754
1866 0.8205975326416279
1867 0.8205975326416279
1868 1.145351710333085
1869 1.145351710333085
1870 1.287584842834272
1871 1.287584842834272
1872 2.239791125553831
1873 2.239791125553831
1874 1.2642590157095974
1875 1.2642590157095974
1876 2.079925675408364
1877 2.079925675408364
1878 1.8862152543990485
1879 1.8862152543990485
1880 1.316679687486873
1881 1.316679687486873
1882 1.294522178755284
1883 1.294522178755284
1884 1.0494609377349138
1885 1.0494609377349138
1886 0.6591198394031492
1887 0.6591198394031492
1888 0.6336547464823306
1889 0.6336547464823306
1890 0.7908975072793707
1891 0.7908975072793707
1892 2.0581476946898105
1893 2.0581476946898105
1894 0.3080246512171374
1895 0.3080246512171374
1896 0.6212538169759572
1897 0.6212538169759572
1898 1.6301964974721148
1899 1.6301964974721148
1900 1.0778200027477123
1901 1.0778200027477123
1902 2.074223781177735
1903 2.074223781177735
1904 0.21356747227276818
1905 0.21356747227276818
1906 1.1600465799025115
1907 1.1600465799025115
1908 1.545120516294238
1909 1.545120516294238
1910 0.837885451658787
1911 0.837885451658787
1912 1.3835621384589698
1913 1.3835621384589698
1914 0.9946675776891553
1915 0.9946675776891553
1916 1.204870560979643
1917 1.204870560979643
1918 1.2921543447494446
1919 1.2921543447494446
1920 1.0868031319006426
1921 1.0868031319006426
1922 0.9275862155907576
1923 0.9275862155907576
1924 0.5262323659109613
1925 0.5262323659109613
1926 1.1279110970963664
1927 1.1279110970963664
1928 1.0601098211143702
1929 1.0601098211143702
1930 0.6580171222599698
1931 0.6580171222599698
1932 1.3863053738805586
1933 1.3863053738805586
1934 1.3721394636720916
1935 1.3721394636720916
1936 1.8761504239653206
1937 1.8761504239653206
1938 0.909411985226022
1939 0.909411985226022
1940 0.5045370144308672
1941 0.5045370144308672
1942 1.075523193177914
1943 1.075523193177914
1944 1.4071042169589383
1945 1.4071042169589383
1946 1.725436490537164
1947 1.725436490537164
1948 1.4618819801146496
1949 1.4618819801146496
1950 0.47826282654807584
1951 0.47826282654807584
1952 0.8391932369453261
1953 0.8391932369453261
1954 1.4014917234892426
1955 1.4014917234892426
1956 0.9879522919065284
1957 0.9879522919065284
1958 0.9435051226596964
1959 0.9435051226596964
1960 1.212534286296596
1961 1.212534286296596
1962 1.5355141993248
1963 1.5355141993248
1964 1.3179835219529792
1965 1.3179835219529792
1966 0.5925002264554431
1967 0.5925002264554431
1968 1.347821318619358
1969 1.347821318619358
1970 1.3512970678064846
1971 1.3512970678064846
1972 1.2154753693305098
1973 1.2154753693305098
1974 1.0820056656230392
1975 1.0820056656230392
1976 1.0960221147451534
1977 1.0960221147451534
1978 1.9047125252903023
1979 1.9047125252903023
1980 1.5428968051857694
1981 1.5428968051857694
1982 1.5116324307147555
1983 1.5116324307147555
1984 0.830547055206809
1985 0.830547055206809
1986 1.7146488575431458
1987 1.7146488575431458
1988 1.0839170269962526
1989 1.0839170269962526
1990 1.4351256829237262
1991 1.4351256829237262
1992 0.46630561825180694
1993 0.46630561825180694
1994 0.92010019017458
1995 0.92010019017458
1996 1.1874129433172251
1997 1.1874129433172251
1998 1.1657047608082363
1999 1.1657047608082363
