0 0.20691037625379277
1 0.20691037625379277
2 0.20691037625379277
3 0.24454908022221078
4 0.24454908022221078
5 0.24454908022221078
6 0.2518636277547729
7 0.2518636277547729
8 0.2518636277547729
9 0.18189751484695152
10 0.18189751484695152
11 0.18189751484695152
12 0.20382812147621773
13 0.20382812147621773
14 0.20382812147621773
15 0.2555021100984075
16 0.2555021100984075
17 0.2555021100984075
18 0.24219480947231908
19 0.24219480947231908
20 0.24219480947231908
21 0.2000990528479262
22 0.2000990528479262
23 0.2000990528479262
24 0.19085563042688397
25 0.19085563042688397
26 0.19085563042688397
27 0.2089362344505339
28 0.2089362344505339
29 0.2089362344505339
30 0.24200416179385706
31 0.24200416179385706
32 0.24200416179385706
33 0.20489245628403807
34 0.20489245628403807
35 0.20489245628403807
36 0.146613221523292
37 0.146613221523292
38 0.146613221523292
39 0.20436525113818443
40 0.20436525113818443
41 0.20436525113818443
42 0.18768217714955315
43 0.18768217714955315
44 0.18768217714955315
45 0.23426675756980225
46 0.23426675756980225
47 0.23426675756980225
48 0.20334258454007942
49 0.20334258454007942
50 0.20334258454007942
51 0.2008384689981203
52 0.2008384689981203
53 0.2008384689981203
54 0.18686809667782622
55 0.18686809667782622
56 0.18686809667782622
57 0.16650962383495807
58 0.16650962383495807
59 0.16650962383495807
60 1.7678138629864335
61 1.7678138629864335
62 1.7678138629864335
63 1.8186987988053045
64 1.8186987988053045
65 1.8186987988053045
66 1.6224351418634038
67 1.6224351418634038
68 1.6224351418634038
69 1.8582851338336952
70 1.8582851338336952
71 1.8582851338336952
72 1.6538288600717066
73 1.6538288600717066
74 1.6538288600717066
75 2.760471678165584
76 2.760471678165584
77 2.760471678165584
78 1.7039714670445514
79 1.7039714670445514
80 1.7039714670445514
81 1.823319537798308
82 1.823319537798308
83 1.823319537798308
84 3.1883930211932365
85 3.1883930211932365
86 3.1883930211932365
87 1.5368960496946962
88 1.5368960496946962
89 1.5368960496946962
90 2.606755215694598
91 2.606755215694598
92 2.606755215694598
93 2.4649116375229165
94 2.4649116375229165
95 2.4649116375229165
96 1.2942052117582274
97 1.2942052117582274
98 1.2942052117582274
99 2.445626279912382
100 2.445626279912382
101 0.23463179140631285
102 0.23463179140631285
103 0.23463179140631285
104 0.217259895365302
105 0.217259895365302
106 0.217259895365302
107 0.16679157388040766
108 0.16679157388040766
109 0.16679157388040766
110 0.16317255258396726
111 0.16317255258396726
112 0.16317255258396726
113 0.2720026731777274
114 0.2720026731777274
115 0.2720026731777274
116 0.21031003060023779
117 0.21031003060023779
118 0.21031003060023779
119 0.20511965955505443
120 0.20511965955505443
121 0.20511965955505443
122 0.18805043504432428
123 0.18805043504432428
124 0.18805043504432428
125 0.20957544175427725
126 0.20957544175427725
127 0.20957544175427725
128 0.2033821270201786
129 0.2033821270201786
130 0.2033821270201786
131 0.1640362429435344
132 0.1640362429435344
133 0.1640362429435344
134 0.16952101590505966
135 0.16952101590505966
136 0.16952101590505966
137 0.21592197107357067
138 0.21592197107357067
139 0.21592197107357067
140 0.1579550393438034
141 0.1579550393438034
142 0.1579550393438034
143 0.20914943267236072
144 0.20914943267236072
145 0.20914943267236072
146 0.24460805530880217
147 0.24460805530880217
148 0.24460805530880217
149 0.16836274462149844
150 0.16836274462149844
151 0.16836274462149844
152 0.18455384283038057
153 0.18455384283038057
154 0.18455384283038057
155 0.16347903109087225
156 0.16347903109087225
157 0.16347903109087225
158 0.2253074755246922
159 0.2253074755246922
160 0.2253074755246922
161 0.2252845423455981
162 0.2252845423455981
163 0.2252845423455981
164 0.2029295793293214
165 0.2029295793293214
166 0.2029295793293214
167 0.20783748961840665
168 0.20783748961840665
169 0.20783748961840665
170 0.16382957268487375
171 0.16382957268487375
172 0.16382957268487375
173 0.21605755793707265
174 0.21605755793707265
175 0.21605755793707265
176 0.19596288036876044
177 0.19596288036876044
178 0.19596288036876044
179 0.18768932241552436
180 0.18768932241552436
181 0.18768932241552436
182 0.226695898473998
183 0.226695898473998
184 0.226695898473998
185 0.1632068290273203
186 0.1632068290273203
187 0.1632068290273203
188 0.13691852051045572
189 0.13691852051045572
190 0.13691852051045572
191 0.1396074311183482
192 2.2584989021598996
193 2.2584989021598996
194 2.2584989021598996
195 1.9246344837332068
196 1.9246344837332068
197 1.9246344837332068
198 1.695368439729022
199 1.695368439729022
200 1.695368439729022
201 2.227554575153554
202 2.227554575153554
203 2.227554575153554
204 2.365089619304063
205 2.365089619304063
206 2.365089619304063
207 1.205792013557865
208 1.205792013557865
209 1.205792013557865
210 1.1920889353756472
211 1.1920889353756472
212 1.1920889353756472
213 0.9967103182240903
214 0.9967103182240903
215 0.9967103182240903
216 1.101537459544297
217 1.101537459544297
218 1.101537459544297
219 1.1113721060375417
220 1.1113721060375417
221 1.1113721060375417
222 0.8498784823842137
223 0.8498784823842137
224 0.8498784823842137
225 1.064170545211534
226 1.064170545211534
227 1.064170545211534
228 1.2151547109803726
229 1.2151547109803726
230 1.2151547109803726
231 1.2509845124175794
232 1.2509845124175794
233 1.2509845124175794
234 0.9851730496036287
235 0.9851730496036287
236 0.9851730496036287
237 1.1611130027632846
238 1.1611130027632846
239 1.1611130027632846
240 1.2182020571462873
241 1.2182020571462873
242 1.2182020571462873
243 0.8166528593214597
244 0.8166528593214597
245 0.8166528593214597
246 1.1659831381136851
247 1.1659831381136851
248 1.1659831381136851
249 1.4613583311337537
250 1.4613583311337537
251 1.4613583311337537
252 1.3424161181536878
253 1.3424161181536878
254 1.3424161181536878
255 0.9811970791699169
256 0.9811970791699169
257 0.9811970791699169
258 1.3521321777496023
259 1.3521321777496023
260 1.3521321777496023
261 1.4193886683111234
262 1.4193886683111234
263 1.4193886683111234
264 1.1540670793873355
265 1.1540670793873355
266 1.1540670793873355
267 0.9389836653389481
268 0.9389836653389481
269 0.9389836653389481
270 1.1709423472561171
271 1.1709423472561171
272 1.1709423472561171
273 1.1082197191184326
274 1.1082197191184326
275 1.1082197191184326
276 1.2768596339057194
277 1.2768596339057194
278 1.2768596339057194
279 1.0879039854276868
280 1.0879039854276868
281 1.0879039854276868
282 1.0759738891514792
283 1.0759738891514792
284 1.0759738891514792
285 1.2015295902606984
286 1.2015295902606984
287 1.2015295902606984
288 1.1855218507651264
289 1.1855218507651264
290 1.1855218507651264
291 1.1436046522861045
292 1.1436046522861045
293 1.1436046522861045
294 1.0626133997565559
295 1.0626133997565559
296 1.0626133997565559
297 1.1746444128350992
298 1.1746444128350992
299 1.1746444128350992
300 1.3334867853715826
301 1.3334867853715826
302 1.3334867853715826
303 1.1315070058977055
304 1.1315070058977055
305 1.1315070058977055
306 1.4824041305926903
307 1.4824041305926903
308 1.4824041305926903
309 1.1510926749304662
310 1.1510926749304662
311 1.1510926749304662
312 1.1672708735499946
313 1.1672708735499946
314 1.1672708735499946
315 0.8023125603578856
316 0.8023125603578856
317 0.8023125603578856
318 1.2979098945476408
319 1.2979098945476408
320 1.2979098945476408
321 1.0869044263265368
322 1.0869044263265368
323 1.0869044263265368
324 0.9640906410640593
325 0.9640906410640593
326 0.9640906410640593
327 1.3669243952513261
328 1.3669243952513261
329 1.3669243952513261
330 0.9669241565669535
331 0.9669241565669535
332 0.9669241565669535
333 0.963185484061813
334 0.963185484061813
335 0.963185484061813
336 1.1581611796774516
337 1.1581611796774516
338 1.1581611796774516
339 1.115494806582781
340 1.115494806582781
341 1.115494806582781
342 1.2609118386277807
343 1.2609118386277807
344 1.2609118386277807
345 0.8930785320811365
346 0.8930785320811365
347 0.8930785320811365
348 1.0559402231274024
349 1.0559402231274024
350 1.0559402231274024
351 0.5518463888627015
352 0.5518463888627015
353 0.5518463888627015
354 1.1964725190898726
355 1.1964725190898726
356 1.1964725190898726
357 1.068274811628169
358 1.068274811628169
359 1.068274811628169
360 0.8329572319293721
361 0.8329572319293721
362 0.8329572319293721
363 1.358624687672317
364 1.358624687672317
365 1.358624687672317
366 1.283137648906111
367 1.283137648906111
368 1.283137648906111
369 1.3264484965977
370 1.3264484965977
371 1.3264484965977
372 1.0815642127129892
373 1.0815642127129892
374 1.0815642127129892
375 0.8372846475141822
376 0.8372846475141822
377 0.8372846475141822
378 0.8470460479115962
379 0.8470460479115962
380 0.8470460479115962
381 1.0237633020669104
382 1.0237633020669104
383 1.0237633020669104
384 1.4535186062085017
385 1.4535186062085017
386 1.4535186062085017
387 1.2901041338488866
388 1.2901041338488866
389 3.985881592345638
390 3.985881592345638
391 3.985881592345638
392 3.218624210321936
393 3.218624210321936
394 3.218624210321936
395 5.063367060093327
396 5.063367060093327
397 5.063367060093327
398 3.9577471806212876
399 3.9577471806212876
400 3.9577471806212876
401 3.1966141792044773
402 3.1966141792044773
403 3.1966141792044773
404 3.255087340908188
405 3.255087340908188
406 3.255087340908188
407 2.786735078945422
408 2.786735078945422
409 2.786735078945422
410 3.898062651469057
411 3.898062651469057
412 3.898062651469057
413 4.596122748050855
414 4.596122748050855
415 4.596122748050855
416 2.8853402745446104
417 2.8853402745446104
418 1.0546227849639631
419 1.0546227849639631
420 1.0546227849639631
421 1.5489743509464964
422 1.5489743509464964
423 1.5489743509464964
424 1.9341156138750455
425 1.9341156138750455
426 1.9341156138750455
427 1.4072410342506436
428 1.4072410342506436
429 1.4072410342506436
430 1.4160570873184237
431 1.4160570873184237
432 1.4160570873184237
433 1.4069274787491537
434 1.4069274787491537
435 1.4069274787491537
436 1.5693808305703296
437 1.5693808305703296
438 1.5693808305703296
439 2.168521790626312
440 2.168521790626312
441 2.168521790626312
442 2.0455001910445443
443 2.0455001910445443
444 2.0455001910445443
445 1.6711004606076822
446 1.6711004606076822
447 1.6711004606076822
448 1.3151933073906876
449 1.3151933073906876
450 1.3151933073906876
451 1.1874263677807166
452 1.1874263677807166
453 1.1874263677807166
454 1.863258082085286
455 1.863258082085286
456 1.863258082085286
457 1.6921455514087482
458 1.6921455514087482
459 1.6921455514087482
460 1.4408059707422949
461 1.4408059707422949
462 1.4408059707422949
463 1.7655100965808952
464 1.7655100965808952
465 1.7655100965808952
466 0.9657986686213911
467 0.9657986686213911
468 0.9657986686213911
469 1.2630104380539353
470 1.2630104380539353
471 1.2630104380539353
472 0.9489889556406318
473 0.9489889556406318
474 0.9489889556406318
475 1.239286655937553
476 1.239286655937553
477 1.239286655937553
478 1.6604929886889988
479 1.6604929886889988
480 1.6604929886889988
481 1.3654641935190364
482 1.3654641935190364
483 1.3654641935190364
484 1.2548457025472615
485 1.2548457025472615
486 1.2548457025472615
487 1.274791596256629
488 1.274791596256629
489 1.274791596256629
490 1.677154538560735
491 1.677154538560735
492 1.677154538560735
493 1.6013272531391272
494 1.6013272531391272
495 1.6013272531391272
496 1.1999081683625699
497 1.1999081683625699
498 1.1999081683625699
499 1.366787571764637
500 1.366787571764637
501 1.366787571764637
502 1.562249456342978
503 1.562249456342978
504 1.562249456342978
505 1.1192324259085806
506 1.1192324259085806
507 1.1192324259085806
508 1.9551677786859227
509 1.9551677786859227
510 1.9551677786859227
511 1.7744362101458824
512 1.7744362101458824
513 1.7744362101458824
514 1.383861621802494
515 1.383861621802494
516 1.383861621802494
517 1.7018106679665534
518 1.7018106679665534
519 1.7018106679665534
520 1.6121304872099822
521 1.6121304872099822
522 1.6121304872099822
523 1.3296846409101606
524 1.3296846409101606
525 1.3296846409101606
526 1.6238162401594838
527 1.6238162401594838
528 1.6238162401594838
529 2.0944748395911947
530 2.0944748395911947
531 2.0944748395911947
532 1.5915263630842815
533 1.5915263630842815
534 1.5915263630842815
535 1.182865237669645
536 1.182865237669645
537 1.182865237669645
538 1.7041464162853164
539 1.7041464162853164
540 1.7041464162853164
541 1.6711352506921142
542 1.6711352506921142
543 1.6711352506921142
544 1.3427786182591044
545 1.3427786182591044
546 1.3427786182591044
547 1.8020507561122865
548 1.8020507561122865
549 3.48256331681218
550 3.48256331681218
551 3.48256331681218
552 2.1592936824917985
553 2.1592936824917985
554 2.1592936824917985
555 2.8183057174768233
556 2.8183057174768233
557 2.8183057174768233
558 3.145376641868192
559 3.145376641868192
560 3.145376641868192
561 3.7163422352885114
562 3.7163422352885114
563 3.7163422352885114
564 2.327610802289322
565 2.327610802289322
566 2.327610802289322
567 2.3620154981675987
568 2.3620154981675987
569 2.3620154981675987
570 2.431794179662795
571 2.431794179662795
572 2.431794179662795
573 3.000241969916863
574 3.000241969916863
575 3.000241969916863
576 2.3346849605404456
577 2.3346849605404456
578 2.3346849605404456
579 2.196765726875528
580 2.196765726875528
581 2.196765726875528
582 2.269740965360008
583 2.269740965360008
584 2.269740965360008
585 2.145821755397396
586 2.145821755397396
587 2.145821755397396
588 1.9039250709738966
589 1.9039250709738966
590 1.9039250709738966
591 2.551226153496577
592 2.551226153496577
593 2.551226153496577
594 2.0619918613973613
595 2.0619918613973613
596 2.0619918613973613
597 2.7876698919222984
598 2.7876698919222984
599 2.7876698919222984
600 3.36554020278397
601 3.36554020278397
602 3.36554020278397
603 2.2142773106283036
604 2.2142773106283036
605 2.2142773106283036
606 1.8968432556114727
607 1.8968432556114727
608 1.8968432556114727
609 2.500264623196278
610 2.500264623196278
611 2.500264623196278
612 1.4350961183501194
613 1.4350961183501194
614 1.4350961183501194
615 2.079931292710512
616 2.079931292710512
617 2.079931292710512
618 2.6129328942445955
619 2.6129328942445955
620 2.6129328942445955
621 1.818679223647768
622 1.818679223647768
623 1.818679223647768
624 2.336040306214808
625 2.336040306214808
626 2.336040306214808
627 2.2835240637815923
628 2.2835240637815923
629 2.2835240637815923
630 2.469897446191759
631 2.469897446191759
632 2.469897446191759
633 1.5213679577101122
634 1.5213679577101122
635 1.5213679577101122
636 2.176733649447927
637 2.176733649447927
638 2.176733649447927
639 1.6718220675408115
640 1.6718220675408115
641 1.6718220675408115
642 2.2456640529386913
643 2.2456640529386913
644 2.2456640529386913
645 1.6019508633354373
646 1.6019508633354373
647 1.6019508633354373
648 1.4387943180233593
649 1.4387943180233593
650 1.4387943180233593
651 2.0810373270870697
652 2.0810373270870697
653 2.0810373270870697
654 2.478599240724169
655 2.478599240724169
656 2.478599240724169
657 1.9857031439966983
658 1.9857031439966983
659 1.9857031439966983
660 2.1680367771269258
661 2.1680367771269258
662 2.1680367771269258
663 1.9143684219746062
664 1.9143684219746062
665 1.9143684219746062
666 2.0172470095465966
667 0.19137480873236512
668 0.19137480873236512
669 0.19137480873236512
670 0.18781025486441388
671 0.18781025486441388
672 0.18781025486441388
673 0.1693016369049088
674 0.1693016369049088
675 0.1693016369049088
676 0.14866797751403027
677 0.14866797751403027
678 0.14866797751403027
679 0.20043425927915967
680 1.9133517840594478
681 1.9133517840594478
682 1.9133517840594478
683 0.41039015294738096
684 0.41039015294738096
685 0.41039015294738096
686 0.4838715518442118
687 0.4838715518442118
688 0.4838715518442118
689 0.7077138056084193
690 0.7077138056084193
691 0.7077138056084193
692 0.6620550067732472
693 0.6620550067732472
694 0.6620550067732472
695 0.6035908123197044
696 0.6035908123197044
697 0.6035908123197044
698 0.6595042045556407
699 0.6595042045556407
700 0.6595042045556407
701 0.588594576025728
702 0.588594576025728
703 0.588594576025728
704 0.5098904843171632
705 0.5098904843171632
706 0.5098904843171632
707 0.5360808422122516
708 0.5360808422122516
709 0.5360808422122516
710 0.49440659182413826
711 0.49440659182413826
712 0.49440659182413826
713 0.5582244689524883
714 0.5582244689524883
715 0.5582244689524883
716 0.6389958101796663
717 0.6389958101796663
718 0.6389958101796663
719 0.6127118419886792
720 0.6127118419886792
721 0.6127118419886792
722 0.4489679381477658
723 0.4489679381477658
724 0.4489679381477658
725 0.4796322676735293
726 0.4796322676735293
727 0.4796322676735293
728 0.4856703564448115
729 0.4856703564448115
730 0.4856703564448115
731 0.6691083483239597
732 0.6691083483239597
733 0.6691083483239597
734 0.7772857625060885
735 0.7772857625060885
736 0.7772857625060885
737 0.5856927075235343
738 0.5856927075235343
739 0.5856927075235343
740 0.5511081810801992
741 0.5511081810801992
742 0.5511081810801992
743 0.7793885880579913
744 0.7793885880579913
745 0.7793885880579913
746 0.4844347354696493
747 0.4844347354696493
748 0.4844347354696493
749 0.7218902417914741
750 0.7218902417914741
751 0.7218902417914741
752 0.5245892947389963
753 0.5245892947389963
754 0.5245892947389963
755 0.7619088737125561
756 0.7619088737125561
757 0.7619088737125561
758 0.648884172410197
759 0.648884172410197
760 0.648884172410197
761 0.7444023163727247
762 0.7444023163727247
763 0.7444023163727247
764 0.5163269518873058
765 0.5163269518873058
766 0.5163269518873058
767 0.6552977498254082
768 0.6552977498254082
769 0.6552977498254082
770 0.7560196574750095
771 0.7560196574750095
772 0.7560196574750095
773 0.45657473650990327
774 2.716956590047607
775 2.716956590047607
776 2.716956590047607
777 1.7534228649781238
778 1.7534228649781238
779 1.7534228649781238
780 2.9981802248191514
781 2.9981802248191514
782 2.9981802248191514
783 3.044474126193953
784 3.044474126193953
785 3.044474126193953
786 3.4439268831764442
787 3.4439268831764442
788 3.4439268831764442
789 2.6052201193877007
790 2.6052201193877007
791 2.6052201193877007
792 2.6572828720331874
793 2.6572828720331874
794 2.6572828720331874
795 1.8086550408088875
796 1.8086550408088875
797 1.8086550408088875
798 2.5733259449572956
799 2.5733259449572956
800 2.5733259449572956
801 2.694902247601465
802 2.694902247601465
803 2.694902247601465
804 4.3158335984912775
805 4.3158335984912775
806 4.3158335984912775
807 2.5632808316185844
808 0.717739847742116
809 0.717739847742116
810 0.717739847742116
811 0.8048137648631146
812 0.8048137648631146
813 0.8048137648631146
814 0.45510957442608435
815 0.45510957442608435
816 0.45510957442608435
817 0.7510621927342255
818 0.7510621927342255
819 0.7510621927342255
820 0.5749339933510221
821 0.5749339933510221
822 0.5749339933510221
823 0.4599713172494502
824 0.4599713172494502
825 0.4599713172494502
826 0.5823808190512643
827 0.5823808190512643
828 0.5823808190512643
829 0.5669220444889147
830 0.5669220444889147
831 0.5669220444889147
832 0.6442774849672546
833 0.6442774849672546
834 0.6442774849672546
835 0.7045090149191516
836 0.7045090149191516
837 0.7045090149191516
838 0.7304848062317986
839 0.7304848062317986
840 0.7304848062317986
841 0.5659947288184051
842 0.5659947288184051
843 0.5659947288184051
844 0.643470229582791
845 0.643470229582791
846 0.643470229582791
847 0.573784286190529
848 0.573784286190529
849 0.573784286190529
850 0.5681313280122355
851 0.5681313280122355
852 0.5681313280122355
853 0.5268058337084873
854 0.5268058337084873
855 0.5268058337084873
856 0.7695775576722111
857 0.7695775576722111
858 1.5522516321685458
859 1.5522516321685458
860 1.5522516321685458
861 1.8762464651021173
862 1.8762464651021173
863 1.8762464651021173
864 1.6195553714650477
865 1.6195553714650477
866 1.6195553714650477
867 1.7173171188620182
868 1.7173171188620182
869 1.7173171188620182
870 1.6932660887421682
871 1.6932660887421682
872 1.6932660887421682
873 2.376600769645253
874 2.376600769645253
875 2.376600769645253
876 2.1465474432270737
877 2.1465474432270737
878 2.1465474432270737
879 2.200572403392861
880 2.200572403392861
881 2.200572403392861
882 1.6093511232746436
883 1.6093511232746436
884 1.6093511232746436
885 2.331247995760975
886 2.331247995760975
887 2.331247995760975
888 1.9868343198535678
889 1.9868343198535678
890 1.9868343198535678
891 2.2414041816797035
892 2.2414041816797035
893 2.2414041816797035
894 1.6470146003242851
895 1.6470146003242851
896 1.6470146003242851
897 1.6508426793528352
898 1.6508426793528352
899 1.6508426793528352
900 2.310972578837924
901 2.310972578837924
902 2.310972578837924
903 2.126687901242498
904 2.126687901242498
905 2.126687901242498
906 1.9454648221061606
907 1.9454648221061606
908 1.9454648221061606
909 2.0191573803701313
910 2.0191573803701313
911 2.0191573803701313
912 2.319961913521094
913 2.319961913521094
914 2.319961913521094
915 1.9823903021389953
916 1.9823903021389953
917 1.9823903021389953
918 1.8281164225962683
919 1.8281164225962683
920 1.8281164225962683
921 2.3857549609619877
922 2.3857549609619877
923 2.3857549609619877
924 1.7765171655815883
925 1.7765171655815883
926 1.7765171655815883
927 1.8501993347108883
928 1.8501993347108883
929 1.8501993347108883
930 1.8172184019772644
931 1.8172184019772644
932 1.8172184019772644
933 2.2315168606468454
934 2.2315168606468454
935 2.2315168606468454
936 2.6967685350410155
937 2.6967685350410155
938 2.6967685350410155
939 1.9597434641930596
940 1.9597434641930596
941 1.9597434641930596
942 2.1780903827707636
943 2.1780903827707636
944 2.1780903827707636
945 2.047337429145696
946 2.047337429145696
947 2.047337429145696
948 1.6199499918139568
949 1.6199499918139568
950 1.6199499918139568
951 2.2474039851906515
952 2.2474039851906515
953 2.2474039851906515
954 2.0823702498180063
955 2.0823702498180063
956 2.0823702498180063
957 1.4688310449248525
958 1.4688310449248525
959 1.4688310449248525
960 1.434880877305429
961 1.434880877305429
962 1.434880877305429
963 1.8641689137402973
964 1.8641689137402973
965 1.8641689137402973
966 2.1093941811829016
967 2.1093941811829016
968 2.1093941811829016
969 1.6274483708728154
970 1.6274483708728154
971 1.6274483708728154
972 1.7946777058243344
973 1.7946777058243344
974 1.7946777058243344
975 2.1538845992777365
976 2.1538845992777365
977 2.1538845992777365
978 1.7999848045468894
979 1.7999848045468894
980 1.7999848045468894
981 2.459345881602271
982 2.459345881602271
983 2.459345881602271
984 1.776315433677713
985 1.776315433677713
986 1.776315433677713
987 1.5824618138122637
988 1.5824618138122637
989 1.5824618138122637
990 1.8203105525590928
991 1.8203105525590928
992 1.8203105525590928
993 1.644137240589247
994 1.644137240589247
995 1.644137240589247
996 2.1397876740213495
997 2.1397876740213495
998 2.1397876740213495
999 1.6640615599999853
1000 1.6640615599999853
1001 1.6640615599999853
1002 1.9518850728001766
1003 1.9518850728001766
1004 1.9518850728001766
1005 1.7401911047758254
1006 1.7401911047758254
1007 1.7401911047758254
1008 1.7074593956496615
1009 1.7074593956496615
1010 1.7074593956496615
1011 1.5349662338303767
1012 1.5349662338303767
1013 1.5349662338303767
1014 2.619412441823078
1015 2.619412441823078
1016 2.619412441823078
1017 2.463789056885925
1018 2.463789056885925
1019 2.463789056885925
1020 2.2273929276647797
1021 2.2273929276647797
1022 0.9647636887486534
1023 0.9647636887486534
1024 0.9647636887486534
1025 0.9517062539440938
1026 0.9517062539440938
1027 0.9517062539440938
1028 1.411792928210589
1029 1.411792928210589
1030 1.411792928210589
1031 3.689079747930913
1032 3.689079747930913
1033 3.689079747930913
1034 2.5387835562906202
1035 2.5387835562906202
1036 2.5387835562906202
1037 3.4377252283730027
1038 3.4377252283730027
1039 3.4377252283730027
1040 3.9466479962878145
1041 3.9466479962878145
1042 3.9466479962878145
1043 2.8016684817701485
1044 2.8016684817701485
1045 2.8016684817701485
1046 2.959345980780823
1047 2.959345980780823
1048 2.959345980780823
1049 2.211413512427826
1050 2.211413512427826
1051 2.211413512427826
1052 3.5799883566227537
1053 3.5799883566227537
1054 3.5799883566227537
1055 2.492445336450333
1056 2.492445336450333
1057 2.492445336450333
1058 4.001165108358957
1059 4.001165108358957
1060 4.001165108358957
1061 3.336593357818285
1062 3.336593357818285
1063 3.336593357818285
1064 2.9214208046514174
1065 2.9214208046514174
1066 2.9214208046514174
1067 2.223017656143653
1068 2.223017656143653
1069 2.223017656143653
1070 3.456329116181986
1071 3.456329116181986
1072 3.456329116181986
1073 2.6235111746136037
1074 2.6235111746136037
1075 2.6235111746136037
1076 2.9022579860644284
1077 2.9022579860644284
1078 2.9022579860644284
1079 3.3907002464686027
1080 3.3907002464686027
1081 3.3907002464686027
1082 2.0966460335291632
1083 2.0966460335291632
1084 2.0966460335291632
1085 3.2618434110327716
1086 3.2618434110327716
1087 3.2618434110327716
1088 2.167650310603529
1089 2.167650310603529
1090 2.167650310603529
1091 3.8235280060277765
1092 3.8235280060277765
1093 3.8235280060277765
1094 3.93272264848366
1095 3.93272264848366
1096 3.93272264848366
1097 3.606848570091672
1098 3.606848570091672
1099 3.606848570091672
1100 3.217485169562625
1101 3.217485169562625
1102 3.217485169562625
1103 3.324197817303008
1104 3.324197817303008
1105 3.324197817303008
1106 3.681591118791519
1107 3.681591118791519
1108 3.681591118791519
1109 3.4419645517977635
1110 3.4419645517977635
1111 3.4419645517977635
1112 2.9167511103214463
1113 2.9167511103214463
1114 2.9167511103214463
1115 3.3518116062105183
1116 3.3518116062105183
1117 3.3518116062105183
1118 2.4424537860467908
1119 2.4424537860467908
1120 2.4424537860467908
1121 2.511943133665518
1122 2.511943133665518
1123 2.511943133665518
1124 2.3582349753195553
1125 2.3582349753195553
1126 2.3582349753195553
1127 3.6093236351034435
1128 3.6093236351034435
1129 3.6093236351034435
1130 2.1982943020330983
1131 2.1982943020330983
1132 2.1982943020330983
1133 2.936802324608121
1134 2.936802324608121
1135 2.936802324608121
1136 3.6040202141676647
1137 3.6040202141676647
1138 3.6040202141676647
1139 3.568637319170329
1140 3.568637319170329
1141 3.568637319170329
1142 2.63684713114958
1143 2.63684713114958
1144 2.63684713114958
1145 2.4062519049676787
1146 2.4062519049676787
1147 2.4062519049676787
1148 2.200377713540628
1149 2.200377713540628
1150 2.200377713540628
1151 3.381516487417482
1152 3.381516487417482
1153 3.381516487417482
1154 3.6167725652864604
1155 3.6167725652864604
1156 3.6167725652864604
1157 2.1118963482666064
1158 2.1118963482666064
1159 2.1118963482666064
1160 3.0281753252182195
1161 3.0281753252182195
1162 3.0281753252182195
1163 1.6983796752587244
1164 1.6983796752587244
1165 1.6983796752587244
1166 3.8388290528492637
1167 3.8388290528492637
1168 3.8388290528492637
1169 3.535677587938485
1170 3.535677587938485
1171 3.535677587938485
1172 2.9834656670373203
1173 2.9834656670373203
1174 2.9834656670373203
1175 2.265115151926989
1176 2.265115151926989
1177 2.265115151926989
1178 3.0756387663556186
1179 3.0756387663556186
1180 3.0756387663556186
1181 2.0145237660993915
1182 2.0145237660993915
1183 0.47978880462109563
1184 0.47978880462109563
1185 0.47978880462109563
1186 0.8024578107239396
1187 0.8024578107239396
1188 0.8024578107239396
1189 0.4985187563973056
1190 0.4985187563973056
1191 0.4985187563973056
1192 0.41192944491762906
1193 0.41192944491762906
1194 0.41192944491762906
1195 0.5458105501460049
1196 0.5458105501460049
1197 0.5458105501460049
1198 0.8073130418279031
1199 0.8073130418279031
1200 0.8073130418279031
1201 0.7581616078519209
1202 0.7581616078519209
1203 0.7581616078519209
1204 0.5237776733754893
1205 0.5237776733754893
1206 0.5237776733754893
1207 0.7497018371836058
1208 0.7497018371836058
1209 0.7497018371836058
1210 0.7757564320326429
1211 0.7757564320326429
1212 0.7757564320326429
1213 0.7509040898614668
1214 0.7509040898614668
1215 0.7509040898614668
1216 0.79975934828684
1217 0.79975934828684
1218 0.79975934828684
1219 0.7175338706725365
1220 0.7175338706725365
1221 0.7175338706725365
1222 0.7038486995850068
1223 0.7038486995850068
1224 0.7038486995850068
1225 0.6455199257820885
1226 0.6455199257820885
1227 0.6455199257820885
1228 0.5006779802111718
1229 0.5006779802111718
1230 0.5006779802111718
1231 0.9498580436168561
1232 0.9498580436168561
1233 0.9498580436168561
1234 0.6941423645490266
1235 0.6941423645490266
1236 0.6941423645490266
1237 0.718695012682643
1238 0.718695012682643
1239 0.718695012682643
1240 0.8048458057083432
1241 0.8048458057083432
1242 0.8048458057083432
1243 0.4952178134207951
1244 0.4952178134207951
1245 0.4952178134207951
1246 0.9385363229326411
1247 0.9385363229326411
1248 0.9385363229326411
1249 0.8236688554455608
1250 0.8236688554455608
1251 0.8236688554455608
1252 0.7539306898936864
1253 0.7539306898936864
1254 0.7539306898936864
1255 0.6382357060012386
1256 0.6382357060012386
1257 0.6382357060012386
1258 0.5134729594551277
1259 0.5134729594551277
1260 0.5134729594551277
1261 0.5852816550208
1262 0.5852816550208
1263 0.5852816550208
1264 0.5946414875734531
1265 0.5946414875734531
1266 0.5946414875734531
1267 0.5166204754742333
1268 0.5166204754742333
1269 0.5166204754742333
1270 0.7150891908346423
1271 0.7150891908346423
1272 0.7150891908346423
1273 0.8897405033225829
1274 0.8897405033225829
1275 0.8897405033225829
1276 0.7014349499129259
1277 0.7014349499129259
1278 0.7014349499129259
1279 0.491612040268019
1280 3.1525625042268133
1281 3.1525625042268133
1282 3.1525625042268133
1283 2.647967697722326
1284 2.647967697722326
1285 2.647967697722326
1286 4.034641192593739
1287 4.034641192593739
1288 4.034641192593739
1289 2.4402629152701705
1290 2.4402629152701705
1291 2.4402629152701705
1292 3.1622395228955833
1293 3.1622395228955833
1294 3.1622395228955833
1295 3.5283588752000514
1296 3.5283588752000514
1297 3.6410742949317028
1298 2.4579508056847668
1299 2.4579508056847668
1300 2.4579508056847668
1301 4.220751640903199
1302 4.220751640903199
1303 4.220751640903199
1304 3.8787031000976775
1305 3.8787031000976775
1306 3.8787031000976775
1307 2.5361124546799427
1308 2.5361124546799427
1309 2.5361124546799427
1310 3.6084873467373484
1311 3.6084873467373484
1312 3.6084873467373484
1313 4.158279650828633
1314 4.158279650828633
1315 4.158279650828633
1316 4.300864949791172
1317 4.300864949791172
1318 4.300864949791172
1319 2.8390807184211457
1320 2.8390807184211457
1321 2.8390807184211457
1322 4.921524822244451
1323 4.921524822244451
1324 4.921524822244451
1325 3.3237614853089075
1326 3.3237614853089075
1327 3.3237614853089075
1328 3.1295171124844474
1329 3.1295171124844474
1330 3.1295171124844474
1331 4.003333518348212
1332 4.003333518348212
1333 4.003333518348212
1334 4.534288778446062
1335 4.534288778446062
1336 4.534288778446062
1337 3.407390760393038
1338 3.407390760393038
1339 3.407390760393038
1340 3.2250251220396553
1341 3.2250251220396553
1342 3.2250251220396553
1343 4.736348761091249
1344 4.736348761091249
1345 4.736348761091249
1346 4.722649445013821
1347 4.722649445013821
1348 4.722649445013821
1349 3.4873357264278093
1350 3.4873357264278093
1351 3.4873357264278093
1352 4.1796116821883125
1353 4.1796116821883125
1354 4.1796116821883125
1355 2.7557524225536056
1356 2.7557524225536056
1357 2.7557524225536056
1358 4.289084310183026
1359 4.289084310183026
1360 4.289084310183026
1361 3.6298620849606182
1362 3.6298620849606182
1363 3.6298620849606182
1364 3.560085960361695
1365 3.560085960361695
1366 3.560085960361695
1367 4.765300037037955
1368 4.765300037037955
1369 4.765300037037955
1370 4.082387776076757
1371 4.082387776076757
1372 4.082387776076757
1373 3.2233370656911378
1374 3.2233370656911378
1375 3.2233370656911378
1376 4.332009951286359
1377 4.332009951286359
1378 4.332009951286359
1379 2.397839084451121
1380 2.397839084451121
1381 2.397839084451121
1382 3.9334075860080437
1383 3.9334075860080437
1384 3.9334075860080437
1385 3.2613225417880742
1386 3.2613225417880742
1387 3.2613225417880742
1388 5.477517168210818
1389 5.477517168210818
1390 5.477517168210818
1391 4.32642616573119
1392 4.32642616573119
1393 4.32642616573119
1394 4.282514601524586
1395 4.282514601524586
1396 4.282514601524586
1397 3.900190453613952
1398 3.900190453613952
1399 3.900190453613952
1400 3.957942716477991
1401 3.957942716477991
1402 3.957942716477991
1403 4.24426290466888
1404 4.24426290466888
1405 4.24426290466888
1406 3.6288525909357636
1407 3.6288525909357636
1408 0.7689807918220191
1409 0.7689807918220191
1410 0.7689807918220191
1411 0.7365056227986808
1412 0.7365056227986808
1413 0.7365056227986808
1414 0.707092865089247
1415 0.707092865089247
1416 0.707092865089247
1417 0.6229272364552482
1418 0.6229272364552482
1419 0.6229272364552482
1420 0.6953342335810931
1421 0.6953342335810931
1422 0.6953342335810931
1423 0.5730139092593571
1424 0.5730139092593571
1425 0.5730139092593571
1426 0.6530823316175884
1427 0.6530823316175884
1428 0.6530823316175884
1429 0.788171734305404
1430 0.788171734305404
1431 0.788171734305404
1432 0.6591399780143361
1433 0.6591399780143361
1434 0.6591399780143361
1435 0.6171899362095299
1436 0.6171899362095299
1437 0.6171899362095299
1438 0.6898615757593451
1439 0.6898615757593451
1440 0.6898615757593451
1441 0.6485098223456272
1442 0.6485098223456272
1443 0.6485098223456272
1444 0.6547313152158494
1445 0.6547313152158494
1446 0.6547313152158494
1447 0.8276435007805686
1448 0.8276435007805686
1449 0.8276435007805686
1450 1.7034236637158022
1451 1.7034236637158022
1452 1.7034236637158022
1453 1.339560771218373
1454 1.339560771218373
1455 1.339560771218373
1456 1.0458855345568487
1457 1.0458855345568487
1458 1.0458855345568487
1459 1.0868175505329654
1460 1.0868175505329654
1461 1.0868175505329654
1462 1.6706618630449444
1463 1.6706618630449444
1464 1.6706618630449444
1465 1.4858987044146854
1466 1.4858987044146854
1467 1.4858987044146854
1468 1.1802444183497585
1469 1.1802444183497585
1470 1.1802444183497585
1471 1.5822077167565562
1472 1.5822077167565562
1473 1.5822077167565562
1474 1.7106474520846162
1475 1.7106474520846162
1476 1.7106474520846162
1477 1.350907032534595
1478 1.350907032534595
1479 1.350907032534595
1480 1.6826580912426632
1481 1.6826580912426632
1482 1.6826580912426632
1483 1.8860058481492175
1484 1.8860058481492175
1485 1.8860058481492175
1486 1.9360914136651743
1487 1.9360914136651743
1488 1.9360914136651743
1489 1.418766013257508
1490 1.418766013257508
1491 1.418766013257508
1492 1.9461973209142567
1493 1.9461973209142567
1494 1.9461973209142567
1495 1.684082975800931
1496 1.684082975800931
1497 1.684082975800931
1498 1.3804389301084194
1499 1.3804389301084194
1500 1.3804389301084194
1501 1.8416195746242952
1502 1.8416195746242952
1503 1.8416195746242952
1504 1.215381838405755
1505 1.215381838405755
1506 1.215381838405755
1507 1.4432338735305161
1508 1.4432338735305161
1509 1.4432338735305161
1510 1.7545333352453234
1511 1.7545333352453234
1512 1.7545333352453234
1513 1.6969894030858632
1514 1.6969894030858632
1515 1.6969894030858632
1516 3.1876330759771383
1517 3.1876330759771383
1518 3.1876330759771383
1519 4.135686924918463
1520 4.135686924918463
1521 4.135686924918463
1522 2.4977209656516046
1523 2.4977209656516046
1524 2.4977209656516046
1525 1.727479019006746
1526 1.727479019006746
1527 1.727479019006746
1528 0.6186548070081554
1529 0.6186548070081554
1530 0.6186548070081554
1531 0.7216934808488651
1532 0.7216934808488651
1533 0.7216934808488651
1534 0.8783918230056541
1535 0.8783918230056541
1536 0.8783918230056541
1537 0.8064608890951793
1538 0.8064608890951793
1539 0.8064608890951793
1540 0.5964051048727805
1541 0.5964051048727805
1542 0.5964051048727805
1543 0.692518698295417
1544 2.9001436575611383
1545 2.9001436575611383
1546 2.9001436575611383
1547 3.6931460862862933
1548 3.6931460862862933
1549 3.6931460862862933
1550 2.839998308146527
1551 2.839998308146527
1552 2.839998308146527
1553 2.6081399575878463
1554 1.655153554200846
1555 1.655153554200846
1556 1.655153554200846
1557 1.4121502235274104
1558 1.4121502235274104
1559 1.4121502235274104
1560 1.4992305475609404
1561 1.4992305475609404
1562 1.4992305475609404
1563 1.3455196826313705
1564 1.3455196826313705
1565 1.3455196826313705
1566 1.2083456561511567
1567 1.2083456561511567
1568 1.2083456561511567
1569 1.399310835472873
1570 1.399310835472873
1571 1.399310835472873
1572 1.4663005358872152
1573 1.4663005358872152
1574 1.4663005358872152
1575 1.6816796521174742
1576 1.6816796521174742
1577 1.6816796521174742
1578 2.1923108058813248
1579 2.1923108058813248
1580 2.1923108058813248
1581 1.8769970163112892
1582 1.8769970163112892
1583 1.8769970163112892
1584 2.4686545094962056
1585 2.4686545094962056
1586 2.4686545094962056
1587 1.7058655782654952
1588 1.7058655782654952
1589 1.7058655782654952
1590 1.4690864708613824
1591 1.4690864708613824
1592 1.4690864708613824
1593 1.4815986056692578
1594 1.4815986056692578
1595 1.4815986056692578
1596 1.3754775149995755
1597 1.3754775149995755
1598 1.3754775149995755
1599 1.4540970617506448
1600 1.4540970617506448
1601 1.4540970617506448
1602 1.7550791044868699
1603 1.7550791044868699
1604 1.7550791044868699
1605 1.540274025995957
1606 1.540274025995957
1607 1.540274025995957
1608 1.5342035564674292
1609 1.5342035564674292
1610 1.5342035564674292
1611 1.5891038169957752
1612 1.5891038169957752
1613 1.5891038169957752
1614 1.7932415720863912
1615 1.7932415720863912
1616 1.7932415720863912
1617 1.5497875418477922
1618 1.5497875418477922
1619 1.5497875418477922
1620 1.5842379861460232
1621 1.5842379861460232
1622 1.5842379861460232
1623 1.4507160660540006
1624 1.4507160660540006
1625 1.4507160660540006
1626 1.6863652169581076
1627 1.6863652169581076
1628 1.6863652169581076
1629 1.192556907775607
1630 1.192556907775607
1631 1.192556907775607
1632 1.8299884287655623
1633 1.8299884287655623
1634 1.8299884287655623
1635 1.3678375934799074
1636 1.3678375934799074
1637 1.3678375934799074
1638 1.6504376367122096
1639 1.6504376367122096
1640 1.6504376367122096
1641 0.7041995338428817
1642 0.7041995338428817
1643 0.7041995338428817
1644 0.7077977895075726
1645 0.7077977895075726
1646 0.7077977895075726
1647 0.7514464025873377
1648 0.7514464025873377
1649 0.7514464025873377
1650 0.47837360915686633
1651 0.47837360915686633
1652 0.47837360915686633
1653 0.7100817278251009
1654 0.7100817278251009
1655 0.7100817278251009
1656 0.7869499663071453
1657 0.7869499663071453
1658 0.7869499663071453
1659 0.7257026103078753
1660 0.7257026103078753
1661 0.7257026103078753
1662 0.5498702192107934
1663 0.5498702192107934
1664 0.5498702192107934
1665 0.31583253740665185
1666 0.31583253740665185
1667 0.31583253740665185
1668 0.7555053723255732
1669 0.7555053723255732
1670 0.7555053723255732
1671 0.7556543650858661
1672 0.7556543650858661
1673 0.7556543650858661
1674 0.5529452063637229
1675 0.5529452063637229
1676 0.5529452063637229
1677 0.7021226070997543
1678 0.7021226070997543
1679 0.7021226070997543
1680 0.5836215357834718
1681 0.5836215357834718
1682 0.8545594247108361
1683 0.8545594247108361
1684 0.8545594247108361
1685 1.3058520387708465
1686 1.3058520387708465
1687 1.3058520387708465
1688 1.0046837384068719
1689 1.0046837384068719
1690 1.0046837384068719
1691 1.5767646206226993
1692 1.5767646206226993
1693 1.5767646206226993
1694 1.2811175170774123
1695 1.2811175170774123
1696 1.2811175170774123
1697 1.4035701613665088
1698 1.4035701613665088
1699 1.4035701613665088
1700 1.0259971951373854
1701 1.0259971951373854
1702 1.0259971951373854
1703 1.254258178598976
1704 1.254258178598976
1705 1.254258178598976
1706 1.010309645668468
1707 1.010309645668468
1708 1.010309645668468
1709 1.0584267616338314
1710 1.0584267616338314
1711 1.0584267616338314
1712 1.3747225041928313
1713 1.3747225041928313
1714 1.3747225041928313
1715 1.0328582680309613
1716 1.0328582680309613
1717 1.0328582680309613
1718 0.9599639452609792
1719 0.9599639452609792
1720 0.9599639452609792
1721 1.162939045536831
1722 1.162939045536831
1723 1.162939045536831
1724 1.2512303411260919
1725 1.2512303411260919
1726 1.2512303411260919
1727 1.0012644722180253
1728 1.764327253840601
1729 1.764327253840601
1730 1.764327253840601
1731 2.165859062905822
1732 2.165859062905822
1733 2.165859062905822
1734 2.3110966739114818
1735 2.3110966739114818
1736 2.3110966739114818
1737 2.442787313384043
1738 2.442787313384043
1739 2.442787313384043
1740 2.053941456256352
1741 2.053941456256352
1742 2.053941456256352
1743 2.2915360211106175
1744 2.2915360211106175
1745 2.2915360211106175
1746 1.8433375938398993
1747 1.8433375938398993
1748 1.8433375938398993
1749 1.8184789044809493
1750 1.8184789044809493
1751 1.8184789044809493
1752 2.3921926440078254
1753 2.3921926440078254
1754 2.3921926440078254
1755 1.8426010490089895
1756 1.8426010490089895
1757 1.8426010490089895
1758 1.8466553874035183
1759 1.8466553874035183
1760 1.8466553874035183
1761 1.9086343543755453
1762 1.9086343543755453
1763 1.9086343543755453
1764 2.7439416610452954
1765 2.7439416610452954
1766 2.7439416610452954
1767 1.7499146213097425
1768 1.7499146213097425
1769 1.7499146213097425
1770 2.5630280137716093
1771 2.5630280137716093
1772 2.5630280137716093
1773 2.7270572388001093
1774 2.7270572388001093
1775 2.7270572388001093
1776 2.6683336429005067
1777 2.6683336429005067
1778 2.6683336429005067
1779 1.8529303681225882
1780 1.8529303681225882
1781 1.8529303681225882
1782 2.1937168491184016
1783 2.1937168491184016
1784 2.1937168491184016
1785 2.142086085090111
1786 2.142086085090111
1787 0.9076038016234156
1788 0.9076038016234156
1789 0.9076038016234156
1790 2.7643257197787348
1791 2.7643257197787348
1792 2.7643257197787348
1793 2.1212574461790594
1794 2.1212574461790594
1795 2.1212574461790594
1796 2.5130053122581124
1797 2.5130053122581124
1798 2.5130053122581124
1799 2.031129117949277
1800 2.031129117949277
1801 2.031129117949277
1802 2.0338989622795736
1803 2.0338989622795736
1804 2.0338989622795736
1805 2.869648301417162
1806 2.869648301417162
1807 2.869648301417162
1808 1.830790184215464
1809 1.830790184215464
1810 1.830790184215464
1811 2.23766172195847
1812 2.23766172195847
1813 2.23766172195847
1814 1.7243535924351667
1815 1.7243535924351667
1816 1.7243535924351667
1817 2.0234329201853885
1818 2.0234329201853885
1819 2.0234329201853885
1820 1.8972104677464239
1821 1.8972104677464239
1822 1.8972104677464239
1823 1.7222529272938643
1824 1.7222529272938643
1825 1.7222529272938643
1826 2.311966864294366
1827 2.311966864294366
1828 2.311966864294366
1829 2.1009926148689857
1830 2.1009926148689857
1831 2.1009926148689857
1832 1.4309999403269211
1833 1.4309999403269211
1834 1.4309999403269211
1835 1.495765386915273
1836 1.495765386915273
1837 1.495765386915273
1838 1.8855563346625797
1839 1.8855563346625797
1840 1.8855563346625797
1841 1.3690017096263756
1842 1.3690017096263756
1843 1.3690017096263756
1844 1.0722924204140813
1845 1.0722924204140813
1846 1.0722924204140813
1847 1.547353990216026
1848 1.547353990216026
1849 1.547353990216026
1850 2.335146799035274
1851 2.335146799035274
1852 2.335146799035274
1853 1.9590095190907875
1854 1.9590095190907875
1855 1.9590095190907875
1856 1.547013619855209
1857 1.547013619855209
1858 1.547013619855209
1859 1.672159891701718
1860 1.672159891701718
1861 1.672159891701718
1862 1.4357413661867637
1863 1.4357413661867637
1864 1.4357413661867637
1865 1.4449622802616382
1866 1.4449622802616382
1867 1.4449622802616382
1868 1.110082037359314
1869 1.110082037359314
1870 1.110082037359314
1871 1.3702685919929727
1872 1.3702685919929727
1873 1.3702685919929727
1874 2.0082708569676626
1875 2.0082708569676626
1876 2.0082708569676626
1877 1.6756108638686786
1878 1.6756108638686786
1879 2.030567182586461
1880 2.030567182586461
1881 2.030567182586461
1882 1.9886429586357215
1883 1.9886429586357215
1884 1.9886429586357215
1885 2.39615532464968
1886 2.39615532464968
1887 2.39615532464968
1888 1.7890615183549312
1889 1.7890615183549312
1890 1.7890615183549312
1891 1.900468759027306
1892 1.900468759027306
1893 1.900468759027306
1894 1.5922077120022875
1895 1.5922077120022875
1896 1.5922077120022875
1897 1.7932238241565353
1898 1.7932238241565353
1899 1.7932238241565353
1900 2.3772492670576892
1901 2.3772492670576892
1902 2.3772492670576892
1903 3.212860882647498
1904 3.212860882647498
1905 3.212860882647498
1906 3.4985092063483787
1907 3.4985092063483787
1908 3.4985092063483787
1909 2.7429615284510547
1910 2.7429615284510547
1911 2.7429615284510547
1912 2.851634986842372
1913 2.851634986842372
1914 2.851634986842372
1915 2.3270502695517497
1916 2.3270502695517497
1917 2.3270502695517497
1918 3.0458322567115887
1919 3.0458322567115887
1920 3.0458322567115887
1921 4.048401138646579
1922 4.048401138646579
1923 4.048401138646579
1924 2.7525601211453066
1925 2.7525601211453066
1926 2.7525601211453066
1927 2.9347275971429783
1928 2.9347275971429783
1929 2.9347275971429783
1930 2.419420847591637
1931 2.419420847591637
1932 2.419420847591637
1933 3.315697091125436
1934 3.315697091125436
1935 3.315697091125436
1936 2.6530174591488165
1937 2.6530174591488165
1938 2.6530174591488165
1939 2.9372092906283016
1940 2.9372092906283016
1941 2.9372092906283016
1942 2.188858361343876
1943 2.188858361343876
1944 2.188858361343876
1945 2.5140746737640494
1946 2.5140746737640494
1947 2.5140746737640494
1948 2.664605277783428
1949 2.664605277783428
1950 2.664605277783428
1951 4.097364890432896
1952 4.097364890432896
1953 4.097364890432896
1954 3.2670111701607407
1955 3.2670111701607407
1956 3.2670111701607407
1957 4.309883946434267
1958 4.309883946434267
1959 4.309883946434267
1960 3.3664358505073517
1961 3.3664358505073517
1962 3.3664358505073517
1963 3.3157841352075152
1964 3.3157841352075152
1965 3.3157841352075152
1966 3.134750883104491
1967 3.134750883104491
1968 3.134750883104491
1969 2.605694987803666
1970 2.605694987803666
1971 2.605694987803666
1972 1.7987534058576553
1973 1.7987534058576553
1974 1.7987534058576553
1975 2.575659899497002
1976 2.575659899497002
1977 2.575659899497002
1978 3.5110310253362815
1979 3.5110310253362815
1980 3.5110310253362815
1981 2.524706249223941
1982 2.524706249223941
1983 2.524706249223941
1984 2.860987708856671
1985 2.860987708856671
1986 2.860987708856671
1987 3.5202671049494274
1988 3.5202671049494274
1989 3.5202671049494274
1990 3.278191421414701
1991 3.278191421414701
1992 3.278191421414701
1993 2.8025744650182145
1994 2.8025744650182145
1995 2.8025744650182145
1996 0.5569856022716091
1997 0.5569856022716091
1998 0.5569856022716091
1999 0.6308591942813182
