0 0.2655538258507694
1 0.2655538258507694
2 0.2655538258507694
3 0.21587699544922972
4 0.21587699544922972
5 0.21587699544922972
6 0.2135900715587727
7 0.2135900715587727
8 0.2135900715587727
9 0.2499689768544454
10 0.2499689768544454
11 0.2499689768544454
12 0.23223987662611817
13 0.23223987662611817
14 0.23223987662611817
15 0.2684462275203775
16 0.2684462275203775
17 0.2684462275203775
18 0.28257659240209587
19 0.28257659240209587
20 0.28257659240209587
21 0.31973068822249423
22 0.31973068822249423
23 0.31973068822249423
24 0.20136423759654973
25 0.20136423759654973
26 0.20136423759654973
27 0.2890771142741878
28 0.2890771142741878
29 0.2890771142741878
30 0.21033833980991776
31 0.21033833980991776
32 0.21033833980991776
33 0.15745068197815723
34 0.15745068197815723
35 0.15745068197815723
36 0.2212882818989871
37 0.2212882818989871
38 0.2212882818989871
39 0.18583650550716688
40 0.18583650550716688
41 0.18583650550716688
42 0.2690667175550854
43 0.2690667175550854
44 0.2690667175550854
45 0.11862768545940654
46 0.11862768545940654
47 0.11862768545940654
48 0.1
49 0.1
50 0.1
51 0.10452953627528258
52 0.10452953627528258
53 0.10452953627528258
54 0.17905815898441368
55 0.17905815898441368
56 0.17905815898441368
57 0.12780410369084255
58 0.12780410369084255
59 0.12780410369084255
60 0.2347554021464559
61 0.2347554021464559
62 0.2347554021464559
63 0.17775360175667135
64 0.17775360175667135
65 0.17775360175667135
66 0.25896422876884895
67 0.25896422876884895
68 0.25896422876884895
69 0.22058585220262503
70 0.22058585220262503
71 0.22058585220262503
72 0.1
73 0.1
74 0.1
75 0.22099667448125804
76 0.22099667448125804
77 0.22099667448125804
78 0.14168462167990858
79 0.14168462167990858
80 0.14168462167990858
81 0.2594160551850182
82 0.2594160551850182
83 0.2594160551850182
84 0.33472197296642514
85 0.33472197296642514
86 0.33472197296642514
87 0.2379200483569567
88 0.2379200483569567
89 0.2379200483569567
90 0.11897613268555379
91 0.11897613268555379
92 0.11897613268555379
93 0.2213514395929581
94 0.2213514395929581
95 0.2213514395929581
96 0.3087391814825431
97 0.3087391814825431
98 0.3087391814825431
99 0.14849434586651455
100 0.14849434586651455
101 0.14849434586651455
102 0.15183261172400486
103 0.15183261172400486
104 0.15183261172400486
105 0.27509994749494976
106 0.27509994749494976
107 0.27509994749494976
108 0.13905680685393532
109 0.13905680685393532
110 0.13905680685393532
111 0.2065972489211109
112 0.2065972489211109
113 0.2065972489211109
114 0.12790167747236042
115 0.12790167747236042
116 0.12790167747236042
117 0.307262966502691
118 0.307262966502691
119 0.307262966502691
120 0.26926584578477286
121 0.26926584578477286
122 0.26926584578477286
123 0.1278875423451798
124 0.1278875423451798
125 0.1278875423451798
126 0.24738992889296438
127 0.24738992889296438
128 0.24738992889296438
129 0.22693819645471164
130 0.22693819645471164
131 0.22693819645471164
132 0.18667728960494365
133 0.18667728960494365
134 0.18667728960494365
135 0.16616727171259296
136 0.16616727171259296
137 0.16616727171259296
138 0.16264730068515115
139 0.16264730068515115
140 0.16264730068515115
141 0.15218973371566769
142 0.15218973371566769
143 0.15218973371566769
144 0.19116470074466277
145 0.19116470074466277
146 0.19116470074466277
147 0.2035992753710955
148 0.2035992753710955
149 0.2035992753710955
150 0.11805102822218061
151 0.11805102822218061
152 0.11805102822218061
153 0.1892093870635828
154 0.1892093870635828
155 0.1892093870635828
156 0.29752376206157255
157 0.29752376206157255
158 0.29752376206157255
159 0.13924024224901865
160 0.13924024224901865
161 0.13924024224901865
162 0.27553899715447716
163 0.27553899715447716
164 0.27553899715447716
165 0.13911965754812697
166 0.13911965754812697
167 0.13911965754812697
168 0.11758785827877215
169 0.11758785827877215
170 0.11758785827877215
171 0.21297350448740865
172 0.21297350448740865
173 0.21297350448740865
174 0.24253580747067455
175 0.24253580747067455
176 0.24253580747067455
177 0.2797061891936964
178 0.2797061891936964
179 0.2797061891936964
180 0.28059476509777814
181 0.28059476509777814
182 0.28059476509777814
183 0.20909314392809847
184 0.20909314392809847
185 0.20909314392809847
186 0.30298745802823235
187 0.30298745802823235
188 0.30298745802823235
189 0.17996399571916616
190 0.17996399571916616
191 0.17996399571916616
192 0.11740797021148976
193 0.11740797021148976
194 0.11740797021148976
195 0.1
196 0.1
197 0.1
198 0.11824839961600106
199 0.11824839961600106
200 0.11824839961600106
201 0.21994222985863124
202 0.21994222985863124
203 0.21994222985863124
204 0.1
205 0.1
206 0.1
207 0.14587595379156673
208 0.14587595379156673
209 0.14587595379156673
210 0.20612176435849106
211 0.20612176435849106
212 0.20612176435849106
213 0.12049730230558843
214 0.12049730230558843
215 0.12049730230558843
216 0.212943120305008
217 0.212943120305008
218 0.212943120305008
219 0.2155138905591174
220 0.2155138905591174
221 0.2155138905591174
222 0.1
223 0.1
224 0.1
225 0.2747059841256006
226 0.2747059841256006
227 0.2747059841256006
228 0.14517914173563518
229 0.14517914173563518
230 0.14517914173563518
231 0.15139748643242384
232 0.15139748643242384
233 0.15139748643242384
234 0.1
235 0.1
236 0.1
237 0.16042245704214092
238 0.16042245704214092
239 0.16042245704214092
240 0.2005749683121616
241 0.2005749683121616
242 0.2005749683121616
243 0.15763444510748287
244 0.15763444510748287
245 0.15763444510748287
246 0.10177896381177069
247 0.10177896381177069
248 0.10177896381177069
249 0.1964757247469116
250 0.1964757247469116
251 0.1964757247469116
252 0.15456866640301037
253 0.15456866640301037
254 0.15456866640301037
255 0.1458148024209171
256 0.1458148024209171
257 0.1458148024209171
258 1.8070502387367673
259 1.8070502387367673
260 1.8070502387367673
261 3.435358375244772
262 3.435358375244772
263 3.435358375244772
264 2.760440629327783
265 2.760440629327783
266 2.760440629327783
267 2.0653168921506704
268 2.0653168921506704
269 2.0653168921506704
270 1.9897699676275036
271 1.9897699676275036
272 1.9897699676275036
273 3.1184558859518505
274 3.1184558859518505
275 3.1184558859518505
276 3.1323647246277577
277 3.1323647246277577
278 3.1323647246277577
279 1.0336307208324322
280 1.0336307208324322
281 1.0336307208324322
282 2.485337766873703
283 2.485337766873703
284 2.485337766873703
285 1.570286871698774
286 1.570286871698774
287 1.570286871698774
288 2.2612116986890127
289 2.2612116986890127
290 2.2612116986890127
291 0.13775177211192213
292 0.13775177211192213
293 0.13775177211192213
294 3.6951726305939845
295 3.6951726305939845
296 3.6951726305939845
297 4.652989458461867
298 4.652989458461867
299 4.652989458461867
300 1.0479863959020248
301 1.0479863959020248
302 1.0479863959020248
303 1.6878663336769124
304 1.6878663336769124
305 1.6878663336769124
306 2.792245562136242
307 2.792245562136242
308 2.792245562136242
309 1.470881609844335
310 1.470881609844335
311 1.470881609844335
312 3.25913697268844
313 3.25913697268844
314 3.25913697268844
315 3.154999709025124
316 3.154999709025124
317 3.154999709025124
318 3.6511082776026798
319 3.6511082776026798
320 3.6511082776026798
321 1.2817725216858427
322 1.2817725216858427
323 1.2817725216858427
324 1.2096200581196785
325 1.2096200581196785
326 1.2096200581196785
327 3.443673988604594
328 3.443673988604594
329 3.443673988604594
330 3.8143534991217685
331 3.8143534991217685
332 3.8143534991217685
333 1.5145320644247873
334 1.5145320644247873
335 1.5145320644247873
336 1.9259932351216373
337 1.9259932351216373
338 1.9259932351216373
339 2.5915789896754204
340 2.5915789896754204
341 2.5915789896754204
342 4.26490388446727
343 4.26490388446727
344 4.26490388446727
345 2.823327570669857
346 2.823327570669857
347 2.823327570669857
348 2.9670256772356685
349 2.9670256772356685
350 2.9670256772356685
351 3.535924263096655
352 3.535924263096655
353 3.535924263096655
354 1.3788721405173645
355 1.3788721405173645
356 1.3788721405173645
357 3.457489631052302
358 3.457489631052302
359 3.457489631052302
360 2.1936106514179867
361 2.1936106514179867
362 2.1936106514179867
363 0.8163003607839325
364 0.8163003607839325
365 0.8163003607839325
366 3.922191287479232
367 3.922191287479232
368 3.922191287479232
369 1.3969118835081573
370 1.3969118835081573
371 1.3969118835081573
372 2.7434091767210864
373 2.7434091767210864
374 2.7434091767210864
375 3.263437532250121
376 3.263437532250121
377 3.263437532250121
378 3.4297922849515126
379 3.4297922849515126
380 3.4297922849515126
381 2.8956324424485427
382 2.8956324424485427
383 2.8956324424485427
384 2.220278753725383
385 2.220278753725383
386 2.220278753725383
387 3.878954453709966
388 3.878954453709966
389 3.878954453709966
390 2.127491980985365
391 2.127491980985365
392 2.127491980985365
393 2.369493809652356
394 2.369493809652356
395 2.369493809652356
396 3.2143040796510505
397 3.2143040796510505
398 3.2143040796510505
399 3.937317842517822
400 3.937317842517822
401 3.937317842517822
402 2.8729924866435037
403 2.8729924866435037
404 2.8729924866435037
405 3.899424740817514
406 3.899424740817514
407 3.899424740817514
408 1.9122768307999671
409 1.9122768307999671
410 1.9122768307999671
411 1.7541577149335856
412 1.7541577149335856
413 1.7541577149335856
414 2.135117243622897
415 2.135117243622897
416 2.135117243622897
417 3.143889650403454
418 3.143889650403454
419 3.143889650403454
420 4.248650409087275
421 4.248650409087275
422 4.248650409087275
423 2.771863391866618
424 2.771863391866618
425 2.771863391866618
426 3.17823716447427
427 3.17823716447427
428 3.17823716447427
429 2.0905186920132275
430 2.0905186920132275
431 2.0905186920132275
432 2.1442202239447123
433 2.1442202239447123
434 2.1442202239447123
435 3.108884404408089
436 3.108884404408089
437 3.108884404408089
438 4.332064829734222
439 4.332064829734222
440 4.332064829734222
441 3.4771422011255826
442 3.4771422011255826
443 3.4771422011255826
444 4.42430877996225
445 4.42430877996225
446 4.42430877996225
447 3.172202791139916
448 3.172202791139916
449 3.172202791139916
450 2.280001660262402
451 2.280001660262402
452 2.280001660262402
453 3.65393844544414
454 3.65393844544414
455 3.65393844544414
456 3.7345189527027802
457 3.7345189527027802
458 3.7345189527027802
459 2.408855879473739
460 2.408855879473739
461 2.408855879473739
462 2.489037175366724
463 2.489037175366724
464 2.489037175366724
465 2.880506195398426
466 2.880506195398426
467 2.880506195398426
468 4.764409181581973
469 4.764409181581973
470 4.764409181581973
471 4.665854845911526
472 4.665854845911526
473 4.665854845911526
474 1.3758808734293926
475 1.3758808734293926
476 1.3758808734293926
477 1.1095486745967567
478 1.1095486745967567
479 1.1095486745967567
480 3.418129108808161
481 3.418129108808161
482 3.418129108808161
483 3.806245824928717
484 3.806245824928717
485 3.806245824928717
486 1.1068781239424166
487 1.1068781239424166
488 1.1068781239424166
489 3.800563086774295
490 3.800563086774295
491 3.800563086774295
492 2.4931721050924396
493 2.4931721050924396
494 2.4931721050924396
495 0.26016106949591267
496 0.26016106949591267
497 0.26016106949591267
498 4.108118443069443
499 4.108118443069443
500 4.108118443069443
501 2.9579462691677727
502 2.9579462691677727
503 2.9579462691677727
504 2.042752401404065
505 2.042752401404065
506 2.042752401404065
507 2.5448603890497874
508 2.5448603890497874
509 2.5448603890497874
510 2.0338605922271844
511 2.0338605922271844
512 2.0338605922271844
513 5.195136377275222
514 5.195136377275222
515 5.195136377275222
516 2.047034881058967
517 2.047034881058967
518 2.047034881058967
519 2.934797947280482
520 2.934797947280482
521 2.934797947280482
522 2.7498436124045713
523 2.7498436124045713
524 2.7498436124045713
525 4.836684672838188
526 4.836684672838188
527 4.836684672838188
528 1.4731983081076891
529 1.4731983081076891
530 1.4731983081076891
531 4.12408935508364
532 4.12408935508364
533 4.12408935508364
534 1.3175373855896426
535 1.3175373855896426
536 1.3175373855896426
537 2.4214384741845043
538 2.4214384741845043
539 2.4214384741845043
540 4.349803691457984
541 4.349803691457984
542 4.349803691457984
543 3.3424013497210523
544 3.3424013497210523
545 3.3424013497210523
546 4.151805788215273
547 4.151805788215273
548 4.151805788215273
549 2.789270820541504
550 2.789270820541504
551 2.789270820541504
552 4.341564856672416
553 4.341564856672416
554 4.341564856672416
555 3.0152170601232373
556 3.0152170601232373
557 3.0152170601232373
558 3.6809741524751534
559 3.6809741524751534
560 3.6809741524751534
561 1.8463328893799806
562 1.8463328893799806
563 1.8463328893799806
564 3.1785084427615247
565 3.1785084427615247
566 3.1785084427615247
567 3.2892615068460898
568 3.2892615068460898
569 3.2892615068460898
570 4.42127152589155
571 4.42127152589155
572 4.42127152589155
573 1.6990792143246904
574 1.6990792143246904
575 1.6990792143246904
576 5.425143937234649
577 5.425143937234649
578 5.425143937234649
579 4.651677062821324
580 4.651677062821324
581 4.651677062821324
582 2.2305167816601803
583 2.2305167816601803
584 2.2305167816601803
585 2.9180991618355487
586 2.9180991618355487
587 2.9180991618355487
588 2.4712195068740215
589 2.4712195068740215
590 2.4712195068740215
591 3.8859341855428067
592 3.8859341855428067
593 3.8859341855428067
594 2.6039353196209114
595 2.6039353196209114
596 2.6039353196209114
597 2.5580189163789253
598 2.5580189163789253
599 2.5580189163789253
600 2.191083779751412
601 2.191083779751412
602 2.191083779751412
603 2.095018713148028
604 2.095018713148028
605 2.095018713148028
606 0.9776848171262037
607 0.9776848171262037
608 0.9776848171262037
609 2.1324052901977915
610 2.1324052901977915
611 2.1324052901977915
612 1.9387783037873842
613 1.9387783037873842
614 1.9387783037873842
615 2.752471966905091
616 2.752471966905091
617 2.752471966905091
618 2.080845286154368
619 2.080845286154368
620 3.7154670704319503
621 3.7154670704319503
622 3.7154670704319503
623 3.0984923899669883
624 3.0984923899669883
625 3.0984923899669883
626 3.213374951528097
627 3.213374951528097
628 3.213374951528097
629 5.4700832585785
630 5.4700832585785
631 5.4700832585785
632 1.9054605597468801
633 1.9054605597468801
634 1.9054605597468801
635 4.168266409235534
636 4.168266409235534
637 4.168266409235534
638 3.5897738574516227
639 3.5897738574516227
640 3.5897738574516227
641 3.3022204300309514
642 3.3022204300309514
643 3.3022204300309514
644 5.887134197061146
645 5.887134197061146
646 5.887134197061146
647 4.56331636012471
648 4.56331636012471
649 4.56331636012471
650 4.321716765061035
651 4.321716765061035
652 4.321716765061035
653 4.342553497126711
654 4.342553497126711
655 4.342553497126711
656 1.9926145346233013
657 1.9926145346233013
658 1.9926145346233013
659 2.421029651525315
660 2.421029651525315
661 2.421029651525315
662 1.2036164261918056
663 1.2036164261918056
664 1.2036164261918056
665 3.4677701565064347
666 3.4677701565064347
667 3.4677701565064347
668 5.463263053049112
669 5.463263053049112
670 5.463263053049112
671 1.4681733709717322
672 1.4681733709717322
673 1.4681733709717322
674 5.7074947278823345
675 5.7074947278823345
676 5.7074947278823345
677 2.4305435455520805
678 2.4305435455520805
679 2.4305435455520805
680 3.245153051400409
681 3.245153051400409
682 3.245153051400409
683 4.3005998845601985
684 4.3005998845601985
685 4.3005998845601985
686 5.602924751503177
687 5.602924751503177
688 5.602924751503177
689 4.385377708517984
690 4.385377708517984
691 4.385377708517984
692 4.181367138551215
693 4.181367138551215
694 4.181367138551215
695 3.79694138692851
696 3.79694138692851
697 3.79694138692851
698 6.648174041032002
699 6.648174041032002
700 6.648174041032002
701 4.326496787534463
702 4.326496787534463
703 4.326496787534463
704 2.3660186780471824
705 2.3660186780471824
706 2.3660186780471824
707 3.5462588370138812
708 3.5462588370138812
709 3.5462588370138812
710 4.46370531105247
711 4.46370531105247
712 4.46370531105247
713 4.461685877907238
714 4.461685877907238
715 4.461685877907238
716 1.5587967627743304
717 1.5587967627743304
718 1.5587967627743304
719 2.063797075075974
720 2.063797075075974
721 2.063797075075974
722 2.540294057767131
723 2.540294057767131
724 2.540294057767131
725 2.33420574968722
726 2.33420574968722
727 2.33420574968722
728 1.912512502545681
729 1.912512502545681
730 1.912512502545681
731 2.676291637754235
732 2.676291637754235
733 2.676291637754235
734 2.7494060153833835
735 2.7494060153833835
736 2.7494060153833835
737 2.229566319632016
738 2.229566319632016
739 2.229566319632016
740 2.5154723503797114
741 2.5154723503797114
742 2.5154723503797114
743 1.32111215746749
744 1.32111215746749
745 1.32111215746749
746 1.649201473435836
747 1.649201473435836
748 1.649201473435836
749 2.0367738784042695
750 2.0367738784042695
751 2.0367738784042695
752 1.088922920481441
753 1.088922920481441
754 1.088922920481441
755 3.734066580652236
756 3.734066580652236
757 3.734066580652236
758 1.8419000173583366
759 1.8419000173583366
760 1.8419000173583366
761 2.213904975792835
762 2.213904975792835
763 2.213904975792835
764 0.6130212085147762
765 0.6130212085147762
766 0.6130212085147762
767 3.258795907127443
768 3.258795907127443
769 3.258795907127443
770 1.6414943271579499
771 1.6414943271579499
772 0.956905406697616
773 0.956905406697616
774 0.956905406697616
775 0.5967521468755207
776 0.5967521468755207
777 0.5967521468755207
778 1.2400588130196217
779 1.2400588130196217
780 1.2400588130196217
781 1.837419362309845
782 1.837419362309845
783 1.837419362309845
784 2.0685525541796665
785 2.0685525541796665
786 2.0685525541796665
787 0.916209072391666
788 0.916209072391666
789 0.916209072391666
790 1.1601444436751651
791 1.1601444436751651
792 1.1601444436751651
793 1.3880742286097643
794 1.3880742286097643
795 1.3880742286097643
796 1.2843756028745674
797 1.2843756028745674
798 1.2843756028745674
799 1.2544016700133087
800 1.2544016700133087
801 1.2544016700133087
802 1.3525729599079819
803 1.3525729599079819
804 1.3525729599079819
805 1.3111344488396544
806 1.3111344488396544
807 1.3111344488396544
808 0.9937606337055078
809 0.9937606337055078
810 0.9937606337055078
811 1.3493372318394095
812 1.3493372318394095
813 1.3493372318394095
814 1.7074147092279595
815 1.7074147092279595
816 1.7074147092279595
817 1.2060054899960773
818 1.2060054899960773
819 1.2060054899960773
820 1.153699156612118
821 1.153699156612118
822 1.153699156612118
823 1.778370343686953
824 1.778370343686953
825 1.778370343686953
826 1.750629756524857
827 1.750629756524857
828 1.750629756524857
829 1.3686678016557163
830 1.3686678016557163
831 1.3686678016557163
832 1.088817554931719
833 1.088817554931719
834 1.088817554931719
835 1.1475612863556863
836 1.1475612863556863
837 1.1475612863556863
838 0.7818957972946211
839 0.7818957972946211
840 0.7818957972946211
841 0.853029954912796
842 0.853029954912796
843 0.853029954912796
844 0.6349216579479235
845 0.6349216579479235
846 0.6349216579479235
847 0.819849766701181
848 0.819849766701181
849 0.819849766701181
850 1.5026400198144896
851 1.5026400198144896
852 1.5026400198144896
853 0.7567830237747587
854 0.7567830237747587
855 0.7567830237747587
856 0.823241557334383
857 0.823241557334383
858 0.823241557334383
859 1.541506185499395
860 1.541506185499395
861 1.541506185499395
862 0.8270550599616244
863 0.8270550599616244
864 0.8270550599616244
865 1.6098229287307229
866 1.6098229287307229
867 1.6098229287307229
868 1.2915663151496544
869 1.2915663151496544
870 1.2915663151496544
871 0.6560468329568108
872 0.6560468329568108
873 0.6560468329568108
874 0.7208684040436462
875 0.7208684040436462
876 0.7208684040436462
877 1.1491210279129644
878 1.1491210279129644
879 1.1491210279129644
880 0.9420810952856584
881 0.9420810952856584
882 0.9420810952856584
883 1.246649809728423
884 1.246649809728423
885 1.246649809728423
886 1.2914937872682153
887 1.2914937872682153
888 1.2914937872682153
889 0.5519052279451951
890 0.5519052279451951
891 0.5519052279451951
892 1.0314758527871422
893 1.0314758527871422
894 1.0314758527871422
895 0.405468606396302
896 0.405468606396302
897 0.405468606396302
898 0.8130436440153324
899 0.8130436440153324
900 0.8130436440153324
901 0.8256938314162747
902 0.8256938314162747
903 0.8256938314162747
904 1.3569001126665186
905 1.3569001126665186
906 1.3569001126665186
907 1.383441736442368
908 1.383441736442368
909 1.383441736442368
910 0.8648965203449674
911 0.8648965203449674
912 0.8648965203449674
913 1.0966590075687466
914 3.869589171266642
915 3.869589171266642
916 3.869589171266642
917 2.2751624169207143
918 2.2751624169207143
919 2.2751624169207143
920 1.298184430769277
921 1.298184430769277
922 1.298184430769277
923 2.260499962186678
924 2.260499962186678
925 2.260499962186678
926 0.1
927 0.1
928 0.1
929 3.3126807532891305
930 3.3126807532891305
931 3.3126807532891305
932 2.403818667420114
933 2.403818667420114
934 2.403818667420114
935 4.231105494527692
936 4.231105494527692
937 4.231105494527692
938 2.5554304102777885
939 2.5554304102777885
940 2.5554304102777885
941 2.315629476113111
942 2.315629476113111
943 2.315629476113111
944 2.272217937800674
945 2.272217937800674
946 2.272217937800674
947 3.4845430313954155
948 3.4845430313954155
949 3.4845430313954155
950 3.716336571316109
951 3.716336571316109
952 3.716336571316109
953 2.2859295058715503
954 2.2859295058715503
955 2.2859295058715503
956 3.3800158111735703
957 3.3800158111735703
958 3.3800158111735703
959 0.810561040975398
960 0.810561040975398
961 0.810561040975398
962 3.047719273627371
963 3.047719273627371
964 3.047719273627371
965 1.8394940746148356
966 1.8394940746148356
967 1.8394940746148356
968 2.2803377509076768
969 2.2803377509076768
970 2.2803377509076768
971 2.30795953011403
972 2.30795953011403
973 2.30795953011403
974 3.947107366345312
975 3.947107366345312
976 3.947107366345312
977 3.4316029503416634
978 3.4316029503416634
979 3.4316029503416634
980 1.7655735130032688
981 1.7655735130032688
982 1.7655735130032688
983 2.8424559586177773
984 2.8424559586177773
985 2.8424559586177773
986 3.58772517361055
987 3.58772517361055
988 3.58772517361055
989 1.4842850148972877
990 1.4842850148972877
991 1.4842850148972877
992 3.48983358400163
993 3.48983358400163
994 3.48983358400163
995 2.7663012731088976
996 2.7663012731088976
997 2.7663012731088976
998 3.89357236470179
999 3.89357236470179
1000 3.89357236470179
1001 2.563633974865048
1002 2.563633974865048
1003 2.563633974865048
1004 1.8884349230852253
1005 1.8884349230852253
1006 1.8884349230852253
1007 2.772212753051448
1008 2.772212753051448
1009 2.772212753051448
1010 2.8509858266584063
1011 2.8509858266584063
1012 2.8509858266584063
1013 3.5920482540982217
1014 1.3362530956579528
1015 1.3362530956579528
1016 1.3362530956579528
1017 4.069390042965868
1018 4.069390042965868
1019 4.069390042965868
1020 1.784486243848675
1021 1.784486243848675
1022 1.784486243848675
1023 2.3188510625997143
1024 2.3188510625997143
1025 2.3188510625997143
1026 3.21720145568123
1027 3.21720145568123
1028 3.21720145568123
1029 3.082783193636705
1030 3.082783193636705
1031 3.082783193636705
1032 2.0801464640791667
1033 2.0801464640791667
1034 2.0801464640791667
1035 0.9921531403341386
1036 0.9921531403341386
1037 0.9921531403341386
1038 3.8963462446345454
1039 3.8963462446345454
1040 3.8963462446345454
1041 3.233937004175305
1042 3.233937004175305
1043 3.233937004175305
1044 2.480630324323254
1045 2.480630324323254
1046 2.480630324323254
1047 2.4040246144019903
1048 2.4040246144019903
1049 2.4040246144019903
1050 2.9789637771164337
1051 2.9789637771164337
1052 2.9789637771164337
1053 4.616196602506602
1054 4.616196602506602
1055 4.616196602506602
1056 3.32841213437773
1057 3.32841213437773
1058 3.32841213437773
1059 4.2260144625928655
1060 4.2260144625928655
1061 4.2260144625928655
1062 2.477396648924466
1063 2.477396648924466
1064 2.477396648924466
1065 3.4146411893284023
1066 3.4146411893284023
1067 3.4146411893284023
1068 1.7533447394791952
1069 1.7533447394791952
1070 1.707929807708197
1071 1.707929807708197
1072 1.707929807708197
1073 1.171063321142065
1074 1.171063321142065
1075 1.171063321142065
1076 1.213660502826396
1077 1.213660502826396
1078 1.213660502826396
1079 0.5732879485895076
1080 0.5732879485895076
1081 0.5732879485895076
1082 1.345176761614834
1083 1.345176761614834
1084 1.345176761614834
1085 1.1827478284680248
1086 1.1827478284680248
1087 1.1827478284680248
1088 1.6454174649727777
1089 1.6454174649727777
1090 1.6454174649727777
1091 0.6831405221845235
1092 0.6831405221845235
1093 0.6831405221845235
1094 0.7402960313644021
1095 0.7402960313644021
1096 0.7402960313644021
1097 0.5411067266416301
1098 3.846319386805739
1099 3.846319386805739
1100 3.846319386805739
1101 3.5418474826567397
1102 3.5418474826567397
1103 3.5418474826567397
1104 4.133356300199279
1105 4.133356300199279
1106 4.133356300199279
1107 1.1626088534875794
1108 1.1626088534875794
1109 1.1626088534875794
1110 3.972246808505447
1111 3.972246808505447
1112 3.972246808505447
1113 1.7012700331417667
1114 1.7012700331417667
1115 1.7012700331417667
1116 3.066071218053126
1117 3.066071218053126
1118 3.066071218053126
1119 1.566559337249637
1120 1.566559337249637
1121 1.566559337249637
1122 2.9056185663233056
1123 2.9056185663233056
1124 2.9056185663233056
1125 4.075778583533208
1126 4.075778583533208
1127 4.075778583533208
1128 2.8093290710884187
1129 2.8093290710884187
1130 2.8093290710884187
1131 2.745354717890528
1132 2.745354717890528
1133 2.745354717890528
1134 1.768629475770387
1135 1.768629475770387
1136 1.768629475770387
1137 1.9922715279310068
1138 1.9922715279310068
1139 1.9922715279310068
1140 1.7783178116525336
1141 1.7783178116525336
1142 1.7783178116525336
1143 4.608865542899275
1144 4.608865542899275
1145 4.608865542899275
1146 3.8278114004486836
1147 3.8278114004486836
1148 3.8278114004486836
1149 0.7497997426400658
1150 0.7497997426400658
1151 1.315822864215799
1152 1.315822864215799
1153 1.315822864215799
1154 1.0543003529668968
1155 1.0543003529668968
1156 1.0543003529668968
1157 1.1574452426625865
1158 1.1574452426625865
1159 1.1574452426625865
1160 0.6627063986146409
1161 0.6627063986146409
1162 0.6627063986146409
1163 1.359844632077791
1164 1.359844632077791
1165 1.359844632077791
1166 1.0281972384965452
1167 1.0281972384965452
1168 1.0281972384965452
1169 0.17041475671773532
1170 0.17041475671773532
1171 0.17041475671773532
1172 0.13700605950803715
1173 0.13700605950803715
1174 0.13700605950803715
1175 0.22847440048473563
1176 0.22847440048473563
1177 0.22847440048473563
1178 0.22514682258890434
1179 0.22514682258890434
1180 0.22514682258890434
1181 0.23669636508514938
1182 0.23669636508514938
1183 0.23669636508514938
1184 0.1523284755425496
1185 0.1523284755425496
1186 0.1523284755425496
1187 0.2054489551203766
1188 0.2054489551203766
1189 0.2054489551203766
1190 0.178812687719121
1191 0.178812687719121
1192 0.178812687719121
1193 0.2486221451883278
1194 0.2486221451883278
1195 0.2486221451883278
1196 0.2553464836714426
1197 0.2553464836714426
1198 0.2553464836714426
1199 0.1941461315779004
1200 0.1941461315779004
1201 0.1941461315779004
1202 0.12350198353889598
1203 0.12350198353889598
1204 0.12350198353889598
1205 0.14305319365770014
1206 0.14305319365770014
1207 0.14305319365770014
1208 0.1699410226514603
1209 0.1699410226514603
1210 0.1699410226514603
1211 0.3283269539912804
1212 0.3283269539912804
1213 0.3283269539912804
1214 0.3470498757415023
1215 0.3470498757415023
1216 0.3470498757415023
1217 0.3080646285309331
1218 0.3080646285309331
1219 0.3080646285309331
1220 0.1335137309320357
1221 0.1335137309320357
1222 0.1335137309320357
1223 0.17528222204002075
1224 0.17528222204002075
1225 0.17528222204002075
1226 0.18377666753733993
1227 0.18377666753733993
1228 0.18377666753733993
1229 0.19120699525902207
1230 0.19120699525902207
1231 0.19120699525902207
1232 0.2956850344721986
1233 0.2956850344721986
1234 0.2956850344721986
1235 0.18587433569794037
1236 0.18587433569794037
1237 0.18587433569794037
1238 0.1227307651696474
1239 0.1227307651696474
1240 0.1227307651696474
1241 0.170734206087628
1242 0.170734206087628
1243 0.170734206087628
1244 0.16905764784079585
1245 0.16905764784079585
1246 0.16905764784079585
1247 0.27409464921508675
1248 0.27409464921508675
1249 0.27409464921508675
1250 0.26582627697089023
1251 0.26582627697089023
1252 0.26582627697089023
1253 0.2697158061893129
1254 0.2697158061893129
1255 0.2697158061893129
1256 0.26443774182217294
1257 0.26443774182217294
1258 0.26443774182217294
1259 0.1494500502774694
1260 0.1494500502774694
1261 0.1494500502774694
1262 0.10083008089344726
1263 0.10083008089344726
1264 0.10083008089344726
1265 0.3440835272927719
1266 0.3440835272927719
1267 0.3440835272927719
1268 0.3593931310588252
1269 0.3593931310588252
1270 0.8644190113475977
1271 0.8644190113475977
1272 0.8644190113475977
1273 0.4007066488337865
1274 0.4007066488337865
1275 0.4007066488337865
1276 1.9058282017788395
1277 1.9058282017788395
1278 1.9058282017788395
1279 2.1425620757181933
1280 2.1425620757181933
1281 2.1425620757181933
1282 1.3939777701815583
1283 1.3939777701815583
1284 1.3939777701815583
1285 1.4194644376802117
1286 1.4194644376802117
1287 1.4194644376802117
1288 1.4430508537086142
1289 1.4430508537086142
1290 1.4430508537086142
1291 2.2816183461260495
1292 2.2816183461260495
1293 2.2816183461260495
1294 1.6907413252062597
1295 1.6907413252062597
1296 1.6907413252062597
1297 1.1220283081968527
1298 1.1220283081968527
1299 1.1220283081968527
1300 2.40701580022014
1301 2.40701580022014
1302 2.40701580022014
1303 2.007567251857175
1304 2.007567251857175
1305 2.007567251857175
1306 2.234097792351438
1307 2.234097792351438
1308 2.234097792351438
1309 1.783807372110148
1310 1.783807372110148
1311 1.783807372110148
1312 0.5622765749214833
1313 0.5622765749214833
1314 0.5622765749214833
1315 3.287617633089148
1316 3.287617633089148
1317 3.287617633089148
1318 0.5752792622136392
1319 0.5752792622136392
1320 0.5752792622136392
1321 1.6311975151777591
1322 1.6311975151777591
1323 1.6311975151777591
1324 1.9597755674880577
1325 1.9597755674880577
1326 1.9597755674880577
1327 1.1272751205874754
1328 1.1272751205874754
1329 1.1272751205874754
1330 0.6921507830645851
1331 0.6921507830645851
1332 0.6921507830645851
1333 1.5097139967005813
1334 1.5097139967005813
1335 1.5097139967005813
1336 1.844850941488307
1337 1.844850941488307
1338 1.844850941488307
1339 2.466176821983714
1340 2.466176821983714
1341 2.466176821983714
1342 1.7035102253842007
1343 1.7035102253842007
1344 1.7035102253842007
1345 1.755935874057658
1346 1.755935874057658
1347 1.755935874057658
1348 0.9459084793178656
1349 0.9459084793178656
1350 0.9459084793178656
1351 1.8746865639647063
1352 1.8746865639647063
1353 1.8746865639647063
1354 2.2160848599017045
1355 2.2160848599017045
1356 2.2160848599017045
1357 0.8014307223499852
1358 0.8014307223499852
1359 0.8014307223499852
1360 0.8002973686638922
1361 0.8002973686638922
1362 0.8002973686638922
1363 1.7385572099958972
1364 1.7385572099958972
1365 1.7385572099958972
1366 1.262555774455424
1367 1.262555774455424
1368 1.262555774455424
1369 1.4920770437131243
1370 1.4920770437131243
1371 1.4920770437131243
1372 1.2113670434142525
1373 1.2113670434142525
1374 1.2113670434142525
1375 2.3884866480535236
1376 2.3884866480535236
1377 2.3884866480535236
1378 1.6432446280220117
1379 1.6432446280220117
1380 1.6432446280220117
1381 2.9811378322827844
1382 2.9811378322827844
1383 2.9811378322827844
1384 1.3856257392549376
1385 1.3856257392549376
1386 1.3856257392549376
1387 2.9720771684623895
1388 2.9720771684623895
1389 2.9720771684623895
1390 2.0244006904073895
1391 2.0244006904073895
1392 2.0244006904073895
1393 0.5617723731551321
1394 0.5617723731551321
1395 0.5617723731551321
1396 1.489424723670633
1397 1.489424723670633
1398 1.489424723670633
1399 1.309161381413829
1400 1.309161381413829
1401 1.309161381413829
1402 2.5223015857408764
1403 2.5223015857408764
1404 2.5223015857408764
1405 2.1857257016437828
1406 2.1857257016437828
1407 2.1857257016437828
1408 1.7303571938453393
1409 1.7303571938453393
1410 1.7303571938453393
1411 1.9710856931167995
1412 1.9710856931167995
1413 1.9710856931167995
1414 1.3210416852609874
1415 1.3210416852609874
1416 1.3210416852609874
1417 1.310714695064258
1418 1.310714695064258
1419 1.310714695064258
1420 1.4631915358892957
1421 1.4631915358892957
1422 1.4631915358892957
1423 1.2672657482249972
1424 1.2672657482249972
1425 1.2672657482249972
1426 2.3890043642659045
1427 2.3890043642659045
1428 2.3890043642659045
1429 1.6988131686643952
1430 1.6988131686643952
1431 1.6988131686643952
1432 2.377242451595238
1433 2.377242451595238
1434 2.377242451595238
1435 1.0387388422931583
1436 1.0387388422931583
1437 1.0387388422931583
1438 0.5258998189122508
1439 0.5258998189122508
1440 0.5258998189122508
1441 0.757629683160836
1442 0.757629683160836
1443 0.757629683160836
1444 0.8614450733269038
1445 0.8614450733269038
1446 0.8614450733269038
1447 2.108946641923194
1448 2.108946641923194
1449 2.108946641923194
1450 1.7508666543064753
1451 1.7508666543064753
1452 1.7508666543064753
1453 1.9171698116711673
1454 1.9171698116711673
1455 1.9171698116711673
1456 1.1274558541817248
1457 1.1274558541817248
1458 1.1274558541817248
1459 1.543990487302996
1460 1.543990487302996
1461 1.543990487302996
1462 3.105370035268312
1463 3.105370035268312
1464 3.105370035268312
1465 1.032110941301895
1466 1.032110941301895
1467 1.032110941301895
1468 1.9589965166597927
1469 1.9589965166597927
1470 1.9589965166597927
1471 1.1443800498818726
1472 1.1443800498818726
1473 2.924340741729988
1474 2.924340741729988
1475 2.924340741729988
1476 2.404734125309285
1477 2.404734125309285
1478 2.404734125309285
1479 2.257524549041962
1480 2.257524549041962
1481 2.257524549041962
1482 2.886622187258586
1483 2.886622187258586
1484 2.886622187258586
1485 3.743800717388511
1486 3.743800717388511
1487 3.743800717388511
1488 1.4996615901844719
1489 1.4996615901844719
1490 1.4996615901844719
1491 4.670655314081335
1492 4.670655314081335
1493 4.670655314081335
1494 2.8627717857413097
1495 2.8627717857413097
1496 2.8627717857413097
1497 4.199122696504281
1498 4.199122696504281
1499 4.199122696504281
1500 2.3736309526847372
1501 2.3736309526847372
1502 2.3736309526847372
1503 2.9769152062641795
1504 2.9769152062641795
1505 2.9769152062641795
1506 2.963689105213512
1507 2.963689105213512
1508 2.963689105213512
1509 3.052521867026891
1510 3.052521867026891
1511 3.052521867026891
1512 3.5975059424850326
1513 3.5975059424850326
1514 3.5975059424850326
1515 2.938763300210963
1516 2.938763300210963
1517 2.938763300210963
1518 2.061292826196855
1519 2.061292826196855
1520 2.061292826196855
1521 2.568466420159078
1522 2.568466420159078
1523 2.568466420159078
1524 4.3549716391610325
1525 4.3549716391610325
1526 4.3549716391610325
1527 2.713673594954182
1528 2.713673594954182
1529 2.713673594954182
1530 3.745806050427814
1531 3.745806050427814
1532 3.745806050427814
1533 1.6098121673755503
1534 1.6098121673755503
1535 1.6098121673755503
1536 2.330405338224453
1537 2.330405338224453
1538 2.330405338224453
1539 2.8816249059799404
1540 2.8816249059799404
1541 2.8816249059799404
1542 3.098039182917124
1543 3.098039182917124
1544 3.098039182917124
1545 3.709288312343737
1546 3.709288312343737
1547 3.709288312343737
1548 3.5016439644710973
1549 3.5016439644710973
1550 3.5016439644710973
1551 1.7480901786390175
1552 1.7480901786390175
1553 1.7480901786390175
1554 3.278776308090964
1555 3.278776308090964
1556 3.278776308090964
1557 3.224692244185762
1558 3.224692244185762
1559 3.224692244185762
1560 2.21839071043188
1561 2.21839071043188
1562 2.21839071043188
1563 3.4546547984252336
1564 3.4546547984252336
1565 3.4546547984252336
1566 3.2406750272342397
1567 3.2406750272342397
1568 3.2406750272342397
1569 2.000919410000886
1570 2.000919410000886
1571 2.000919410000886
1572 3.143128284382344
1573 3.143128284382344
1574 3.143128284382344
1575 1.8371696433409304
1576 1.8371696433409304
1577 1.8371696433409304
1578 6.173870601698139
1579 6.173870601698139
1580 6.173870601698139
1581 1.7470648429223925
1582 1.7470648429223925
1583 1.7470648429223925
1584 1.4703985893575022
1585 1.4703985893575022
1586 1.4703985893575022
1587 0.16963459960023686
1588 0.16963459960023686
1589 0.16963459960023686
1590 3.3097299177584203
1591 3.3097299177584203
1592 3.3097299177584203
1593 2.8545696281288127
1594 2.8545696281288127
1595 2.8545696281288127
1596 2.7599757795730846
1597 2.7599757795730846
1598 2.7599757795730846
1599 3.598956837446511
1600 3.598956837446511
1601 3.598956837446511
1602 2.9458308966839652
1603 2.9458308966839652
1604 2.9458308966839652
1605 3.966910300972212
1606 3.966910300972212
1607 3.966910300972212
1608 1.4221252717026847
1609 1.4221252717026847
1610 1.4221252717026847
1611 3.2019022396025285
1612 3.2019022396025285
1613 3.2019022396025285
1614 4.725873348286529
1615 4.725873348286529
1616 4.725873348286529
1617 3.6703856345152186
1618 3.6703856345152186
1619 3.6703856345152186
1620 3.508969759185565
1621 3.508969759185565
1622 3.508969759185565
1623 2.091287903110733
1624 2.091287903110733
1625 2.091287903110733
1626 1.1725805071753117
1627 1.1725805071753117
1628 1.1725805071753117
1629 3.5764792685285425
1630 3.5764792685285425
1631 3.5764792685285425
1632 2.8508942814763825
1633 2.8508942814763825
1634 2.8508942814763825
1635 1.4711992502003577
1636 1.4711992502003577
1637 1.4711992502003577
1638 3.2163902333785117
1639 3.2163902333785117
1640 3.2163902333785117
1641 3.5320225646222045
1642 3.5320225646222045
1643 3.5320225646222045
1644 2.425128553711854
1645 2.425128553711854
1646 2.425128553711854
1647 3.848504552486039
1648 3.848504552486039
1649 3.848504552486039
1650 2.8025559038138086
1651 2.8025559038138086
1652 2.8025559038138086
1653 1.9137659463851737
1654 1.9137659463851737
1655 1.9137659463851737
1656 3.977252297518481
1657 3.977252297518481
1658 3.977252297518481
1659 2.2727707380235094
1660 2.2727707380235094
1661 2.2727707380235094
1662 4.682331866057749
1663 4.682331866057749
1664 4.682331866057749
1665 2.7453340821725076
1666 2.7453340821725076
1667 2.7453340821725076
1668 2.2666580614117953
1669 2.2666580614117953
1670 2.2666580614117953
1671 1.1344428108690456
1672 1.1344428108690456
1673 1.1344428108690456
1674 3.5495684693246465
1675 3.5495684693246465
1676 3.5495684693246465
1677 3.4443778711518043
1678 3.4443778711518043
1679 3.4443778711518043
1680 3.2317670866324057
1681 3.2317670866324057
1682 3.2317670866324057
1683 5.19102983115615
1684 5.19102983115615
1685 5.19102983115615
1686 1.9597019605686494
1687 1.9597019605686494
1688 1.9597019605686494
1689 2.9885584088080415
1690 2.9885584088080415
1691 2.9885584088080415
1692 2.883427302119339
1693 2.883427302119339
1694 2.883427302119339
1695 2.15421345611451
1696 2.15421345611451
1697 2.15421345611451
1698 2.839162427888793
1699 2.839162427888793
1700 2.839162427888793
1701 2.3898267381515086
1702 2.3898267381515086
1703 2.3898267381515086
1704 3.4583472832288176
1705 3.4583472832288176
1706 3.4583472832288176
1707 3.1932106917461427
1708 3.1932106917461427
1709 3.1932106917461427
1710 2.9631645290988065
1711 2.9631645290988065
1712 2.9631645290988065
1713 2.368554561327442
1714 2.368554561327442
1715 2.368554561327442
1716 3.6393509708445717
1717 3.6393509708445717
1718 3.6393509708445717
1719 5.679596230722306
1720 5.679596230722306
1721 5.679596230722306
1722 3.3459322479081153
1723 3.3459322479081153
1724 3.3459322479081153
1725 2.64851391225619
1726 2.64851391225619
1727 2.64851391225619
1728 3.5596588904253488
1729 3.5596588904253488
1730 3.5596588904253488
1731 2.4414617092628945
1732 2.4414617092628945
1733 2.4414617092628945
1734 2.3892009212708283
1735 2.3892009212708283
1736 2.3892009212708283
1737 4.242386564058563
1738 4.242386564058563
1739 4.242386564058563
1740 4.050664911427942
1741 4.050664911427942
1742 4.050664911427942
1743 2.1375385026582325
1744 2.1375385026582325
1745 2.1375385026582325
1746 4.96535923688838
1747 4.96535923688838
1748 4.96535923688838
1749 3.6068810989578624
1750 3.6068810989578624
1751 3.6068810989578624
1752 2.160382504329382
1753 2.160382504329382
1754 2.160382504329382
1755 2.5383068615762236
1756 2.5383068615762236
1757 2.5383068615762236
1758 3.77436945243656
1759 3.77436945243656
1760 3.77436945243656
1761 3.709264684262957
1762 3.709264684262957
1763 3.709264684262957
1764 2.5500572107085686
1765 2.5500572107085686
1766 2.5500572107085686
1767 1.7602414643713156
1768 1.7602414643713156
1769 1.7602414643713156
1770 2.44531663848381
1771 2.44531663848381
1772 2.44531663848381
1773 3.3268203282646382
1774 3.3268203282646382
1775 3.3268203282646382
1776 3.093184444080217
1777 3.093184444080217
1778 3.093184444080217
1779 2.5441823195624464
1780 2.5441823195624464
1781 2.5441823195624464
1782 3.614398830658672
1783 3.614398830658672
1784 3.614398830658672
1785 3.7952529753087347
1786 3.7952529753087347
1787 3.7952529753087347
1788 0.9753765013404629
1789 0.9753765013404629
1790 0.9753765013404629
1791 2.5484161393858753
1792 2.5484161393858753
1793 2.5484161393858753
1794 0.1
1795 0.1
1796 0.1
1797 1.5615859282666356
1798 1.5615859282666356
1799 1.5615859282666356
1800 0.7890404489555123
1801 0.7890404489555123
1802 0.7890404489555123
1803 1.9227732745332833
1804 1.9227732745332833
1805 1.9227732745332833
1806 3.0051388454178087
1807 3.0051388454178087
1808 3.0051388454178087
1809 3.252270241273162
1810 3.252270241273162
1811 3.252270241273162
1812 2.2456184764923517
1813 2.2456184764923517
1814 2.2456184764923517
1815 2.733356091613254
1816 2.733356091613254
1817 2.733356091613254
1818 1.7672892745641338
1819 1.7672892745641338
1820 1.7672892745641338
1821 1.3456381526109849
1822 1.3456381526109849
1823 1.3456381526109849
1824 3.0318422405721703
1825 3.0318422405721703
1826 3.0318422405721703
1827 4.218002235653019
1828 4.218002235653019
1829 4.218002235653019
1830 2.537276505556963
1831 2.537276505556963
1832 2.537276505556963
1833 3.2658799815124424
1834 3.2658799815124424
1835 3.2658799815124424
1836 3.670315807489244
1837 3.670315807489244
1838 3.670315807489244
1839 3.1876959207686753
1840 3.1876959207686753
1841 3.1876959207686753
1842 3.5281989251145123
1843 3.5281989251145123
1844 3.5281989251145123
1845 2.216606900061191
1846 2.216606900061191
1847 2.216606900061191
1848 3.0966166960394643
1849 3.0966166960394643
1850 3.0966166960394643
1851 2.7753391645710312
1852 2.7753391645710312
1853 2.7753391645710312
1854 3.1806158794372106
1855 3.1806158794372106
1856 3.1806158794372106
1857 2.312748369391115
1858 2.312748369391115
1859 2.312748369391115
1860 1.5970936760711523
1861 1.5970936760711523
1862 1.5970936760711523
1863 1.649915577249645
1864 1.649915577249645
1865 1.649915577249645
1866 2.6107451792034166
1867 2.6107451792034166
1868 2.6107451792034166
1869 3.979059146233577
1870 3.979059146233577
1871 3.979059146233577
1872 4.2921490259781105
1873 4.2921490259781105
1874 4.2921490259781105
1875 3.32065365679568
1876 3.32065365679568
1877 3.32065365679568
1878 2.0080080222168073
1879 2.0080080222168073
1880 2.0080080222168073
1881 2.991725797300188
1882 2.991725797300188
1883 2.991725797300188
1884 0.1
1885 0.1
1886 0.1
1887 3.769918355989056
1888 3.769918355989056
1889 3.769918355989056
1890 1.8290687740220066
1891 1.8290687740220066
1892 1.8290687740220066
1893 3.4243818287750014
1894 3.4243818287750014
1895 3.4243818287750014
1896 1.4657056634026275
1897 1.4657056634026275
1898 1.4657056634026275
1899 2.210826501398073
1900 2.210826501398073
1901 2.210826501398073
1902 1.8019706106973155
1903 1.8019706106973155
1904 1.8019706106973155
1905 2.795802942315481
1906 2.795802942315481
1907 2.795802942315481
1908 2.478610161498711
1909 2.478610161498711
1910 2.478610161498711
1911 3.188175404014695
1912 3.188175404014695
1913 3.188175404014695
1914 1.451207639754883
1915 1.451207639754883
1916 1.451207639754883
1917 1.353527224383714
1918 1.353527224383714
1919 1.353527224383714
1920 0.9629443943213694
1921 0.9629443943213694
1922 0.9629443943213694
1923 1.5019068824514528
1924 1.5019068824514528
1925 1.5019068824514528
1926 0.6518661545461022
1927 0.6518661545461022
1928 0.6518661545461022
1929 2.54138124578647
1930 2.54138124578647
1931 2.54138124578647
1932 3.5969401051914023
1933 3.5969401051914023
1934 3.5969401051914023
1935 2.3271303803993453
1936 2.3271303803993453
1937 2.3271303803993453
1938 1.7334612903845175
1939 1.7334612903845175
1940 1.7334612903845175
1941 1.4051769490364947
1942 1.4051769490364947
1943 1.4051769490364947
1944 1.0074537822897887
1945 1.0074537822897887
1946 1.0074537822897887
1947 2.2228251130652597
1948 2.2228251130652597
1949 2.2228251130652597
1950 2.0067031338436103
1951 2.0067031338436103
1952 2.0067031338436103
1953 1.930559993213933
1954 1.930559993213933
1955 1.930559993213933
1956 1.4672585497143618
1957 1.4672585497143618
1958 1.4672585497143618
1959 1.7057640276259174
1960 1.7057640276259174
1961 1.7057640276259174
1962 2.253510527274633
1963 2.253510527274633
1964 2.253510527274633
1965 1.0302906983858058
1966 1.0302906983858058
1967 0.7336114307593207
1968 0.7336114307593207
1969 0.7336114307593207
1970 1.1225474470823733
1971 1.1225474470823733
1972 1.1225474470823733
1973 0.658683227172884
1974 0.658683227172884
1975 0.658683227172884
1976 0.513973053388012
1977 0.513973053388012
1978 0.513973053388012
1979 0.8989524787755047
1980 0.8989524787755047
1981 0.8989524787755047
1982 0.6739680354343542
1983 0.6739680354343542
1984 0.6739680354343542
1985 0.6537889656557684
1986 0.6537889656557684
1987 0.6537889656557684
1988 0.4840446941844881
1989 0.4840446941844881
1990 0.4840446941844881
1991 0.4648794651264952
1992 0.4648794651264952
1993 0.4648794651264952
1994 0.7651700162940566
1995 0.7651700162940566
1996 0.7651700162940566
1997 0.23859827366101427
1998 0.23859827366101427
1999 0.23859827366101427
