0 2.9902237412087933
1 2.9902237412087933
2 2.9902237412087933
3 4.165288418023509
4 4.165288418023509
5 4.165288418023509
6 3.773362557345763
7 3.773362557345763
8 3.773362557345763
9 1.5905382377968955
10 1.5905382377968955
11 1.5905382377968955
12 1.620542079834245
13 1.620542079834245
14 1.620542079834245
15 4.5657635949880016
16 4.5657635949880016
17 4.5657635949880016
18 0.3836409418660458
19 0.3836409418660458
20 0.3836409418660458
21 1.8402447652330642
22 1.8402447652330642
23 1.8402447652330642
24 3.518472616125617
25 3.518472616125617
26 3.518472616125617
27 5.336723650894923
28 5.336723650894923
29 5.336723650894923
30 2.2223695007937554
31 2.2223695007937554
32 2.2223695007937554
33 3.838788845199898
34 3.838788845199898
35 3.838788845199898
36 4.298121835801688
37 4.298121835801688
38 4.298121835801688
39 3.0918396569765303
40 3.0918396569765303
41 3.0918396569765303
42 1.8222478434091216
43 1.8222478434091216
44 1.8222478434091216
45 5.4095403250346035
46 5.4095403250346035
47 5.4095403250346035
48 4.677925349525218
49 4.677925349525218
50 4.677925349525218
51 2.823175987936803
52 2.823175987936803
53 2.823175987936803
54 2.3181733067387036
55 2.3181733067387036
56 2.3181733067387036
57 2.9607375696997607
58 2.9607375696997607
59 2.9607375696997607
60 4.172046480763081
61 4.172046480763081
62 4.172046480763081
63 3.758678992479677
64 3.758678992479677
65 3.758678992479677
66 4.370990605556106
67 4.370990605556106
68 4.370990605556106
69 2.833010865493463
70 2.833010865493463
71 2.833010865493463
72 3.6417920990638692
73 3.6417920990638692
74 3.6417920990638692
75 2.0068258697685595
76 2.0068258697685595
77 2.0068258697685595
78 4.6328157062764515
79 4.6328157062764515
80 4.6328157062764515
81 4.017880145864698
82 4.017880145864698
83 4.017880145864698
84 3.45783397418613
85 3.45783397418613
86 3.45783397418613
87 2.476269090028752
88 2.476269090028752
89 2.476269090028752
90 1.8699746025362995
91 1.8699746025362995
92 1.8699746025362995
93 1.4942973651122737
94 1.4942973651122737
95 1.4942973651122737
96 3.460657321886096
97 3.460657321886096
98 3.460657321886096
99 3.5982201810429197
100 3.5982201810429197
101 3.5982201810429197
102 3.2127255078079413
103 3.2127255078079413
104 2.4820488367811495
105 2.4820488367811495
106 2.4820488367811495
107 2.670881644187453
108 2.670881644187453
109 2.670881644187453
110 1.0808992128720076
111 1.0808992128720076
112 1.0808992128720076
113 1.4748164955549763
114 1.4748164955549763
115 1.4748164955549763
116 1.9071188751541754
117 1.9071188751541754
118 1.9071188751541754
119 1.4143104395625645
120 1.4143104395625645
121 1.4143104395625645
122 5.679038914793654
123 5.679038914793654
124 0.5049449674827273
125 0.5049449674827273
126 4.133947151467525
127 4.133947151467525
128 4.133947151467525
129 4.373499798069706
130 4.373499798069706
131 4.373499798069706
132 3.6994985613277813
133 3.6994985613277813
134 3.6994985613277813
135 4.393043589426526
136 4.393043589426526
137 4.393043589426526
138 4.215185883183703
139 4.215185883183703
140 4.215185883183703
141 4.386422860578205
142 4.386422860578205
143 4.386422860578205
144 6.062751007767755
145 6.062751007767755
146 6.062751007767755
147 3.6794148592834977
148 3.6794148592834977
149 3.6794148592834977
150 3.2326084761319684
151 3.2326084761319684
152 3.2326084761319684
153 2.094541249559966
154 2.094541249559966
155 2.094541249559966
156 4.9989250361951205
157 4.9989250361951205
158 4.9989250361951205
159 5.180872444913681
160 5.180872444913681
161 5.180872444913681
162 6.297059107713805
163 6.297059107713805
164 6.297059107713805
165 3.023725317667387
166 3.023725317667387
167 3.023725317667387
168 4.710198684845239
169 4.710198684845239
170 4.710198684845239
171 4.574006553966153
172 4.574006553966153
173 4.574006553966153
174 2.535204833303994
175 2.535204833303994
176 2.535204833303994
177 1.8747813950506993
178 1.8747813950506993
179 0.8485434910417711
180 0.8485434910417711
181 0.8485434910417711
182 0.9959677353896875
183 0.9959677353896875
184 0.9959677353896875
185 0.8003396622006079
186 0.8003396622006079
187 0.8003396622006079
188 0.6523152392375262
189 0.6523152392375262
190 0.6523152392375262
191 1.444353117800061
192 1.444353117800061
193 1.444353117800061
194 1.6965403150094014
195 1.6965403150094014
196 1.6965403150094014
197 1.5719660638044934
198 1.5719660638044934
199 1.5719660638044934
200 0.694913670176952
201 0.694913670176952
202 0.694913670176952
203 1.7195923741286863
204 3.5720372683125947
205 3.5720372683125947
206 3.5720372683125947
207 2.825251538714369
208 2.825251538714369
209 2.825251538714369
210 2.0632644636706448
211 2.0632644636706448
212 2.0632644636706448
213 2.966801252908292
214 2.966801252908292
215 2.966801252908292
216 2.073970593717215
217 2.073970593717215
218 2.073970593717215
219 3.433084467874618
220 3.433084467874618
221 3.433084467874618
222 2.2671465233186057
223 2.2671465233186057
224 2.2671465233186057
225 1.484578091485673
226 1.484578091485673
227 1.484578091485673
228 2.249746592742203
229 2.249746592742203
230 2.249746592742203
231 2.8727356151324104
232 2.8727356151324104
233 2.8727356151324104
234 1.7025647939417383
235 1.7025647939417383
236 1.7025647939417383
237 2.230357285823156
238 2.230357285823156
239 2.230357285823156
240 1.1889820301252059
241 1.1889820301252059
242 1.1889820301252059
243 1.9681951513135054
244 1.9681951513135054
245 1.9681951513135054
246 2.0528286063517243
247 2.0528286063517243
248 2.0528286063517243
249 2.198610504848298
250 2.198610504848298
251 2.198610504848298
252 2.3571029017228793
253 2.3571029017228793
254 2.3571029017228793
255 3.2010890419621045
256 3.2010890419621045
257 3.2010890419621045
258 1.2983972252324087
259 1.2983972252324087
260 1.2983972252324087
261 1.707045050435929
262 1.707045050435929
263 1.707045050435929
264 3.947541894505609
265 3.947541894505609
266 3.947541894505609
267 1.6708335497364997
268 1.6708335497364997
269 1.6708335497364997
270 1.969343483417106
271 1.969343483417106
272 1.969343483417106
273 3.406529119518897
274 3.406529119518897
275 3.406529119518897
276 3.707271411892596
277 3.707271411892596
278 3.707271411892596
279 1.0552768591161792
280 1.0552768591161792
281 1.0552768591161792
282 2.0972063737769804
283 2.0972063737769804
284 2.0972063737769804
285 2.4758392760732515
286 2.4758392760732515
287 1.8864493813552152
288 1.8864493813552152
289 1.8864493813552152
290 2.1141190613204675
291 2.1141190613204675
292 2.1141190613204675
293 1.385337306253886
294 1.385337306253886
295 1.385337306253886
296 2.6921253927578856
297 2.6921253927578856
298 2.6921253927578856
299 2.441362745866917
300 2.441362745866917
301 2.441362745866917
302 2.0658447394082993
303 2.0658447394082993
304 2.0658447394082993
305 2.1757223377402677
306 2.1757223377402677
307 2.1757223377402677
308 2.1809069033710005
309 2.1809069033710005
310 2.1809069033710005
311 1.927867800587906
312 1.927867800587906
313 1.927867800587906
314 1.8166320420781321
315 1.8166320420781321
316 1.8166320420781321
317 2.205269705572805
318 2.205269705572805
319 2.205269705572805
320 1.1110283915130925
321 1.1110283915130925
322 1.1110283915130925
323 1.4062029099357654
324 1.4062029099357654
325 1.4062029099357654
326 1.7249226114239002
327 1.7249226114239002
328 1.7249226114239002
329 3.3821542496370034
330 3.3821542496370034
331 3.3821542496370034
332 1.660697111770196
333 1.660697111770196
334 1.660697111770196
335 1.648666742310322
336 1.648666742310322
337 1.648666742310322
338 0.7729703237952292
339 0.7729703237952292
340 0.7729703237952292
341 2.39935359836984
342 2.39935359836984
343 2.39935359836984
344 1.5700453212631698
345 1.5700453212631698
346 1.5700453212631698
347 2.4561961478626917
348 1.1336688903754124
349 1.1336688903754124
350 1.1336688903754124
351 1.9534239524445165
352 1.9534239524445165
353 1.9534239524445165
354 2.7296384804921594
355 2.7296384804921594
356 2.7296384804921594
357 1.356373434136096
358 1.356373434136096
359 1.356373434136096
360 1.0850843804747106
361 1.0850843804747106
362 1.0850843804747106
363 2.432226753933185
364 2.432226753933185
365 2.432226753933185
366 1.3470348074939356
367 1.3470348074939356
368 1.3470348074939356
369 1.04711883952347
370 1.04711883952347
371 1.04711883952347
372 1.9911102810567634
373 1.9911102810567634
374 1.9911102810567634
375 1.6125548534388403
376 1.6125548534388403
377 1.6125548534388403
378 3.280074678339606
379 3.280074678339606
380 3.280074678339606
381 4.459543617010182
382 4.459543617010182
383 4.459543617010182
384 2.2151633347959803
385 2.2151633347959803
386 2.2151633347959803
387 2.942645343315152
388 2.942645343315152
389 2.942645343315152
390 3.6439653771720395
391 3.6439653771720395
392 3.6439653771720395
393 2.3746546299775355
394 2.3746546299775355
395 2.3746546299775355
396 3.611964778665462
397 3.611964778665462
398 3.611964778665462
399 2.979645071942734
400 2.979645071942734
401 2.979645071942734
402 2.9633805830838456
403 2.9633805830838456
404 2.9633805830838456
405 1.847279791781451
406 1.847279791781451
407 1.847279791781451
408 5.593761555772274
409 5.593761555772274
410 5.593761555772274
411 5.702684093072415
412 5.702684093072415
413 5.702684093072415
414 3.818294346228016
415 3.818294346228016
416 3.818294346228016
417 4.228868317163892
418 4.228868317163892
419 4.228868317163892
420 2.7269030609410576
421 1.68527580542412
422 1.68527580542412
423 1.68527580542412
424 1.5415979109845848
425 1.5415979109845848
426 1.5415979109845848
427 1.1677331490360934
428 1.1677331490360934
429 1.1677331490360934
430 1.1664309559356305
431 1.1664309559356305
432 1.1664309559356305
433 2.2862008798042304
434 2.2862008798042304
435 2.2862008798042304
436 1.75370290759617
437 1.75370290759617
438 3.852153051293291
439 3.852153051293291
440 3.852153051293291
441 2.2504819186494376
442 2.2504819186494376
443 2.2504819186494376
444 3.0838464269283143
445 3.0838464269283143
446 3.0838464269283143
447 1.2585124064341722
448 1.2585124064341722
449 1.2585124064341722
450 0.730885947990737
451 0.730885947990737
452 0.730885947990737
453 1.9042442735819907
454 1.9042442735819907
455 1.9042442735819907
456 2.5307173887230685
457 2.5307173887230685
458 2.5307173887230685
459 1.5517993101212773
460 1.5517993101212773
461 1.5517993101212773
462 2.2665323132562496
463 2.2665323132562496
464 2.2665323132562496
465 2.341913319943677
466 2.341913319943677
467 2.341913319943677
468 0.6050619649460947
469 0.6050619649460947
470 0.6050619649460947
471 2.148212309959613
472 2.148212309959613
473 2.148212309959613
474 3.349988850494018
475 3.349988850494018
476 3.349988850494018
477 3.2918160761218673
478 3.2918160761218673
479 3.2918160761218673
480 3.4129282663702982
481 3.4129282663702982
482 3.4129282663702982
483 2.7111094072500146
484 2.7111094072500146
485 2.7111094072500146
486 2.161641997966138
487 1.1708628567730028
488 1.1708628567730028
489 1.1708628567730028
490 0.7960203953905877
491 0.7960203953905877
492 0.7960203953905877
493 0.7445565520673245
494 0.7445565520673245
495 0.7445565520673245
496 0.7498176859381622
497 0.7498176859381622
498 2.7305656414584165
499 2.7305656414584165
500 2.7305656414584165
501 4.706918435727065
502 4.706918435727065
503 4.706918435727065
504 2.1352432152985763
505 2.1352432152985763
506 2.1352432152985763
507 1.7773994683517433
508 1.7773994683517433
509 1.7773994683517433
510 4.517256538667495
511 4.517256538667495
512 4.517256538667495
513 0.7465884029963239
514 0.7465884029963239
515 0.7465884029963239
516 2.314578467250363
517 2.314578467250363
518 2.314578467250363
519 2.2653591213352966
520 2.2653591213352966
521 2.2653591213352966
522 1.188025266512344
523 1.188025266512344
524 1.188025266512344
525 3.399170500041938
526 3.399170500041938
527 3.399170500041938
528 0.902929394401347
529 0.902929394401347
530 0.902929394401347
531 2.939144691427683
532 2.939144691427683
533 2.939144691427683
534 1.1357646849352376
535 1.1357646849352376
536 1.1357646849352376
537 4.7331383707847445
538 4.7331383707847445
539 4.7331383707847445
540 1.084812790093058
541 1.084812790093058
542 1.084812790093058
543 2.6954725122968064
544 2.6954725122968064
545 2.6954725122968064
546 3.32128572946296
547 3.32128572946296
548 3.32128572946296
549 2.3875906339056234
550 2.3875906339056234
551 2.3875906339056234
552 4.416281271303539
553 4.416281271303539
554 4.416281271303539
555 1.6750467774064675
556 1.6750467774064675
557 2.179057700762762
558 2.179057700762762
559 2.179057700762762
560 4.400973686535927
561 4.400973686535927
562 4.400973686535927
563 6.259876271429484
564 6.259876271429484
565 6.259876271429484
566 3.451680382919463
567 3.451680382919463
568 3.451680382919463
569 2.0687092617114877
570 2.0687092617114877
571 2.0687092617114877
572 4.822500531717206
573 4.822500531717206
574 4.822500531717206
575 4.961441556937402
576 4.961441556937402
577 4.961441556937402
578 5.743867979776146
579 5.743867979776146
580 5.743867979776146
581 2.933567705508336
582 2.933567705508336
583 2.933567705508336
584 6.931716115045477
585 6.931716115045477
586 6.931716115045477
587 5.146399898879485
588 5.146399898879485
589 5.146399898879485
590 2.389848060045294
591 2.389848060045294
592 1.4446142986539892
593 1.4446142986539892
594 1.4446142986539892
595 1.893296203625864
596 1.893296203625864
597 1.893296203625864
598 2.697173829731306
599 2.697173829731306
600 2.697173829731306
601 2.075909886660593
602 2.075909886660593
603 2.075909886660593
604 0.4064881329483261
605 0.4064881329483261
606 0.4064881329483261
607 1.1590333158286166
608 1.1590333158286166
609 1.1590333158286166
610 2.3750345627951073
611 2.3750345627951073
612 2.3750345627951073
613 1.774462635992372
614 1.774462635992372
615 1.774462635992372
616 1.7264128271433088
617 1.7264128271433088
618 1.7264128271433088
619 1.1878438972681973
620 1.1878438972681973
621 1.1878438972681973
622 1.7345717613533753
623 1.7345717613533753
624 2.069036971407747
625 2.069036971407747
626 2.377143186211941
627 2.377143186211941
628 2.377143186211941
629 1.8688511412928785
630 1.8688511412928785
631 1.8688511412928785
632 6.89837538481188
633 6.89837538481188
634 6.89837538481188
635 3.93368625440076
636 3.93368625440076
637 3.93368625440076
638 3.985520557199964
639 3.985520557199964
640 3.985520557199964
641 5.147909329858029
642 5.147909329858029
643 5.147909329858029
644 5.076937606449478
645 5.076937606449478
646 5.076937606449478
647 4.084250484640624
648 4.084250484640624
649 4.084250484640624
650 3.6327722457339067
651 3.6327722457339067
652 3.6327722457339067
653 3.827729914367207
654 3.827729914367207
655 3.827729914367207
656 1.536281876083974
657 1.536281876083974
658 1.536281876083974
659 3.1202863654799518
660 3.1202863654799518
661 3.1202863654799518
662 4.1895692548126755
663 4.1895692548126755
664 4.1895692548126755
665 7.231190798449847
666 7.231190798449847
667 7.231190798449847
668 5.225309720763665
669 5.225309720763665
670 5.225309720763665
671 4.7672144375297325
672 4.7672144375297325
673 4.7672144375297325
674 2.848795334027656
675 2.848795334027656
676 2.848795334027656
677 5.036508994554401
678 5.036508994554401
679 5.036508994554401
680 3.1808041214357097
681 3.1808041214357097
682 3.1808041214357097
683 5.117544125964025
684 5.117544125964025
685 5.117544125964025
686 4.092087798060682
687 4.092087798060682
688 4.092087798060682
689 3.7933510616007418
690 3.7933510616007418
691 3.7933510616007418
692 2.035281656331066
693 2.035281656331066
694 2.035281656331066
695 1.5927344302609052
696 1.5927344302609052
697 1.5927344302609052
698 1.2022359469980075
699 1.2022359469980075
700 1.2022359469980075
701 1.699242047377655
702 1.699242047377655
703 1.699242047377655
704 1.685662727018423
705 1.685662727018423
706 1.685662727018423
707 2.8569070700131562
708 2.8569070700131562
709 2.8569070700131562
710 1.2792737841342467
711 1.2792737841342467
712 1.2792737841342467
713 0.6692408493840876
714 0.6692408493840876
715 0.6692408493840876
716 0.7418420594823072
717 0.7418420594823072
718 0.7418420594823072
719 0.543774043666485
720 0.543774043666485
721 0.543774043666485
722 1.169665648316802
723 1.169665648316802
724 1.169665648316802
725 0.9390080913653176
726 0.9390080913653176
727 0.9390080913653176
728 1.2146824832799397
729 1.2146824832799397
730 1.2146824832799397
731 0.768204619027901
732 0.768204619027901
733 0.768204619027901
734 1.222301708888482
735 1.222301708888482
736 1.222301708888482
737 0.8405257817302547
738 0.8405257817302547
739 0.8405257817302547
740 0.6902204253014587
741 0.6902204253014587
742 0.6902204253014587
743 1.6522567909107897
744 1.6522567909107897
745 1.6522567909107897
746 1.0948602956463245
747 2.437224081177463
748 2.437224081177463
749 2.437224081177463
750 2.2740256516814266
751 2.2740256516814266
752 2.2740256516814266
753 3.0787442931392865
754 3.0787442931392865
755 3.0787442931392865
756 3.0507822901803934
757 3.0507822901803934
758 3.0507822901803934
759 1.540863237386981
760 1.540863237386981
761 1.540863237386981
762 2.6098178962538823
763 2.6098178962538823
764 2.4318940824879545
765 2.4318940824879545
766 2.4318940824879545
767 3.5787945907941676
768 3.5787945907941676
769 3.5787945907941676
770 2.9243626968183527
771 2.9243626968183527
772 2.9243626968183527
773 2.7107948394137664
774 2.7107948394137664
775 2.7107948394137664
776 3.1015846179159134
777 3.1015846179159134
778 3.1015846179159134
779 1.3646633140758553
780 1.3646633140758553
781 1.3646633140758553
782 3.0968799900021082
783 3.0968799900021082
784 3.0968799900021082
785 2.7048477929234944
786 2.7048477929234944
787 2.7048477929234944
788 3.7395147407640192
789 3.7395147407640192
790 3.7395147407640192
791 3.544564300962022
792 3.544564300962022
793 3.544564300962022
794 1.2528530024905709
795 1.2528530024905709
796 1.2528530024905709
797 3.9473046777104597
798 2.0392843059362877
799 2.0392843059362877
800 2.0392843059362877
801 1.969509968795605
802 1.969509968795605
803 1.969509968795605
804 2.8233151043326754
805 2.8233151043326754
806 1.6094164520653067
807 1.6094164520653067
808 1.6094164520653067
809 2.150705763352266
810 2.150705763352266
811 2.150705763352266
812 2.5697430254112947
813 2.5697430254112947
814 2.5697430254112947
815 1.1783530732689242
816 1.1783530732689242
817 1.1783530732689242
818 0.7651238612301862
819 0.7651238612301862
820 0.7651238612301862
821 1.9681793185573184
822 1.9681793185573184
823 1.9681793185573184
824 1.741037037361888
825 1.741037037361888
826 1.741037037361888
827 1.5777355602325993
828 1.5777355602325993
829 1.5777355602325993
830 2.046174084988916
831 2.046174084988916
832 2.046174084988916
833 1.5052199090377238
834 1.5052199090377238
835 1.5052199090377238
836 1.3381443833594484
837 1.3381443833594484
838 1.3381443833594484
839 1.0879594671456334
840 1.0879594671456334
841 1.0879594671456334
842 1.5152197193247308
843 1.5152197193247308
844 1.5152197193247308
845 0.8251260366110712
846 4.049217632731133
847 4.049217632731133
848 4.049217632731133
849 1.3140065238878575
850 1.6804035468745109
851 1.6804035468745109
852 1.6804035468745109
853 3.249066142872076
854 3.249066142872076
855 3.249066142872076
856 1.854544702140357
857 1.854544702140357
858 1.854544702140357
859 2.783700372061313
860 2.783700372061313
861 2.783700372061313
862 1.1945143271533976
863 1.1945143271533976
864 1.1945143271533976
865 2.198507539015628
866 2.217113200501382
867 2.217113200501382
868 2.217113200501382
869 0.8428193252131111
870 0.8428193252131111
871 0.8428193252131111
872 2.7314647755867765
873 2.7314647755867765
874 2.7314647755867765
875 5.056320999027214
876 5.056320999027214
877 5.056320999027214
878 2.9131574938465756
879 2.9131574938465756
880 2.9131574938465756
881 3.533203186003152
882 3.533203186003152
883 3.533203186003152
884 2.4699071532049133
885 2.4699071532049133
886 2.4699071532049133
887 2.3179114340468607
888 2.3179114340468607
889 2.3179114340468607
890 4.2100913415050405
891 4.2100913415050405
892 4.2100913415050405
893 2.2702314672104147
894 2.2702314672104147
895 2.2702314672104147
896 2.5104208388149134
897 2.5104208388149134
898 2.5104208388149134
899 2.994884212217511
900 2.994884212217511
901 2.994884212217511
902 3.046481485689748
903 3.046481485689748
904 3.046481485689748
905 3.1999223723771375
906 3.1999223723771375
907 3.1999223723771375
908 1.986373014437134
909 1.986373014437134
910 1.986373014437134
911 2.871432216770036
912 2.871432216770036
913 0.7884759894410341
914 0.7884759894410341
915 0.7884759894410341
916 0.4917716975682734
917 0.4917716975682734
918 0.4917716975682734
919 0.8963932521739684
920 0.8963932521739684
921 0.8963932521739684
922 0.5287862412115686
923 0.5287862412115686
924 0.5287862412115686
925 1.205965654672653
926 1.205965654672653
927 1.205965654672653
928 1.3119582415525088
929 1.3119582415525088
930 1.3119582415525088
931 0.8554215464301151
932 0.8554215464301151
933 0.8554215464301151
934 0.4281762762212868
935 0.4281762762212868
936 0.4281762762212868
937 0.5846864365583666
938 0.5846864365583666
939 0.5846864365583666
940 0.5514071104687324
941 0.5514071104687324
942 0.5514071104687324
943 0.3276401214728719
944 0.3276401214728719
945 0.3276401214728719
946 0.7991736003906196
947 0.7991736003906196
948 0.7991736003906196
949 0.7625926113360066
950 0.7625926113360066
951 0.7625926113360066
952 0.5700845555685073
953 0.5700845555685073
954 0.5700845555685073
955 0.6183299315653693
956 0.6183299315653693
957 0.6183299315653693
958 0.6659108227192528
959 0.6659108227192528
960 0.6659108227192528
961 0.6016060174822165
962 0.6016060174822165
963 0.6016060174822165
964 0.8475089489555194
965 0.8475089489555194
966 0.8475089489555194
967 0.3645877445167458
968 0.3645877445167458
969 0.3645877445167458
970 0.44236383011882985
971 0.44236383011882985
972 0.44236383011882985
973 0.7203772832386629
974 0.7203772832386629
975 0.7203772832386629
976 0.7229228038218036
977 0.7229228038218036
978 0.7229228038218036
979 0.5265358703260563
980 0.5265358703260563
981 0.5265358703260563
982 0.36077356908617497
983 0.36077356908617497
984 0.36077356908617497
985 0.6021888910010114
986 0.6021888910010114
987 0.6021888910010114
988 0.3514374946996086
989 0.3514374946996086
990 0.3514374946996086
991 0.49235125743403274
992 0.49235125743403274
993 0.49235125743403274
994 0.8648995642096178
995 0.8648995642096178
996 0.8648995642096178
997 0.5232792595213708
998 1.3093793605006425
999 1.3093793605006425
1000 2.7961515343038736
1001 2.7961515343038736
1002 2.7961515343038736
1003 0.9806614860685747
1004 0.9806614860685747
1005 0.9806614860685747
1006 2.6940099336637573
1007 2.6940099336637573
1008 2.6940099336637573
1009 2.5842811886984713
1010 2.5842811886984713
1011 2.5842811886984713
1012 2.3627470857835586
1013 1.067460711990898
1014 1.067460711990898
1015 1.067460711990898
1016 1.5909972717482637
1017 1.5909972717482637
1018 1.5909972717482637
1019 2.1821462046998263
1020 2.1821462046998263
1021 2.1821462046998263
1022 2.0114192580281514
1023 2.0114192580281514
1024 2.0114192580281514
1025 2.286917440887639
1026 2.286917440887639
1027 2.286917440887639
1028 0.7436910342747678
1029 0.7436910342747678
1030 0.7436910342747678
1031 1.8278854524922605
1032 1.8278854524922605
1033 1.8278854524922605
1034 1.1733503891739125
1035 1.1733503891739125
1036 1.1733503891739125
1037 1.2705866744163206
1038 1.2705866744163206
1039 1.7888316198917633
1040 1.7888316198917633
1041 1.7888316198917633
1042 5.577728582901491
1043 5.577728582901491
1044 5.577728582901491
1045 4.9692390109397095
1046 4.9692390109397095
1047 4.9692390109397095
1048 3.7280409451757657
1049 3.7280409451757657
1050 3.7280409451757657
1051 4.389089236700242
1052 4.389089236700242
1053 4.389089236700242
1054 2.233288563556563
1055 2.233288563556563
1056 2.233288563556563
1057 2.544222217396984
1058 2.544222217396984
1059 2.544222217396984
1060 6.762588032424297
1061 6.762588032424297
1062 6.762588032424297
1063 3.762831815973581
1064 3.762831815973581
1065 3.762831815973581
1066 2.7483461646602834
1067 2.7483461646602834
1068 2.7483461646602834
1069 2.484376955946545
1070 2.484376955946545
1071 2.484376955946545
1072 1.9431150805070811
1073 1.9431150805070811
1074 1.9431150805070811
1075 6.154053379757023
1076 6.154053379757023
1077 6.154053379757023
1078 2.5589593334879175
1079 2.5589593334879175
1080 2.5589593334879175
1081 6.673933630734997
1082 6.673933630734997
1083 6.673933630734997
1084 4.967344960901376
1085 4.967344960901376
1086 4.967344960901376
1087 4.515153605331834
1088 4.515153605331834
1089 4.515153605331834
1090 3.6967905413968065
1091 3.6967905413968065
1092 3.6967905413968065
1093 1.467535900330044
1094 1.467535900330044
1095 1.467535900330044
1096 6.818120825189403
1097 6.818120825189403
1098 6.818120825189403
1099 3.347032985378306
1100 3.347032985378306
1101 3.347032985378306
1102 5.363497172240933
1103 5.363497172240933
1104 5.363497172240933
1105 3.968087171813733
1106 3.968087171813733
1107 3.968087171813733
1108 5.829911079629616
1109 5.829911079629616
1110 5.829911079629616
1111 3.977207200658329
1112 3.977207200658329
1113 3.977207200658329
1114 4.620028693541304
1115 4.620028693541304
1116 4.620028693541304
1117 3.5121854158687746
1118 3.5121854158687746
1119 3.5121854158687746
1120 4.409205509664138
1121 4.409205509664138
1122 4.409205509664138
1123 3.797940802343483
1124 3.797940802343483
1125 3.797940802343483
1126 4.185585300535141
1127 4.185585300535141
1128 4.185585300535141
1129 2.6077720273255487
1130 2.6077720273255487
1131 2.6077720273255487
1132 2.7664320240434668
1133 2.7664320240434668
1134 2.7664320240434668
1135 3.419787577912091
1136 3.419787577912091
1137 3.419787577912091
1138 2.778621480243406
1139 2.778621480243406
1140 2.778621480243406
1141 2.839347619970678
1142 2.839347619970678
1143 2.839347619970678
1144 3.938428629008335
1145 3.938428629008335
1146 3.938428629008335
1147 4.960268218606951
1148 4.960268218606951
1149 4.960268218606951
1150 3.0529300695618398
1151 3.0529300695618398
1152 3.0529300695618398
1153 6.131798036697393
1154 2.6220007013990614
1155 2.6220007013990614
1156 2.6220007013990614
1157 3.4118059928427393
1158 3.4118059928427393
1159 3.4118059928427393
1160 3.6003001715424925
1161 3.3050825776274033
1162 3.3050825776274033
1163 3.3050825776274033
1164 5.271582427369362
1165 5.271582427369362
1166 1.4328154350264843
1167 1.4328154350264843
1168 1.4328154350264843
1169 1.875099046795253
1170 1.875099046795253
1171 1.875099046795253
1172 4.396180503320407
1173 4.396180503320407
1174 4.396180503320407
1175 1.8515772183249615
1176 1.8515772183249615
1177 1.8515772183249615
1178 3.6583550557709215
1179 3.6583550557709215
1180 3.6583550557709215
1181 2.9585638191959958
1182 2.9585638191959958
1183 2.9585638191959958
1184 2.297757372927461
1185 2.297757372927461
1186 2.297757372927461
1187 2.4607518130587285
1188 2.4607518130587285
1189 2.4607518130587285
1190 2.19688531035905
1191 2.19688531035905
1192 2.19688531035905
1193 0.8796160258571226
1194 0.8796160258571226
1195 0.8796160258571226
1196 2.4464932927652465
1197 2.4464932927652465
1198 2.4464932927652465
1199 1.9909772354464816
1200 1.9909772354464816
1201 1.9909772354464816
1202 3.1707364799683235
1203 3.1707364799683235
1204 3.1707364799683235
1205 2.0260740753173425
1206 2.0260740753173425
1207 2.0260740753173425
1208 3.2034561336201124
1209 3.2034561336201124
1210 3.2034561336201124
1211 3.1371188224818796
1212 3.1371188224818796
1213 3.1371188224818796
1214 1.9341060807702342
1215 1.9341060807702342
1216 1.9341060807702342
1217 1.982613928870126
1218 1.982613928870126
1219 1.982613928870126
1220 3.9289330652936174
1221 3.9289330652936174
1222 3.9289330652936174
1223 1.5840288286502575
1224 1.5840288286502575
1225 1.5840288286502575
1226 3.688822557510398
1227 3.688822557510398
1228 3.688822557510398
1229 2.6958933468953177
1230 2.6958933468953177
1231 2.6958933468953177
1232 2.1944964722871347
1233 2.1944964722871347
1234 2.1944964722871347
1235 2.7052171315879794
1236 2.7052171315879794
1237 2.7052171315879794
1238 1.8237440996964662
1239 1.8237440996964662
1240 1.8237440996964662
1241 2.7074250966184743
1242 2.7074250966184743
1243 2.7074250966184743
1244 3.1790519648764586
1245 3.1790519648764586
1246 3.1790519648764586
1247 3.0045599693692053
1248 3.0045599693692053
1249 3.0045599693692053
1250 1.2322720626041184
1251 1.2322720626041184
1252 1.2322720626041184
1253 2.7048103133850314
1254 2.7048103133850314
1255 2.7048103133850314
1256 2.4060140737715145
1257 2.4060140737715145
1258 2.4060140737715145
1259 1.997082545408422
1260 1.997082545408422
1261 1.997082545408422
1262 3.176899014170413
1263 3.176899014170413
1264 3.176899014170413
1265 2.494283275016745
1266 2.494283275016745
1267 2.494283275016745
1268 2.487627601586497
1269 2.487627601586497
1270 2.487627601586497
1271 1.6776514812818006
1272 1.6776514812818006
1273 1.6776514812818006
1274 2.4312283622532407
1275 2.4312283622532407
1276 2.4312283622532407
1277 2.9518143031811124
1278 2.9518143031811124
1279 2.9518143031811124
1280 1.2024832113717707
1281 1.2024832113717707
1282 1.2024832113717707
1283 1.2880510730499053
1284 1.2880510730499053
1285 1.2880510730499053
1286 1.0962829598611843
1287 1.0962829598611843
1288 1.0962829598611843
1289 1.3504840070063562
1290 1.3504840070063562
1291 1.3504840070063562
1292 1.417607928379758
1293 1.417607928379758
1294 1.417607928379758
1295 1.5463268524076759
1296 1.5463268524076759
1297 1.5463268524076759
1298 1.4340622048831673
1299 1.4340622048831673
1300 1.4340622048831673
1301 1.3965057317056826
1302 1.3965057317056826
1303 1.3965057317056826
1304 1.2475425039385037
1305 1.2475425039385037
1306 1.2475425039385037
1307 1.1949179954877818
1308 1.1949179954877818
1309 1.1949179954877818
1310 1.5569422189593092
1311 1.5569422189593092
1312 1.5569422189593092
1313 1.3238044865745713
1314 1.3238044865745713
1315 1.3238044865745713
1316 1.168226147810855
1317 1.168226147810855
1318 1.168226147810855
1319 0.5945028949196755
1320 0.5945028949196755
1321 0.5945028949196755
1322 1.0910148883505637
1323 1.0910148883505637
1324 5.005806974480743
1325 5.005806974480743
1326 5.005806974480743
1327 2.9085331543332846
1328 2.9085331543332846
1329 2.9085331543332846
1330 4.7663778837455455
1331 4.7663778837455455
1332 4.7663778837455455
1333 2.3885811760549274
1334 2.3885811760549274
1335 2.3885811760549274
1336 4.645534763444092
1337 4.645534763444092
1338 4.645534763444092
1339 3.016912420232279
1340 3.016912420232279
1341 3.016912420232279
1342 3.0031258830008283
1343 3.0031258830008283
1344 3.0031258830008283
1345 3.8639712231663714
1346 3.8639712231663714
1347 3.8639712231663714
1348 3.8032306753965264
1349 3.8032306753965264
1350 3.8032306753965264
1351 4.667796346324333
1352 4.667796346324333
1353 4.667796346324333
1354 4.23314362445769
1355 4.23314362445769
1356 4.23314362445769
1357 5.475020151082182
1358 5.475020151082182
1359 1.7349076604576426
1360 1.7349076604576426
1361 1.7349076604576426
1362 1.7538726070750168
1363 1.7538726070750168
1364 1.7538726070750168
1365 2.3308486285572805
1366 2.3308486285572805
1367 2.3308486285572805
1368 1.626087525784878
1369 1.626087525784878
1370 1.626087525784878
1371 2.9724604499510954
1372 2.9724604499510954
1373 2.9724604499510954
1374 2.298083287587344
1375 2.298083287587344
1376 2.298083287587344
1377 2.2923493494683926
1378 2.2923493494683926
1379 2.2923493494683926
1380 1.8937300570502336
1381 1.8937300570502336
1382 1.8937300570502336
1383 1.39978756655124
1384 1.39978756655124
1385 1.39978756655124
1386 1.2066850974042143
1387 1.2066850974042143
1388 1.2066850974042143
1389 1.542052764719542
1390 1.542052764719542
1391 1.542052764719542
1392 1.2091496962482913
1393 1.2091496962482913
1394 1.2091496962482913
1395 2.5499470354027336
1396 2.5499470354027336
1397 2.5499470354027336
1398 1.6872461307981002
1399 1.6872461307981002
1400 1.6872461307981002
1401 1.4326381773995172
1402 1.4326381773995172
1403 1.4326381773995172
1404 1.6708132719489912
1405 1.6708132719489912
1406 1.6708132719489912
1407 1.002132306126171
1408 1.002132306126171
1409 1.002132306126171
1410 1.5758113109650476
1411 1.5758113109650476
1412 1.5758113109650476
1413 1.8482061637451022
1414 1.8482061637451022
1415 1.8482061637451022
1416 1.4717819808790757
1417 1.4717819808790757
1418 1.4717819808790757
1419 2.9278862999853352
1420 2.9278862999853352
1421 2.9278862999853352
1422 1.2607481319835323
1423 1.2607481319835323
1424 1.2607481319835323
1425 2.11335853411897
1426 2.11335853411897
1427 2.11335853411897
1428 1.9675961053913278
1429 1.9675961053913278
1430 1.9675961053913278
1431 0.5631499602569157
1432 0.5631499602569157
1433 0.5631499602569157
1434 2.6930002994937596
1435 2.6930002994937596
1436 2.6930002994937596
1437 1.434008723447115
1438 2.44191891614681
1439 2.44191891614681
1440 2.44191891614681
1441 4.742205175014181
1442 4.742205175014181
1443 4.742205175014181
1444 3.1345029684688765
1445 3.1345029684688765
1446 3.1345029684688765
1447 5.2668498224906255
1448 5.2668498224906255
1449 5.2668498224906255
1450 6.810416915769073
1451 6.810416915769073
1452 6.810416915769073
1453 3.5064501259442196
1454 3.5064501259442196
1455 3.5064501259442196
1456 3.804757207882953
1457 3.804757207882953
1458 3.804757207882953
1459 3.518520995259573
1460 3.518520995259573
1461 3.518520995259573
1462 5.229722246225287
1463 5.229722246225287
1464 5.229722246225287
1465 6.017651601424502
1466 6.017651601424502
1467 6.017651601424502
1468 6.6372272769323395
1469 6.6372272769323395
1470 6.6372272769323395
1471 2.125468813485065
1472 2.125468813485065
1473 2.125468813485065
1474 2.7436068767802686
1475 2.7436068767802686
1476 2.7436068767802686
1477 2.7931608160006403
1478 2.7931608160006403
1479 2.7931608160006403
1480 1.5464725650585958
1481 1.5464725650585958
1482 1.5464725650585958
1483 1.312107549496604
1484 1.312107549496604
1485 1.312107549496604
1486 1.8151070142493388
1487 1.8151070142493388
1488 1.8151070142493388
1489 2.8078731212468178
1490 2.8078731212468178
1491 2.8078731212468178
1492 2.5347859838259192
1493 2.5347859838259192
1494 2.5347859838259192
1495 2.3521158329421006
1496 2.3521158329421006
1497 2.3521158329421006
1498 1.432614446912022
1499 1.432614446912022
1500 1.432614446912022
1501 2.802301254551866
1502 2.802301254551866
1503 2.802301254551866
1504 2.6237067965913656
1505 2.6237067965913656
1506 2.6237067965913656
1507 2.7101570594225612
1508 2.7101570594225612
1509 2.7101570594225612
1510 1.81848706183872
1511 1.81848706183872
1512 1.81848706183872
1513 1.6500043225888965
1514 1.6500043225888965
1515 2.0773386338102324
1516 2.0773386338102324
1517 2.0773386338102324
1518 0.8052345172388545
1519 0.8052345172388545
1520 0.8052345172388545
1521 1.6717578030532172
1522 1.6717578030532172
1523 1.6717578030532172
1524 2.492372941228753
1525 2.492372941228753
1526 2.492372941228753
1527 1.3338839223666399
1528 1.3338839223666399
1529 1.3338839223666399
1530 1.4873971766598184
1531 1.4873971766598184
1532 1.4873971766598184
1533 1.7887618345133414
1534 1.7887618345133414
1535 1.7887618345133414
1536 1.8368622917359827
1537 1.8368622917359827
1538 1.8368622917359827
1539 2.305916251516651
1540 2.305916251516651
1541 2.305916251516651
1542 2.0851839375004526
1543 2.0851839375004526
1544 2.0851839375004526
1545 2.33623980677058
1546 2.33623980677058
1547 2.33623980677058
1548 1.962391399308482
1549 1.962391399308482
1550 1.962391399308482
1551 2.5042965763350766
1552 2.5042965763350766
1553 2.5042965763350766
1554 1.3491875442950612
1555 1.3491875442950612
1556 1.3491875442950612
1557 0.7205980483800442
1558 0.7205980483800442
1559 0.7205980483800442
1560 1.2430802890938002
1561 1.2430802890938002
1562 1.2430802890938002
1563 1.5055670973928226
1564 1.5055670973928226
1565 1.5055670973928226
1566 0.3692797541619022
1567 0.3692797541619022
1568 0.3692797541619022
1569 1.912995733849804
1570 1.912995733849804
1571 1.912995733849804
1572 2.0523631296576106
1573 2.0523631296576106
1574 2.0523631296576106
1575 1.8037794003615282
1576 1.8037794003615282
1577 1.8037794003615282
1578 1.4547520402384608
1579 1.1908565634228658
1580 1.1908565634228658
1581 1.1908565634228658
1582 0.8257974058003454
1583 0.8257974058003454
1584 0.8257974058003454
1585 1.467480853022614
1586 1.467480853022614
1587 0.5067034916247033
1588 0.5067034916247033
1589 0.5067034916247033
1590 0.8307229049454549
1591 0.8307229049454549
1592 0.8307229049454549
1593 0.707357803734275
1594 0.707357803734275
1595 0.707357803734275
1596 0.6082533517338675
1597 0.6082533517338675
1598 0.6082533517338675
1599 0.4832485349881792
1600 0.4832485349881792
1601 0.4832485349881792
1602 0.7348818553505676
1603 0.7348818553505676
1604 0.7348818553505676
1605 0.7510671700940371
1606 0.7510671700940371
1607 0.7510671700940371
1608 0.5237300074017655
1609 0.5237300074017655
1610 0.5237300074017655
1611 0.7202129413265383
1612 0.7202129413265383
1613 0.7202129413265383
1614 0.6999589139614131
1615 6.687673488419306
1616 6.687673488419306
1617 6.687673488419306
1618 4.377978848011336
1619 4.377978848011336
1620 4.377978848011336
1621 3.5804497512426363
1622 3.5804497512426363
1623 3.5804497512426363
1624 3.4493125459344283
1625 3.4493125459344283
1626 3.4493125459344283
1627 3.7081486621031896
1628 3.7081486621031896
1629 3.7081486621031896
1630 4.164742410543646
1631 4.164742410543646
1632 4.164742410543646
1633 3.368331130523364
1634 3.368331130523364
1635 3.368331130523364
1636 3.4324338183183687
1637 3.4324338183183687
1638 3.4324338183183687
1639 2.994710493496852
1640 2.994710493496852
1641 2.994710493496852
1642 2.6048990139411794
1643 2.6048990139411794
1644 1.2663029629296312
1645 1.2663029629296312
1646 1.2663029629296312
1647 1.9519674298267229
1648 1.9519674298267229
1649 1.9519674298267229
1650 1.1509132172110514
1651 1.1509132172110514
1652 1.1509132172110514
1653 2.498367380159779
1654 2.498367380159779
1655 2.498367380159779
1656 3.3829244149660775
1657 3.3829244149660775
1658 3.3829244149660775
1659 1.9056395224745983
1660 1.9056395224745983
1661 1.9056395224745983
1662 1.5943878149991197
1663 1.5943878149991197
1664 1.5943878149991197
1665 1.4201582234460177
1666 1.4201582234460177
1667 2.0600194590609866
1668 2.0600194590609866
1669 2.0600194590609866
1670 4.685521022061715
1671 4.685521022061715
1672 4.685521022061715
1673 3.303480066665137
1674 3.303480066665137
1675 4.482416177490212
1676 4.482416177490212
1677 1.8755882390985403
1678 1.8755882390985403
1679 1.8755882390985403
1680 1.8163289552489854
1681 1.8163289552489854
1682 1.8163289552489854
1683 1.0481734532027676
1684 1.0481734532027676
1685 1.0481734532027676
1686 1.8774736398167724
1687 1.8774736398167724
1688 1.8774736398167724
1689 0.15716281234525215
1690 0.15716281234525215
1691 0.15716281234525215
1692 0.18749024050288748
1693 0.18749024050288748
1694 0.18749024050288748
1695 0.21792550403571487
1696 0.21792550403571487
1697 0.21792550403571487
1698 0.17478693504356385
1699 0.17478693504356385
1700 0.17478693504356385
1701 4.333238712776516
1702 4.333238712776516
1703 4.333238712776516
1704 3.373689997654518
1705 3.373689997654518
1706 3.373689997654518
1707 3.066609558902853
1708 3.066609558902853
1709 3.066609558902853
1710 3.4768262331369426
1711 3.4768262331369426
1712 3.4768262331369426
1713 1.7648451608889606
1714 1.7648451608889606
1715 1.7648451608889606
1716 1.4764358403685671
1717 1.4764358403685671
1718 1.4764358403685671
1719 1.9992434832349943
1720 1.9992434832349943
1721 1.9992434832349943
1722 3.0773075342575575
1723 3.0773075342575575
1724 3.0773075342575575
1725 2.8482031717454097
1726 2.8482031717454097
1727 2.8482031717454097
1728 2.5597622591810802
1729 2.5597622591810802
1730 2.5597622591810802
1731 3.339976892950766
1732 3.339976892950766
1733 3.339976892950766
1734 1.8885843557259587
1735 1.8885843557259587
1736 1.8885843557259587
1737 2.513607319341184
1738 2.513607319341184
1739 2.513607319341184
1740 2.023121365665272
1741 2.023121365665272
1742 2.023121365665272
1743 1.6475655176409618
1744 1.6475655176409618
1745 1.6475655176409618
1746 2.032619569719592
1747 2.032619569719592
1748 2.032619569719592
1749 3.384497139769171
1750 3.384497139769171
1751 3.384497139769171
1752 1.362722951884302
1753 1.362722951884302
1754 1.362722951884302
1755 3.1541975446395307
1756 3.1541975446395307
1757 3.1541975446395307
1758 3.6603073962023416
1759 3.6603073962023416
1760 3.6603073962023416
1761 1.6251856584887379
1762 1.6251856584887379
1763 1.6251856584887379
1764 4.136575206208059
1765 4.136575206208059
1766 4.136575206208059
1767 1.9572022169315022
1768 1.9572022169315022
1769 1.9572022169315022
1770 3.222327361034874
1771 3.222327361034874
1772 3.222327361034874
1773 2.0946182103162037
1774 2.0946182103162037
1775 2.0946182103162037
1776 2.294130397385056
1777 2.294130397385056
1778 2.294130397385056
1779 1.200266293675525
1780 1.200266293675525
1781 1.200266293675525
1782 3.1865682081097306
1783 3.1865682081097306
1784 3.1865682081097306
1785 2.135121822614505
1786 2.135121822614505
1787 2.135121822614505
1788 3.291101329743693
1789 3.291101329743693
1790 3.291101329743693
1791 2.991030045735368
1792 2.991030045735368
1793 2.991030045735368
1794 2.172800952575366
1795 2.172800952575366
1796 2.172800952575366
1797 2.4034926700669943
1798 2.4034926700669943
1799 2.4034926700669943
1800 2.316208419707626
1801 2.316208419707626
1802 2.316208419707626
1803 0.9890554295276122
1804 0.9890554295276122
1805 0.9890554295276122
1806 2.3859175242219592
1807 2.3859175242219592
1808 2.3859175242219592
1809 2.132947025323862
1810 2.132947025323862
1811 2.132947025323862
1812 3.0604638319714796
1813 3.0604638319714796
1814 3.0604638319714796
1815 3.833324126202645
1816 3.833324126202645
1817 3.833324126202645
1818 2.453392198102885
1819 2.453392198102885
1820 2.453392198102885
1821 3.3240709039646026
1822 3.3240709039646026
1823 3.3240709039646026
1824 0.7054839500108123
1825 0.7054839500108123
1826 0.7054839500108123
1827 1.7590629141840566
1828 1.7590629141840566
1829 1.7590629141840566
1830 3.0940590070785925
1831 3.0940590070785925
1832 3.0940590070785925
1833 6.2330243235716445
1834 6.2330243235716445
1835 6.2330243235716445
1836 4.146574214765394
1837 4.146574214765394
1838 4.146574214765394
1839 2.030002293226234
1840 2.030002293226234
1841 2.030002293226234
1842 1.6017559838368638
1843 1.6017559838368638
1844 1.6017559838368638
1845 2.0517808766404944
1846 2.0517808766404944
1847 2.0517808766404944
1848 2.058024877382538
1849 2.058024877382538
1850 2.058024877382538
1851 1.9532645326779843
1852 1.9532645326779843
1853 1.9532645326779843
1854 2.562140800662663
1855 2.562140800662663
1856 2.562140800662663
1857 1.396158585542627
1858 1.396158585542627
1859 1.396158585542627
1860 3.3664602472739933
1861 3.3664602472739933
1862 3.3664602472739933
1863 2.675751603619331
1864 2.675751603619331
1865 2.675751603619331
1866 2.542737328257805
1867 2.542737328257805
1868 2.542737328257805
1869 2.43635491783162
1870 2.43635491783162
1871 2.43635491783162
1872 1.532808009914575
1873 1.532808009914575
1874 1.532808009914575
1875 2.6567379645090154
1876 2.6567379645090154
1877 2.6567379645090154
1878 3.1703869476856017
1879 3.1703869476856017
1880 3.1703869476856017
1881 2.8490866008984588
1882 2.8490866008984588
1883 2.8490866008984588
1884 1.6087576697460537
1885 1.6087576697460537
1886 1.6087576697460537
1887 1.899334447315051
1888 1.899334447315051
1889 1.899334447315051
1890 0.9401163958999379
1891 0.9401163958999379
1892 0.9401163958999379
1893 1.8704191522001576
1894 1.8704191522001576
1895 1.8704191522001576
1896 2.15046031833349
1897 0.7096898187368679
1898 0.7096898187368679
1899 0.7096898187368679
1900 0.33841508095764583
1901 2.715764913469701
1902 2.715764913469701
1903 2.715764913469701
1904 2.499909363740078
1905 2.499909363740078
1906 2.499909363740078
1907 2.587104635985591
1908 2.587104635985591
1909 2.587104635985591
1910 1.8449064833096458
1911 1.8449064833096458
1912 1.8449064833096458
1913 1.610599413458738
1914 1.610599413458738
1915 1.610599413458738
1916 3.4176388755659164
1917 3.4176388755659164
1918 3.4176388755659164
1919 0.1
1920 0.1
1921 0.1
1922 2.275138080038753
1923 2.275138080038753
1924 2.275138080038753
1925 1.7894989029052573
1926 1.7894989029052573
1927 1.7894989029052573
1928 2.742641432744588
1929 2.742641432744588
1930 2.742641432744588
1931 2.159708493002873
1932 2.159708493002873
1933 2.159708493002873
1934 3.202110426813104
1935 3.202110426813104
1936 3.202110426813104
1937 1.410078623606477
1938 1.410078623606477
1939 1.410078623606477
1940 2.8320926929892116
1941 2.8320926929892116
1942 2.8320926929892116
1943 3.372963156597814
1944 3.372963156597814
1945 3.372963156597814
1946 3.06814849163656
1947 3.06814849163656
1948 3.06814849163656
1949 3.1113983705771053
1950 3.1113983705771053
1951 3.1113983705771053
1952 3.7596110414993666
1953 3.7596110414993666
1954 3.7596110414993666
1955 4.456842897647858
1956 4.456842897647858
1957 4.456842897647858
1958 2.045490038761327
1959 2.045490038761327
1960 2.045490038761327
1961 1.4361549091492147
1962 1.4361549091492147
1963 1.4361549091492147
1964 2.0343703660235604
1965 2.0343703660235604
1966 2.0343703660235604
1967 2.2050375015980346
1968 2.2050375015980346
1969 2.2050375015980346
1970 3.4779127340489846
1971 3.4779127340489846
1972 3.4779127340489846
1973 2.6882779500850607
1974 2.6882779500850607
1975 2.6882779500850607
1976 4.968059260748612
1977 4.968059260748612
1978 4.968059260748612
1979 2.687232016676362
1980 2.687232016676362
1981 2.687232016676362
1982 2.109987721487455
1983 2.109987721487455
1984 2.109987721487455
1985 1.2334851375664366
1986 1.2334851375664366
1987 1.2334851375664366
1988 1.4625239269323085
1989 1.4625239269323085
1990 1.4625239269323085
1991 1.5124746546210988
1992 1.5124746546210988
1993 1.5124746546210988
1994 1.4692981646687593
1995 1.4692981646687593
1996 1.4692981646687593
1997 3.6095901371589205
1998 3.6095901371589205
1999 3.6095901371589205
