0 0.13398367856491267
1 0.13398367856491267
2 0.13398367856491267
3 0.13398367856491267
4 0.13398367856491267
5 0.11533248920029535
6 0.11533248920029535
7 0.11533248920029535
8 0.11533248920029535
9 0.11533248920029535
10 0.17787437000943424
11 0.17787437000943424
12 0.17787437000943424
13 0.17787437000943424
14 0.17787437000943424
15 0.2855432664929037
16 0.2855432664929037
17 0.2855432664929037
18 0.2855432664929037
19 0.2855432664929037
20 0.24991065795835443
21 0.24991065795835443
22 0.24991065795835443
23 0.24991065795835443
24 0.24991065795835443
25 0.21559158772836504
26 0.21559158772836504
27 0.21559158772836504
28 0.21559158772836504
29 0.21559158772836504
30 0.12785577944190488
31 0.12785577944190488
32 0.12785577944190488
33 0.12785577944190488
34 0.12785577944190488
35 0.2524484020757523
36 0.2524484020757523
37 1.8983191917453115
38 1.8983191917453115
39 1.8983191917453115
40 1.8983191917453115
41 1.8983191917453115
42 1.7530557255632444
43 1.7530557255632444
44 1.7530557255632444
45 1.7530557255632444
46 1.7530557255632444
47 3.6823898906155828
48 3.6823898906155828
49 3.6823898906155828
50 3.6823898906155828
51 3.6823898906155828
52 1.727374275144073
53 1.727374275144073
54 1.727374275144073
55 1.727374275144073
56 1.727374275144073
57 2.9103767270118683
58 2.9103767270118683
59 2.9103767270118683
60 2.9103767270118683
61 2.9103767270118683
62 3.261014094552711
63 3.261014094552711
64 3.261014094552711
65 3.261014094552711
66 3.261014094552711
67 3.0923035231852545
68 3.0923035231852545
69 3.0923035231852545
70 3.0923035231852545
71 3.0923035231852545
72 2.427192388996606
73 2.427192388996606
74 2.427192388996606
75 2.427192388996606
76 2.427192388996606
77 3.2702946927298266
78 3.2702946927298266
79 3.2702946927298266
80 3.2702946927298266
81 3.2702946927298266
82 2.080828690120501
83 2.080828690120501
84 2.080828690120501
85 2.080828690120501
86 2.080828690120501
87 1.9861089143664614
88 1.9861089143664614
89 1.9861089143664614
90 1.280185730216256
91 1.280185730216256
92 1.280185730216256
93 1.280185730216256
94 1.280185730216256
95 1.3270776128719586
96 1.3270776128719586
97 1.3270776128719586
98 1.3270776128719586
99 1.3270776128719586
100 1.1008632031925918
101 1.1008632031925918
102 1.1008632031925918
103 1.1008632031925918
104 1.1008632031925918
105 0.7623149343765869
106 0.7623149343765869
107 4.106324560775807
108 4.106324560775807
109 4.106324560775807
110 4.106324560775807
111 4.106324560775807
112 3.152669158888071
113 3.152669158888071
114 3.152669158888071
115 3.152669158888071
116 3.152669158888071
117 3.578839621624016
118 3.578839621624016
119 2.377027796823892
120 2.377027796823892
121 2.377027796823892
122 2.377027796823892
123 2.377027796823892
124 2.2699111798562863
125 2.2699111798562863
126 2.2699111798562863
127 2.2699111798562863
128 2.2699111798562863
129 1.2489128913490168
130 1.2489128913490168
131 1.2489128913490168
132 1.2489128913490168
133 1.2489128913490168
134 1.7496515201543081
135 1.7496515201543081
136 1.7496515201543081
137 1.7496515201543081
138 1.7496515201543081
139 1.9716153541407513
140 1.9716153541407513
141 1.9716153541407513
142 1.9716153541407513
143 1.9716153541407513
144 3.700218520339591
145 3.700218520339591
146 3.700218520339591
147 3.700218520339591
148 3.700218520339591
149 1.6307635277219195
150 1.6307635277219195
151 1.6307635277219195
152 1.6307635277219195
153 1.6307635277219195
154 2.1098300786267425
155 2.1098300786267425
156 2.1098300786267425
157 2.1098300786267425
158 2.1098300786267425
159 2.792228658563074
160 2.792228658563074
161 2.792228658563074
162 2.792228658563074
163 2.792228658563074
164 2.5069201193657094
165 2.5069201193657094
166 2.5069201193657094
167 2.5069201193657094
168 2.5069201193657094
169 2.225729152245938
170 2.225729152245938
171 2.225729152245938
172 2.225729152245938
173 2.225729152245938
174 2.880726272060529
175 2.880726272060529
176 2.880726272060529
177 2.880726272060529
178 2.880726272060529
179 1.694846458068587
180 1.694846458068587
181 1.694846458068587
182 1.694846458068587
183 1.694846458068587
184 2.356219325812699
185 2.356219325812699
186 2.356219325812699
187 2.356219325812699
188 2.356219325812699
189 2.844011244361417
190 2.844011244361417
191 2.844011244361417
192 2.844011244361417
193 2.844011244361417
194 3.4125548674081077
195 3.4125548674081077
196 3.4125548674081077
197 3.4125548674081077
198 3.4125548674081077
199 3.095772713593876
200 3.095772713593876
201 3.095772713593876
202 3.095772713593876
203 3.095772713593876
204 1.8084590791094515
205 1.8084590791094515
206 1.8084590791094515
207 1.8084590791094515
208 1.8084590791094515
209 2.640864613352629
210 2.640864613352629
211 2.640864613352629
212 2.640864613352629
213 2.640864613352629
214 1.957463070839852
215 1.957463070839852
216 1.957463070839852
217 1.957463070839852
218 1.957463070839852
219 2.3729479601477035
220 2.3729479601477035
221 2.3729479601477035
222 2.3729479601477035
223 2.3729479601477035
224 0.8699271326500062
225 0.8699271326500062
226 0.8699271326500062
227 0.8699271326500062
228 0.8699271326500062
229 2.397785718002507
230 2.397785718002507
231 2.397785718002507
232 2.397785718002507
233 2.397785718002507
234 3.8934582911537046
235 3.8934582911537046
236 3.8934582911537046
237 3.8934582911537046
238 3.8934582911537046
239 2.9122162541914554
240 2.9122162541914554
241 2.9122162541914554
242 2.9122162541914554
243 2.9122162541914554
244 2.906112954342801
245 2.906112954342801
246 2.906112954342801
247 2.906112954342801
248 2.906112954342801
249 2.42166578552371
250 2.42166578552371
251 2.42166578552371
252 2.42166578552371
253 2.42166578552371
254 3.38749978739174
255 3.38749978739174
256 3.38749978739174
257 3.38749978739174
258 3.38749978739174
259 1.993230936530554
260 1.993230936530554
261 1.993230936530554
262 1.993230936530554
263 1.993230936530554
264 2.8127918234155493
265 2.8127918234155493
266 2.8127918234155493
267 2.8127918234155493
268 2.8127918234155493
269 2.4197016136102674
270 2.4197016136102674
271 2.4197016136102674
272 2.4197016136102674
273 2.4197016136102674
274 0.8557982407968605
275 0.8557982407968605
276 0.8557982407968605
277 0.8557982407968605
278 0.8557982407968605
279 1.3369510540014202
280 1.3369510540014202
281 1.3369510540014202
282 1.3369510540014202
283 1.3369510540014202
284 1.176290700455915
285 1.176290700455915
286 1.908333589952667
287 1.908333589952667
288 1.908333589952667
289 1.908333589952667
290 1.908333589952667
291 3.7580158875657874
292 3.7580158875657874
293 3.7580158875657874
294 3.7580158875657874
295 3.7580158875657874
296 3.408903718771218
297 3.408903718771218
298 3.408903718771218
299 3.408903718771218
300 3.408903718771218
301 2.8726478912099314
302 2.8726478912099314
303 2.8726478912099314
304 2.8726478912099314
305 2.8726478912099314
306 2.5582576948454867
307 2.5582576948454867
308 2.5582576948454867
309 2.5582576948454867
310 2.5582576948454867
311 2.724039121776551
312 2.724039121776551
313 2.724039121776551
314 2.724039121776551
315 2.724039121776551
316 3.1323119465828566
317 3.1323119465828566
318 3.1323119465828566
319 3.1323119465828566
320 3.1323119465828566
321 3.001047944612413
322 3.001047944612413
323 3.001047944612413
324 3.001047944612413
325 3.001047944612413
326 1.7375491184500853
327 1.7375491184500853
328 1.7375491184500853
329 1.7375491184500853
330 1.7375491184500853
331 1.901789084657579
332 1.901789084657579
333 1.901789084657579
334 1.901789084657579
335 1.901789084657579
336 4.001324107876323
337 4.001324107876323
338 4.001324107876323
339 4.001324107876323
340 4.001324107876323
341 2.489794758380947
342 2.489794758380947
343 2.489794758380947
344 2.489794758380947
345 2.489794758380947
346 1.9053499703251686
347 1.9053499703251686
348 1.9053499703251686
349 1.9053499703251686
350 1.9053499703251686
351 3.1626444635020743
352 3.1626444635020743
353 3.1626444635020743
354 3.1626444635020743
355 3.1626444635020743
356 2.70199457858809
357 2.70199457858809
358 2.70199457858809
359 2.70199457858809
360 2.70199457858809
361 1.4295173883602295
362 1.4295173883602295
363 1.4295173883602295
364 1.4295173883602295
365 1.4295173883602295
366 3.285255198604135
367 3.285255198604135
368 3.285255198604135
369 3.285255198604135
370 3.285255198604135
371 3.1978370294839715
372 3.1978370294839715
373 3.1978370294839715
374 3.1978370294839715
375 3.1978370294839715
376 2.426045371935871
377 2.426045371935871
378 2.426045371935871
379 2.426045371935871
380 2.426045371935871
381 3.349174165488341
382 3.349174165488341
383 3.349174165488341
384 3.349174165488341
385 3.349174165488341
386 3.139590293325076
387 3.139590293325076
388 3.139590293325076
389 3.139590293325076
390 3.139590293325076
391 3.145757707859169
392 3.145757707859169
393 3.145757707859169
394 3.145757707859169
395 3.145757707859169
396 3.091962271761207
397 3.091962271761207
398 3.091962271761207
399 3.091962271761207
400 3.091962271761207
401 3.699995194756667
402 3.699995194756667
403 3.699995194756667
404 3.699995194756667
405 3.699995194756667
406 2.6598736213269265
407 2.6598736213269265
408 2.6598736213269265
409 2.6598736213269265
410 2.6598736213269265
411 2.794065057428786
412 2.794065057428786
413 2.794065057428786
414 2.794065057428786
415 2.794065057428786
416 0.593156861763459
417 0.593156861763459
418 0.593156861763459
419 0.593156861763459
420 0.593156861763459
421 1.9058591798327125
422 1.9058591798327125
423 1.9058591798327125
424 1.9058591798327125
425 1.9058591798327125
426 3.003770696233813
427 3.003770696233813
428 3.003770696233813
429 3.003770696233813
430 3.003770696233813
431 2.346309880159913
432 2.346309880159913
433 2.346309880159913
434 2.346309880159913
435 2.346309880159913
436 3.697598078307866
437 3.697598078307866
438 3.697598078307866
439 2.0589198913581463
440 2.0589198913581463
441 2.0589198913581463
442 2.0589198913581463
443 2.0589198913581463
444 3.468653978684233
445 3.468653978684233
446 3.468653978684233
447 3.468653978684233
448 3.468653978684233
449 3.212458551086753
450 3.212458551086753
451 3.212458551086753
452 3.212458551086753
453 3.212458551086753
454 4.048294400938348
455 4.048294400938348
456 4.048294400938348
457 4.048294400938348
458 4.048294400938348
459 3.0652322351310084
460 3.0652322351310084
461 3.0652322351310084
462 3.0652322351310084
463 3.0652322351310084
464 0.769811253599554
465 0.769811253599554
466 0.769811253599554
467 0.769811253599554
468 0.769811253599554
469 4.08551419954567
470 4.08551419954567
471 4.08551419954567
472 4.08551419954567
473 4.08551419954567
474 1.5859277078405587
475 3.7846618913645713
476 3.7846618913645713
477 3.7846618913645713
478 3.7846618913645713
479 3.7846618913645713
480 3.5583467000543325
481 3.5583467000543325
482 3.5583467000543325
483 3.5583467000543325
484 3.5583467000543325
485 3.738460883841739
486 3.738460883841739
487 3.738460883841739
488 3.738460883841739
489 3.738460883841739
490 4.248137603090687
491 4.248137603090687
492 4.248137603090687
493 4.248137603090687
494 4.248137603090687
495 3.7343733040014397
496 3.7343733040014397
497 3.7343733040014397
498 2.289061311748923
499 2.289061311748923
500 2.289061311748923
501 2.289061311748923
502 2.289061311748923
503 2.8636102201578906
504 2.8636102201578906
505 2.8636102201578906
506 2.8636102201578906
507 2.8636102201578906
508 2.8417838129875945
509 2.8417838129875945
510 2.8417838129875945
511 2.8417838129875945
512 2.8417838129875945
513 2.425089193368502
514 2.425089193368502
515 2.425089193368502
516 2.425089193368502
517 2.425089193368502
518 2.6574791188880775
519 2.6574791188880775
520 2.6574791188880775
521 2.6574791188880775
522 2.6574791188880775
523 2.4101721355342414
524 2.4101721355342414
525 2.4101721355342414
526 2.4101721355342414
527 2.4101721355342414
528 2.606053723050694
529 2.606053723050694
530 2.606053723050694
531 2.606053723050694
532 2.606053723050694
533 1.8673676558516765
534 1.8673676558516765
535 1.8673676558516765
536 1.8673676558516765
537 0.7599533370319598
538 0.7599533370319598
539 0.7599533370319598
540 0.7599533370319598
541 0.7599533370319598
542 1.432397459633898
543 1.432397459633898
544 1.432397459633898
545 1.432397459633898
546 1.432397459633898
547 1.0589593950632892
548 1.0589593950632892
549 1.0589593950632892
550 1.0589593950632892
551 1.0589593950632892
552 0.8452345564849201
553 0.8452345564849201
554 0.8452345564849201
555 0.8452345564849201
556 0.3219177162839048
557 0.3219177162839048
558 0.3219177162839048
559 0.3219177162839048
560 0.3219177162839048
561 0.5141611938731818
562 0.5141611938731818
563 0.5141611938731818
564 0.5141611938731818
565 0.5141611938731818
566 0.42211276647782037
567 0.42211276647782037
568 0.42211276647782037
569 0.42211276647782037
570 0.42211276647782037
571 0.34558652466947687
572 0.34558652466947687
573 0.34558652466947687
574 0.34558652466947687
575 0.34558652466947687
576 0.9504237125096269
577 0.9504237125096269
578 0.9504237125096269
579 0.9504237125096269
580 0.9504237125096269
581 0.8177364084484522
582 0.8177364084484522
583 0.8177364084484522
584 0.8177364084484522
585 0.8177364084484522
586 0.22168939946655009
587 0.22168939946655009
588 0.22168939946655009
589 0.22168939946655009
590 0.22168939946655009
591 0.1
592 0.1
593 0.1
594 0.1
595 0.1
596 0.14495130696968672
597 0.14495130696968672
598 0.14495130696968672
599 0.14495130696968672
600 0.14495130696968672
601 0.19281705096005705
602 0.19281705096005705
603 0.19281705096005705
604 0.19281705096005705
605 0.19281705096005705
606 0.10688418964524565
607 0.10688418964524565
608 0.10688418964524565
609 0.10688418964524565
610 0.10688418964524565
611 0.19653852846081177
612 0.19653852846081177
613 0.19653852846081177
614 0.19653852846081177
615 0.19653852846081177
616 0.2900507209574045
617 0.2900507209574045
618 0.2900507209574045
619 0.2900507209574045
620 0.2900507209574045
621 0.2230732811683992
622 0.2230732811683992
623 0.2230732811683992
624 0.2230732811683992
625 0.2230732811683992
626 0.14849443841837748
627 0.14849443841837748
628 0.14849443841837748
629 0.14849443841837748
630 0.14849443841837748
631 0.21358983352672242
632 0.21358983352672242
633 0.21358983352672242
634 0.21358983352672242
635 0.21358983352672242
636 0.25255312428827015
637 0.25255312428827015
638 0.25255312428827015
639 0.25255312428827015
640 0.25255312428827015
641 0.23982781293459784
642 0.23982781293459784
643 0.23982781293459784
644 0.23982781293459784
645 0.23982781293459784
646 0.1884684393691073
647 0.1884684393691073
648 0.1884684393691073
649 0.1884684393691073
650 0.1884684393691073
651 0.2278556854924719
652 0.2278556854924719
653 0.2278556854924719
654 0.2278556854924719
655 0.2278556854924719
656 0.20786031808820182
657 0.20786031808820182
658 0.20786031808820182
659 0.20786031808820182
660 2.6254688846912364
661 2.6254688846912364
662 2.6254688846912364
663 2.6254688846912364
664 2.6254688846912364
665 3.156217038823924
666 3.156217038823924
667 3.156217038823924
668 3.772071207152724
669 3.772071207152724
670 3.772071207152724
671 3.772071207152724
672 0.7248920798405578
673 0.7248920798405578
674 0.7248920798405578
675 0.7248920798405578
676 0.7248920798405578
677 0.8081577280222852
678 0.8081577280222852
679 0.8081577280222852
680 0.8081577280222852
681 0.8081577280222852
682 0.4476460382112629
683 0.4476460382112629
684 0.4476460382112629
685 0.4476460382112629
686 0.4476460382112629
687 0.3008439822405503
688 0.3008439822405503
689 0.3008439822405503
690 0.3008439822405503
691 0.3008439822405503
692 0.5447400642169119
693 0.5447400642169119
694 0.5447400642169119
695 0.5447400642169119
696 1.2319199824511529
697 1.2319199824511529
698 4.846310104117179
699 4.846310104117179
700 4.846310104117179
701 4.846310104117179
702 4.846310104117179
703 4.403884439253315
704 4.403884439253315
705 4.403884439253315
706 4.403884439253315
707 4.403884439253315
708 3.6202120809152794
709 3.6202120809152794
710 3.6202120809152794
711 3.6202120809152794
712 3.6202120809152794
713 3.814796490471157
714 3.814796490471157
715 3.814796490471157
716 3.814796490471157
717 3.814796490471157
718 1.6915317643422167
719 1.6915317643422167
720 1.6915317643422167
721 1.6915317643422167
722 1.6915317643422167
723 2.0863428422581443
724 2.0863428422581443
725 2.0863428422581443
726 2.0863428422581443
727 2.0863428422581443
728 3.2996121979234134
729 3.2996121979234134
730 3.2996121979234134
731 3.2996121979234134
732 3.2996121979234134
733 3.258031466621205
734 3.258031466621205
735 3.258031466621205
736 3.258031466621205
737 3.258031466621205
738 4.576801193729441
739 4.576801193729441
740 4.576801193729441
741 4.576801193729441
742 4.576801193729441
743 3.715506547242319
744 3.715506547242319
745 3.715506547242319
746 3.715506547242319
747 3.715506547242319
748 2.8089489712398383
749 2.8089489712398383
750 2.8089489712398383
751 2.8089489712398383
752 2.8089489712398383
753 4.726533305430734
754 4.726533305430734
755 4.726533305430734
756 4.726533305430734
757 4.726533305430734
758 2.639704810340043
759 2.639704810340043
760 2.639704810340043
761 2.639704810340043
762 2.639704810340043
763 3.2653507557878125
764 3.2653507557878125
765 3.2653507557878125
766 3.2653507557878125
767 3.2653507557878125
768 4.490341311789574
769 4.490341311789574
770 4.490341311789574
771 4.490341311789574
772 4.490341311789574
773 2.0537477891887255
774 2.0537477891887255
775 2.0537477891887255
776 2.0537477891887255
777 2.0537477891887255
778 1.4687433378203876
779 1.4687433378203876
780 1.4687433378203876
781 1.4687433378203876
782 1.4687433378203876
783 1.5704482891496776
784 1.5704482891496776
785 1.5704482891496776
786 1.5704482891496776
787 1.5704482891496776
788 1.2090776293024694
789 1.2090776293024694
790 1.2090776293024694
791 1.2090776293024694
792 1.2090776293024694
793 1.9149025020694166
794 1.9149025020694166
795 1.9149025020694166
796 1.9149025020694166
797 1.9149025020694166
798 1.8183604547193108
799 1.8183604547193108
800 1.8183604547193108
801 1.8183604547193108
802 1.8183604547193108
803 1.9369412284315732
804 1.1206643799330966
805 1.1206643799330966
806 1.1206643799330966
807 1.1206643799330966
808 1.1206643799330966
809 0.7226727764404907
810 0.7226727764404907
811 0.7226727764404907
812 0.7226727764404907
813 0.7226727764404907
814 0.8817010682260844
815 0.8817010682260844
816 0.8817010682260844
817 0.8817010682260844
818 0.8817010682260844
819 1.232144340351517
820 1.232144340351517
821 1.232144340351517
822 1.232144340351517
823 1.232144340351517
824 1.169977311307587
825 1.169977311307587
826 1.169977311307587
827 1.169977311307587
828 1.169977311307587
829 0.8148464998042193
830 0.8148464998042193
831 0.8148464998042193
832 0.8148464998042193
833 0.8148464998042193
834 1.2137311200517094
835 1.2137311200517094
836 1.2137311200517094
837 1.2137311200517094
838 1.2137311200517094
839 1.4638114726999927
840 1.4638114726999927
841 1.4638114726999927
842 1.4638114726999927
843 1.4638114726999927
844 1.2752726766642524
845 1.2752726766642524
846 1.2752726766642524
847 1.2752726766642524
848 1.2752726766642524
849 1.5069089103473299
850 1.5069089103473299
851 1.5069089103473299
852 1.5069089103473299
853 1.5069089103473299
854 1.0669715615594273
855 1.0669715615594273
856 1.0669715615594273
857 1.0669715615594273
858 1.0669715615594273
859 0.7443951237192433
860 0.7443951237192433
861 0.7443951237192433
862 0.7443951237192433
863 0.7443951237192433
864 1.114445816823274
865 1.114445816823274
866 1.114445816823274
867 1.6898055670511627
868 1.6898055670511627
869 1.6898055670511627
870 1.6898055670511627
871 1.6898055670511627
872 1.904315557168307
873 1.904315557168307
874 1.904315557168307
875 1.904315557168307
876 1.904315557168307
877 1.3880203344017008
878 1.3880203344017008
879 3.2054807783242385
880 3.2054807783242385
881 3.2054807783242385
882 3.2054807783242385
883 3.2054807783242385
884 4.340010085930748
885 4.340010085930748
886 4.340010085930748
887 4.340010085930748
888 4.340010085930748
889 2.6015555883242807
890 2.6015555883242807
891 2.6015555883242807
892 2.6015555883242807
893 2.6015555883242807
894 3.075976181394645
895 3.075976181394645
896 3.075976181394645
897 3.075976181394645
898 2.102918081943332
899 2.102918081943332
900 2.102918081943332
901 2.102918081943332
902 2.102918081943332
903 2.598756525701699
904 2.598756525701699
905 2.598756525701699
906 2.598756525701699
907 2.598756525701699
908 2.3838719777747914
909 2.3838719777747914
910 2.3838719777747914
911 2.3838719777747914
912 2.3838719777747914
913 2.5267438910177473
914 2.5267438910177473
915 2.5267438910177473
916 2.5267438910177473
917 2.5267438910177473
918 0.4594097426131374
919 0.4594097426131374
920 0.4594097426131374
921 0.4594097426131374
922 0.4594097426131374
923 1.4765960332657087
924 1.4765960332657087
925 1.4765960332657087
926 1.4765960332657087
927 1.4765960332657087
928 1.6252310510248078
929 1.6252310510248078
930 1.6252310510248078
931 1.6252310510248078
932 1.6252310510248078
933 1.7266145308176801
934 1.7266145308176801
935 1.7266145308176801
936 1.7266145308176801
937 1.7266145308176801
938 3.620110261367976
939 3.620110261367976
940 3.620110261367976
941 3.620110261367976
942 3.620110261367976
943 1.826844604715316
944 1.826844604715316
945 1.826844604715316
946 1.826844604715316
947 1.826844604715316
948 2.6409580484137454
949 2.6409580484137454
950 2.6409580484137454
951 2.6409580484137454
952 2.6409580484137454
953 4.435399629164728
954 4.435399629164728
955 4.435399629164728
956 4.435399629164728
957 4.435399629164728
958 2.2482619691115087
959 2.2482619691115087
960 2.2482619691115087
961 2.2482619691115087
962 2.2482619691115087
963 4.93145742302881
964 4.93145742302881
965 4.93145742302881
966 4.93145742302881
967 4.93145742302881
968 2.6632715186542164
969 2.6632715186542164
970 2.6632715186542164
971 2.6632715186542164
972 2.6632715186542164
973 5.927962371581607
974 5.927962371581607
975 5.927962371581607
976 5.927962371581607
977 5.927962371581607
978 4.380740793772693
979 4.380740793772693
980 4.380740793772693
981 4.380740793772693
982 4.380740793772693
983 5.065967974569432
984 5.065967974569432
985 5.065967974569432
986 5.065967974569432
987 5.065967974569432
988 3.035950009405896
989 3.035950009405896
990 3.035950009405896
991 3.035950009405896
992 3.035950009405896
993 3.702175601336233
994 3.702175601336233
995 3.702175601336233
996 3.702175601336233
997 3.702175601336233
998 4.142317224010164
999 4.142317224010164
1000 4.142317224010164
1001 4.142317224010164
1002 4.142317224010164
1003 4.911569555518459
1004 4.911569555518459
1005 4.911569555518459
1006 4.911569555518459
1007 4.911569555518459
1008 2.711990594590893
1009 2.711990594590893
1010 2.711990594590893
1011 2.711990594590893
1012 2.711990594590893
1013 4.024632003898552
1014 4.024632003898552
1015 4.024632003898552
1016 4.024632003898552
1017 4.024632003898552
1018 3.47603751126732
1019 3.47603751126732
1020 3.47603751126732
1021 3.47603751126732
1022 3.47603751126732
1023 2.925868919803857
1024 2.925868919803857
1025 2.925868919803857
1026 2.925868919803857
1027 2.925868919803857
1028 1.3263861564003507
1029 1.3263861564003507
1030 1.3263861564003507
1031 1.3263861564003507
1032 1.3263861564003507
1033 2.8918359485043563
1034 2.8918359485043563
1035 2.8918359485043563
1036 2.8918359485043563
1037 2.8918359485043563
1038 3.4929587048590047
1039 3.4929587048590047
1040 3.4929587048590047
1041 3.4929587048590047
1042 3.4929587048590047
1043 1.6066807239169767
1044 1.6066807239169767
1045 1.6066807239169767
1046 1.6066807239169767
1047 1.6066807239169767
1048 2.8450642388357843
1049 2.8450642388357843
1050 2.8450642388357843
1051 2.8450642388357843
1052 2.8450642388357843
1053 3.190801148172002
1054 3.190801148172002
1055 3.190801148172002
1056 3.190801148172002
1057 3.190801148172002
1058 3.8169551528632395
1059 3.8169551528632395
1060 3.8169551528632395
1061 3.8169551528632395
1062 3.8169551528632395
1063 3.3443727158477112
1064 3.3443727158477112
1065 3.3443727158477112
1066 3.3443727158477112
1067 3.3443727158477112
1068 2.793987407678803
1069 2.793987407678803
1070 2.793987407678803
1071 2.793987407678803
1072 2.793987407678803
1073 2.8886007166466916
1074 2.8886007166466916
1075 2.8886007166466916
1076 2.8886007166466916
1077 2.8886007166466916
1078 3.3805765027174
1079 3.3805765027174
1080 3.3805765027174
1081 3.3805765027174
1082 3.3805765027174
1083 2.170778435192726
1084 2.170778435192726
1085 2.170778435192726
1086 2.170778435192726
1087 2.170778435192726
1088 2.387381854402957
1089 2.387381854402957
1090 2.387381854402957
1091 2.387381854402957
1092 2.387381854402957
1093 3.2826343881966373
1094 3.2826343881966373
1095 3.2826343881966373
1096 3.2826343881966373
1097 3.2826343881966373
1098 2.6946711394581477
1099 2.6946711394581477
1100 3.9042377807739044
1101 3.9042377807739044
1102 3.9042377807739044
1103 3.9042377807739044
1104 3.9042377807739044
1105 4.355936827440743
1106 4.355936827440743
1107 4.355936827440743
1108 4.355936827440743
1109 4.355936827440743
1110 3.925757267181717
1111 3.925757267181717
1112 3.925757267181717
1113 3.925757267181717
1114 3.925757267181717
1115 4.403689336973013
1116 4.403689336973013
1117 4.403689336973013
1118 4.403689336973013
1119 4.403689336973013
1120 5.052065475678068
1121 5.052065475678068
1122 5.052065475678068
1123 5.052065475678068
1124 5.052065475678068
1125 4.985302713009215
1126 4.985302713009215
1127 4.985302713009215
1128 4.985302713009215
1129 4.985302713009215
1130 1.7239649567136706
1131 1.7239649567136706
1132 1.7239649567136706
1133 1.7239649567136706
1134 1.7239649567136706
1135 4.524926290689163
1136 4.524926290689163
1137 4.524926290689163
1138 4.524926290689163
1139 4.524926290689163
1140 2.799552394768517
1141 2.799552394768517
1142 2.799552394768517
1143 2.799552394768517
1144 2.799552394768517
1145 2.5261251669369784
1146 2.5261251669369784
1147 2.5261251669369784
1148 2.5261251669369784
1149 2.5261251669369784
1150 4.96163822293117
1151 4.96163822293117
1152 4.96163822293117
1153 4.96163822293117
1154 4.96163822293117
1155 2.5651606882559026
1156 2.5651606882559026
1157 2.5651606882559026
1158 2.5651606882559026
1159 2.5651606882559026
1160 5.190748806523046
1161 5.190748806523046
1162 5.190748806523046
1163 5.190748806523046
1164 5.190748806523046
1165 1.9059889167020452
1166 1.9059889167020452
1167 1.9059889167020452
1168 1.9059889167020452
1169 1.9059889167020452
1170 5.726113249988171
1171 5.726113249988171
1172 5.726113249988171
1173 5.726113249988171
1174 5.726113249988171
1175 3.6449899297884834
1176 3.6449899297884834
1177 3.6449899297884834
1178 3.6449899297884834
1179 3.6449899297884834
1180 4.4593072894840375
1181 4.4593072894840375
1182 4.4593072894840375
1183 4.4593072894840375
1184 4.4593072894840375
1185 6.019638643251004
1186 6.019638643251004
1187 6.019638643251004
1188 6.019638643251004
1189 6.019638643251004
1190 3.0013555200375173
1191 4.138938967938769
1192 4.138938967938769
1193 4.138938967938769
1194 4.138938967938769
1195 4.138938967938769
1196 3.171852650740677
1197 3.171852650740677
1198 3.171852650740677
1199 3.171852650740677
1200 3.171852650740677
1201 4.671663027557035
1202 4.671663027557035
1203 4.671663027557035
1204 4.671663027557035
1205 4.671663027557035
1206 2.7901999480211286
1207 2.7901999480211286
1208 2.7901999480211286
1209 2.7901999480211286
1210 2.7901999480211286
1211 3.009440001289716
1212 3.009440001289716
1213 3.009440001289716
1214 3.6017853599572236
1215 3.6017853599572236
1216 3.6017853599572236
1217 3.6017853599572236
1218 3.6017853599572236
1219 2.7939983020710306
1220 2.7939983020710306
1221 2.7939983020710306
1222 2.7939983020710306
1223 2.7939983020710306
1224 2.2974199442315513
1225 2.2974199442315513
1226 2.2974199442315513
1227 2.2974199442315513
1228 2.2974199442315513
1229 4.548420623996713
1230 4.548420623996713
1231 4.548420623996713
1232 4.548420623996713
1233 4.548420623996713
1234 5.449341555101026
1235 5.449341555101026
1236 5.449341555101026
1237 5.449341555101026
1238 5.449341555101026
1239 0.5928704954740724
1240 0.5928704954740724
1241 0.5928704954740724
1242 0.5928704954740724
1243 0.5928704954740724
1244 0.8784506101055995
1245 0.8784506101055995
1246 0.8784506101055995
1247 0.8784506101055995
1248 0.8784506101055995
1249 0.7138688708248366
1250 0.7138688708248366
1251 0.7138688708248366
1252 0.7138688708248366
1253 0.7138688708248366
1254 0.20904858994947534
1255 2.562184078742598
1256 2.562184078742598
1257 2.562184078742598
1258 2.562184078742598
1259 2.562184078742598
1260 1.8018142178302436
1261 1.8018142178302436
1262 1.8018142178302436
1263 1.8018142178302436
1264 1.8018142178302436
1265 3.303752026134249
1266 3.303752026134249
1267 3.303752026134249
1268 3.303752026134249
1269 3.303752026134249
1270 1.878686804554915
1271 1.878686804554915
1272 1.878686804554915
1273 1.878686804554915
1274 1.878686804554915
1275 1.406550350385438
1276 1.406550350385438
1277 1.406550350385438
1278 1.406550350385438
1279 1.406550350385438
1280 2.1704532547071698
1281 2.1704532547071698
1282 2.1704532547071698
1283 2.1704532547071698
1284 2.1704532547071698
1285 1.8245080524043262
1286 1.8245080524043262
1287 1.8245080524043262
1288 1.8245080524043262
1289 1.8245080524043262
1290 2.3096179425293943
1291 2.3096179425293943
1292 2.3096179425293943
1293 2.3096179425293943
1294 2.3096179425293943
1295 0.8269523881403937
1296 0.8269523881403937
1297 0.8269523881403937
1298 0.8269523881403937
1299 0.8269523881403937
1300 1.8108664903087859
1301 1.8108664903087859
1302 1.8108664903087859
1303 1.8108664903087859
1304 1.8108664903087859
1305 2.0299972487631397
1306 2.0299972487631397
1307 2.0299972487631397
1308 2.0299972487631397
1309 2.0299972487631397
1310 1.9754020108743342
1311 1.9754020108743342
1312 1.9754020108743342
1313 1.9754020108743342
1314 1.9754020108743342
1315 2.394254306073834
1316 2.394254306073834
1317 2.394254306073834
1318 2.394254306073834
1319 2.394254306073834
1320 1.497866665306121
1321 1.497866665306121
1322 1.497866665306121
1323 1.497866665306121
1324 1.497866665306121
1325 2.4055930610633243
1326 2.4055930610633243
1327 2.4055930610633243
1328 2.4055930610633243
1329 2.4055930610633243
1330 1.7094051372252559
1331 1.7094051372252559
1332 1.7094051372252559
1333 1.7094051372252559
1334 1.7094051372252559
1335 1.3356100259923598
1336 1.3356100259923598
1337 1.3356100259923598
1338 1.3356100259923598
1339 1.3356100259923598
1340 1.6222508082702214
1341 2.6212058191843677
1342 2.6212058191843677
1343 2.6212058191843677
1344 2.6212058191843677
1345 2.6212058191843677
1346 2.077542546476892
1347 2.077542546476892
1348 2.077542546476892
1349 2.077542546476892
1350 2.077542546476892
1351 3.374871356927724
1352 3.374871356927724
1353 3.374871356927724
1354 3.374871356927724
1355 3.374871356927724
1356 1.310397917447907
1357 1.310397917447907
1358 1.310397917447907
1359 1.310397917447907
1360 1.310397917447907
1361 2.29407184038601
1362 2.29407184038601
1363 2.29407184038601
1364 2.29407184038601
1365 2.29407184038601
1366 3.139595990184405
1367 3.139595990184405
1368 3.139595990184405
1369 3.139595990184405
1370 3.139595990184405
1371 3.015841899174693
1372 3.015841899174693
1373 3.015841899174693
1374 3.015841899174693
1375 3.015841899174693
1376 2.8618310253673775
1377 2.8618310253673775
1378 2.8618310253673775
1379 2.8618310253673775
1380 2.8618310253673775
1381 1.9418634989599322
1382 1.9418634989599322
1383 1.9418634989599322
1384 1.9418634989599322
1385 1.9418634989599322
1386 1.5493729395456246
1387 1.5493729395456246
1388 1.5493729395456246
1389 1.5493729395456246
1390 1.5493729395456246
1391 3.266184288284434
1392 3.266184288284434
1393 3.266184288284434
1394 3.266184288284434
1395 3.266184288284434
1396 2.530913761273659
1397 2.530913761273659
1398 2.530913761273659
1399 2.530913761273659
1400 2.530913761273659
1401 1.628958633933645
1402 1.628958633933645
1403 1.628958633933645
1404 1.628958633933645
1405 1.628958633933645
1406 2.70326759466444
1407 2.70326759466444
1408 2.70326759466444
1409 2.70326759466444
1410 2.70326759466444
1411 2.0816959174720684
1412 2.0816959174720684
1413 2.0816959174720684
1414 2.0816959174720684
1415 2.0816959174720684
1416 1.867671195477799
1417 1.867671195477799
1418 1.867671195477799
1419 1.867671195477799
1420 1.867671195477799
1421 2.226604451568823
1422 2.226604451568823
1423 2.226604451568823
1424 2.226604451568823
1425 2.226604451568823
1426 2.7164835019449307
1427 2.7164835019449307
1428 2.7164835019449307
1429 2.7164835019449307
1430 2.7164835019449307
1431 3.2774627236527825
1432 3.2774627236527825
1433 3.2774627236527825
1434 3.2774627236527825
1435 3.2774627236527825
1436 2.407496214599623
1437 2.407496214599623
1438 2.407496214599623
1439 2.407496214599623
1440 2.407496214599623
1441 2.0293882722115235
1442 2.0293882722115235
1443 2.0293882722115235
1444 2.0293882722115235
1445 2.0293882722115235
1446 3.5110932139389983
1447 3.5110932139389983
1448 3.5110932139389983
1449 3.5110932139389983
1450 3.5110932139389983
1451 3.83941521915354
1452 3.83941521915354
1453 3.83941521915354
1454 3.83941521915354
1455 3.83941521915354
1456 2.1156868741230666
1457 2.1156868741230666
1458 2.1156868741230666
1459 2.1156868741230666
1460 2.1156868741230666
1461 2.7028134243774304
1462 2.7028134243774304
1463 2.7028134243774304
1464 2.7028134243774304
1465 2.7028134243774304
1466 2.1519177301875883
1467 2.1519177301875883
1468 0.4936849735066823
1469 0.4936849735066823
1470 0.4936849735066823
1471 0.4936849735066823
1472 0.4936849735066823
1473 0.6818316026115004
1474 0.6818316026115004
1475 0.6818316026115004
1476 0.6818316026115004
1477 0.6818316026115004
1478 0.7216218259639042
1479 0.7216218259639042
1480 0.7216218259639042
1481 0.7216218259639042
1482 0.7216218259639042
1483 0.5108419728188127
1484 0.5108419728188127
1485 0.5108419728188127
1486 0.5108419728188127
1487 0.5108419728188127
1488 0.7083999312030261
1489 0.7083999312030261
1490 0.7083999312030261
1491 0.7083999312030261
1492 0.7083999312030261
1493 0.7290973987203683
1494 0.7290973987203683
1495 0.7290973987203683
1496 0.7290973987203683
1497 0.7290973987203683
1498 0.8728432713911687
1499 0.8728432713911687
1500 0.8728432713911687
1501 0.8728432713911687
1502 0.8728432713911687
1503 0.8132645627955155
1504 0.8132645627955155
1505 0.8132645627955155
1506 0.8132645627955155
1507 0.8132645627955155
1508 0.5130765841300318
1509 0.5130765841300318
1510 0.5130765841300318
1511 0.5130765841300318
1512 0.5130765841300318
1513 0.5191493193788091
1514 0.5191493193788091
1515 0.5191493193788091
1516 0.5191493193788091
1517 0.5191493193788091
1518 0.5576684862055428
1519 0.5576684862055428
1520 0.5576684862055428
1521 0.5576684862055428
1522 0.5576684862055428
1523 0.5587037395755693
1524 0.5587037395755693
1525 0.5587037395755693
1526 0.5587037395755693
1527 0.5587037395755693
1528 1.1707874178483653
1529 2.670011227978045
1530 2.670011227978045
1531 2.670011227978045
1532 2.670011227978045
1533 2.670011227978045
1534 2.004033724955402
1535 2.004033724955402
1536 2.004033724955402
1537 2.004033724955402
1538 3.5164201153950803
1539 3.5164201153950803
1540 3.5164201153950803
1541 3.5164201153950803
1542 3.5164201153950803
1543 2.793206896418268
1544 2.793206896418268
1545 2.793206896418268
1546 2.793206896418268
1547 2.793206896418268
1548 2.318437345290341
1549 2.318437345290341
1550 2.318437345290341
1551 2.318437345290341
1552 2.318437345290341
1553 2.481246828857384
1554 2.481246828857384
1555 2.481246828857384
1556 2.481246828857384
1557 2.481246828857384
1558 2.814024627547035
1559 2.814024627547035
1560 2.814024627547035
1561 2.814024627547035
1562 2.814024627547035
1563 2.092648876081059
1564 2.092648876081059
1565 2.092648876081059
1566 2.092648876081059
1567 2.092648876081059
1568 2.7228082349566445
1569 2.7228082349566445
1570 2.7228082349566445
1571 2.7228082349566445
1572 2.7228082349566445
1573 2.9442075619921386
1574 2.9442075619921386
1575 2.9442075619921386
1576 2.9442075619921386
1577 2.9442075619921386
1578 2.433510038354626
1579 2.433510038354626
1580 2.433510038354626
1581 2.433510038354626
1582 2.433510038354626
1583 1.9248311191048766
1584 1.9248311191048766
1585 1.9248311191048766
1586 1.9248311191048766
1587 1.9248311191048766
1588 1.79185895389623
1589 1.79185895389623
1590 1.79185895389623
1591 1.79185895389623
1592 1.79185895389623
1593 3.2784237930782454
1594 3.2784237930782454
1595 3.2784237930782454
1596 3.2784237930782454
1597 3.2784237930782454
1598 2.8469386999457913
1599 2.8469386999457913
1600 2.8469386999457913
1601 2.8469386999457913
1602 2.8469386999457913
1603 3.57835601988696
1604 3.57835601988696
1605 3.57835601988696
1606 3.57835601988696
1607 3.57835601988696
1608 2.1478050136912126
1609 2.1478050136912126
1610 2.1478050136912126
1611 2.1478050136912126
1612 2.1478050136912126
1613 1.4343628967550002
1614 1.4343628967550002
1615 1.4343628967550002
1616 1.4343628967550002
1617 1.4343628967550002
1618 3.0909250899481777
1619 3.0909250899481777
1620 3.0909250899481777
1621 3.0909250899481777
1622 3.0909250899481777
1623 2.8377486487063526
1624 2.8377486487063526
1625 2.8377486487063526
1626 2.8377486487063526
1627 2.8377486487063526
1628 2.6440663137341893
1629 2.6440663137341893
1630 4.398320014078758
1631 4.398320014078758
1632 4.398320014078758
1633 4.398320014078758
1634 4.398320014078758
1635 2.7292879847188525
1636 2.7292879847188525
1637 2.7292879847188525
1638 2.7292879847188525
1639 2.7292879847188525
1640 3.130404578057973
1641 3.130404578057973
1642 3.130404578057973
1643 3.130404578057973
1644 3.130404578057973
1645 2.846960687999477
1646 2.846960687999477
1647 2.846960687999477
1648 2.846960687999477
1649 2.846960687999477
1650 2.3447910160516705
1651 2.3447910160516705
1652 2.3447910160516705
1653 2.3447910160516705
1654 2.3447910160516705
1655 4.119956747133767
1656 4.119956747133767
1657 4.119956747133767
1658 4.119956747133767
1659 4.119956747133767
1660 1.8247934739860359
1661 1.8247934739860359
1662 1.8247934739860359
1663 1.8247934739860359
1664 1.8247934739860359
1665 2.9927422804662616
1666 2.9927422804662616
1667 2.9927422804662616
1668 2.9927422804662616
1669 2.9927422804662616
1670 1.0989922283510387
1671 1.0989922283510387
1672 1.0989922283510387
1673 1.0989922283510387
1674 1.0989922283510387
1675 3.986106569151225
1676 3.986106569151225
1677 3.986106569151225
1678 3.986106569151225
1679 3.986106569151225
1680 2.972924371920626
1681 2.972924371920626
1682 2.972924371920626
1683 2.972924371920626
1684 2.972924371920626
1685 2.335344219064166
1686 2.335344219064166
1687 2.335344219064166
1688 2.335344219064166
1689 2.335344219064166
1690 2.2184091701336035
1691 2.2184091701336035
1692 2.2184091701336035
1693 2.2184091701336035
1694 2.2184091701336035
1695 2.767051896731775
1696 2.767051896731775
1697 2.767051896731775
1698 2.767051896731775
1699 2.767051896731775
1700 2.149629497292421
1701 2.149629497292421
1702 2.149629497292421
1703 2.149629497292421
1704 2.149629497292421
1705 3.4995176493600537
1706 3.4995176493600537
1707 3.4995176493600537
1708 3.4995176493600537
1709 3.4995176493600537
1710 2.6936824899152474
1711 2.6936824899152474
1712 2.6936824899152474
1713 2.6936824899152474
1714 2.6936824899152474
1715 2.3346791488814187
1716 2.3346791488814187
1717 2.3346791488814187
1718 2.3346791488814187
1719 2.3346791488814187
1720 3.4426809077928064
1721 3.4426809077928064
1722 3.4426809077928064
1723 3.4426809077928064
1724 3.4426809077928064
1725 2.292255097831761
1726 2.292255097831761
1727 2.292255097831761
1728 2.292255097831761
1729 2.292255097831761
1730 3.4348074529716084
1731 3.4348074529716084
1732 3.4348074529716084
1733 3.4348074529716084
1734 3.4348074529716084
1735 3.020980006917282
1736 3.020980006917282
1737 3.020980006917282
1738 3.020980006917282
1739 3.020980006917282
1740 2.556696672438509
1741 2.556696672438509
1742 2.556696672438509
1743 2.556696672438509
1744 2.556696672438509
1745 3.659211536382807
1746 3.659211536382807
1747 3.659211536382807
1748 3.659211536382807
1749 3.659211536382807
1750 2.0927345564437143
1751 2.0927345564437143
1752 2.0927345564437143
1753 2.0927345564437143
1754 2.0927345564437143
1755 2.9141314140755936
1756 2.9141314140755936
1757 2.9141314140755936
1758 2.9141314140755936
1759 2.9141314140755936
1760 2.550493752352678
1761 2.550493752352678
1762 2.550493752352678
1763 2.550493752352678
1764 2.550493752352678
1765 2.773465339489144
1766 2.773465339489144
1767 2.773465339489144
1768 2.773465339489144
1769 2.773465339489144
1770 3.9036293239068045
1771 3.9036293239068045
1772 3.9036293239068045
1773 3.9036293239068045
1774 3.9036293239068045
1775 3.878950450576086
1776 3.878950450576086
1777 3.878950450576086
1778 3.878950450576086
1779 3.878950450576086
1780 3.1687416502366434
1781 3.1687416502366434
1782 3.1687416502366434
1783 2.579973049933308
1784 2.579973049933308
1785 2.579973049933308
1786 2.579973049933308
1787 2.579973049933308
1788 2.415272871261332
1789 2.415272871261332
1790 2.415272871261332
1791 2.415272871261332
1792 2.415272871261332
1793 2.377168445973079
1794 2.377168445973079
1795 2.377168445973079
1796 2.377168445973079
1797 2.377168445973079
1798 3.0446514487512233
1799 3.0446514487512233
1800 3.0446514487512233
1801 3.0446514487512233
1802 3.0446514487512233
1803 2.9146918643402002
1804 2.9146918643402002
1805 2.9146918643402002
1806 2.9146918643402002
1807 2.9146918643402002
1808 3.0818937292583217
1809 3.0818937292583217
1810 3.0818937292583217
1811 3.0818937292583217
1812 3.0818937292583217
1813 2.5209584879249727
1814 2.5209584879249727
1815 2.5209584879249727
1816 2.5209584879249727
1817 2.5209584879249727
1818 3.4845116096938726
1819 3.4845116096938726
1820 3.4845116096938726
1821 3.4845116096938726
1822 3.4845116096938726
1823 3.2601723873738506
1824 3.2601723873738506
1825 3.2601723873738506
1826 3.2601723873738506
1827 3.2601723873738506
1828 4.141793863073969
1829 4.141793863073969
1830 4.141793863073969
1831 4.141793863073969
1832 4.141793863073969
1833 4.573524997961452
1834 4.573524997961452
1835 4.573524997961452
1836 4.573524997961452
1837 4.573524997961452
1838 1.5872022827421541
1839 1.5872022827421541
1840 2.2628745205703393
1841 2.2628745205703393
1842 2.2628745205703393
1843 2.2628745205703393
1844 2.2628745205703393
1845 2.026971105186476
1846 2.026971105186476
1847 2.026971105186476
1848 2.026971105186476
1849 2.026971105186476
1850 2.7202946370685956
1851 2.7202946370685956
1852 2.7202946370685956
1853 2.7202946370685956
1854 2.7202946370685956
1855 2.6662203133364613
1856 2.6662203133364613
1857 2.6662203133364613
1858 2.6662203133364613
1859 2.6662203133364613
1860 2.436025206935896
1861 2.436025206935896
1862 2.436025206935896
1863 2.436025206935896
1864 2.436025206935896
1865 2.570609724898009
1866 2.570609724898009
1867 2.570609724898009
1868 2.570609724898009
1869 2.570609724898009
1870 2.994107275053491
1871 2.994107275053491
1872 2.994107275053491
1873 2.994107275053491
1874 2.994107275053491
1875 1.8361273562625102
1876 1.8361273562625102
1877 1.8361273562625102
1878 1.8361273562625102
1879 1.8361273562625102
1880 0.9555601213333549
1881 0.9555601213333549
1882 0.9555601213333549
1883 0.9555601213333549
1884 0.9555601213333549
1885 2.460725476534702
1886 2.460725476534702
1887 2.460725476534702
1888 2.460725476534702
1889 2.460725476534702
1890 2.0438377019725085
1891 2.0438377019725085
1892 2.0438377019725085
1893 2.0438377019725085
1894 2.0438377019725085
1895 2.446317895499978
1896 2.446317895499978
1897 2.446317895499978
1898 2.446317895499978
1899 2.446317895499978
1900 2.793409923284453
1901 2.793409923284453
1902 2.793409923284453
1903 2.793409923284453
1904 2.793409923284453
1905 1.9186742028026662
1906 1.9186742028026662
1907 1.9186742028026662
1908 1.9186742028026662
1909 1.9186742028026662
1910 2.5267931066756235
1911 2.5267931066756235
1912 0.6556567888831403
1913 0.6556567888831403
1914 0.6556567888831403
1915 0.6556567888831403
1916 0.6556567888831403
1917 0.7442758594197849
1918 0.7442758594197849
1919 0.7442758594197849
1920 0.7442758594197849
1921 0.7442758594197849
1922 0.9045549000080573
1923 0.9045549000080573
1924 0.9045549000080573
1925 0.9045549000080573
1926 0.9045549000080573
1927 0.625427515469583
1928 0.625427515469583
1929 0.625427515469583
1930 0.625427515469583
1931 0.15048138369384192
1932 0.15048138369384192
1933 0.15048138369384192
1934 0.15048138369384192
1935 1.6583556889179476
1936 1.6583556889179476
1937 1.6583556889179476
1938 1.6583556889179476
1939 1.6583556889179476
1940 1.9021973078620096
1941 1.9021973078620096
1942 1.9021973078620096
1943 1.9021973078620096
1944 1.9021973078620096
1945 1.646435817426284
1946 1.646435817426284
1947 1.646435817426284
1948 1.646435817426284
1949 1.646435817426284
1950 2.095096319980253
1951 2.095096319980253
1952 2.095096319980253
1953 2.095096319980253
1954 2.095096319980253
1955 1.9112876760237456
1956 1.9112876760237456
1957 1.9112876760237456
1958 1.9112876760237456
1959 1.9112876760237456
1960 1.9043584777952405
1961 1.9043584777952405
1962 1.9043584777952405
1963 1.9043584777952405
1964 1.9043584777952405
1965 1.8648291390671685
1966 1.8648291390671685
1967 1.8648291390671685
1968 1.8648291390671685
1969 1.8648291390671685
1970 1.1242581187288772
1971 1.1242581187288772
1972 1.1242581187288772
1973 1.1242581187288772
1974 1.1242581187288772
1975 1.454181981237337
1976 1.454181981237337
1977 4.372436850922805
1978 4.372436850922805
1979 4.372436850922805
1980 4.372436850922805
1981 4.372436850922805
1982 4.239361379145894
1983 4.718471871305809
1984 4.718471871305809
1985 4.718471871305809
1986 4.718471871305809
1987 4.718471871305809
1988 4.114119882835111
1989 4.114119882835111
1990 4.114119882835111
1991 4.114119882835111
1992 4.114119882835111
1993 1.4257728594748444
1994 1.4257728594748444
1995 1.4257728594748444
1996 1.4257728594748444
1997 1.4257728594748444
1998 2.1975115453006744
1999 2.1975115453006744
