0 2.635950248113847
1 2.635950248113847
2 2.635950248113847
3 3.5426306659444724
4 3.5426306659444724
5 3.5426306659444724
6 3.303593052953201
7 3.303593052953201
8 3.303593052953201
9 3.2660741199003667
10 3.2660741199003667
11 3.2660741199003667
12 2.704437654743031
13 2.704437654743031
14 2.704437654743031
15 3.1920458215009764
16 3.1920458215009764
17 3.1920458215009764
18 2.474898838311315
19 2.474898838311315
20 2.474898838311315
21 2.839937729939194
22 2.839937729939194
23 2.839937729939194
24 2.9015473498882605
25 2.9015473498882605
26 2.9015473498882605
27 2.7649427151146835
28 2.7649427151146835
29 2.7649427151146835
30 4.819097706245856
31 4.819097706245856
32 4.819097706245856
33 4.590652976672426
34 4.590652976672426
35 4.590652976672426
36 3.8703611826760405
37 3.8703611826760405
38 3.8703611826760405
39 3.5671744378366297
40 3.5671744378366297
41 3.5671744378366297
42 4.993725254686468
43 4.993725254686468
44 4.993725254686468
45 3.627983846518843
46 3.627983846518843
47 3.627983846518843
48 4.3128264952938755
49 4.3128264952938755
50 4.3128264952938755
51 4.48188684633695
52 4.48188684633695
53 4.48188684633695
54 4.389746297046321
55 4.389746297046321
56 4.389746297046321
57 3.9622974004602245
58 3.9622974004602245
59 3.9622974004602245
60 4.109601746021768
61 4.109601746021768
62 4.109601746021768
63 4.459233945962001
64 4.459233945962001
65 4.459233945962001
66 3.810790525776283
67 3.810790525776283
68 3.810790525776283
69 3.8136440628927386
70 3.8136440628927386
71 3.8136440628927386
72 5.465577119376425
73 5.465577119376425
74 5.465577119376425
75 3.5347945046225844
76 3.5347945046225844
77 3.5347945046225844
78 3.635406263231992
79 3.635406263231992
80 3.635406263231992
81 5.129940590854284
82 5.129940590854284
83 5.129940590854284
84 3.2371380734780537
85 3.2371380734780537
86 3.2371380734780537
87 4.529038071176748
88 4.529038071176748
89 4.529038071176748
90 4.405789645044937
91 4.405789645044937
92 4.405789645044937
93 3.735970691090374
94 3.735970691090374
95 3.735970691090374
96 4.252714856047961
97 4.252714856047961
98 4.252714856047961
99 4.451142793263048
100 4.451142793263048
101 4.451142793263048
102 5.192091507279887
103 5.192091507279887
104 5.192091507279887
105 4.395286617604661
106 4.395286617604661
107 4.395286617604661
108 4.415384948827883
109 4.415384948827883
110 4.415384948827883
111 4.063667196945422
112 4.063667196945422
113 4.063667196945422
114 4.811638582227449
115 4.811638582227449
116 4.811638582227449
117 4.006286802642555
118 4.006286802642555
119 4.006286802642555
120 5.281159896936982
121 5.281159896936982
122 5.281159896936982
123 4.400426555479296
124 4.400426555479296
125 4.400426555479296
126 5.147695919735679
127 5.147695919735679
128 5.147695919735679
129 4.307992868749584
130 4.307992868749584
131 4.307992868749584
132 4.513817526089896
133 4.513817526089896
134 4.513817526089896
135 5.0729132864319135
136 5.0729132864319135
137 5.0729132864319135
138 4.500144575569623
139 4.500144575569623
140 4.500144575569623
141 4.133712036686643
142 4.133712036686643
143 4.133712036686643
144 4.174967867031443
145 4.174967867031443
146 4.174967867031443
147 4.311836765419897
148 4.311836765419897
149 4.311836765419897
150 3.676960058652763
151 3.676960058652763
152 3.676960058652763
153 3.4111818560291045
154 3.4111818560291045
155 3.4111818560291045
156 4.3257226848825985
157 4.3257226848825985
158 4.3257226848825985
159 4.887031724320398
160 4.887031724320398
161 4.887031724320398
162 4.611916235894331
163 4.611916235894331
164 4.611916235894331
165 4.51175788899354
166 4.51175788899354
167 4.51175788899354
168 4.5158668991311535
169 4.5158668991311535
170 4.5158668991311535
171 4.0175208640962365
172 4.0175208640962365
173 4.0175208640962365
174 3.3267198282375485
175 3.3267198282375485
176 3.3267198282375485
177 3.927841942958053
178 3.927841942958053
179 3.927841942958053
180 3.7075147572431426
181 3.7075147572431426
182 3.7075147572431426
183 3.758326889236595
184 3.758326889236595
185 3.758326889236595
186 4.805334302840956
187 4.805334302840956
188 4.805334302840956
189 5.2864489612064975
190 5.2864489612064975
191 5.2864489612064975
192 4.546597431219271
193 4.546597431219271
194 4.546597431219271
195 4.322555041985263
196 4.322555041985263
197 4.322555041985263
198 5.0376807596825
199 5.0376807596825
200 5.0376807596825
201 3.370127759841926
202 3.370127759841926
203 3.370127759841926
204 3.128577809453775
205 3.128577809453775
206 3.128577809453775
207 4.529535046158274
208 4.529535046158274
209 4.529535046158274
210 3.861214237287752
211 3.861214237287752
212 3.861214237287752
213 3.9219924815589344
214 3.9219924815589344
215 3.9219924815589344
216 2.6414216540420683
217 2.6414216540420683
218 2.6414216540420683
219 2.0020798785093517
220 2.0020798785093517
221 2.0020798785093517
222 2.78664019620112
223 2.78664019620112
224 2.78664019620112
225 2.361407489740797
226 2.361407489740797
227 2.361407489740797
228 2.5225580857868866
229 2.5225580857868866
230 2.5225580857868866
231 2.288137611701326
232 2.288137611701326
233 2.288137611701326
234 2.6711722602089685
235 2.6711722602089685
236 2.6711722602089685
237 2.4147648460296995
238 2.4147648460296995
239 2.4147648460296995
240 2.495715177049996
241 2.495715177049996
242 2.495715177049996
243 1.979068059978129
244 1.979068059978129
245 1.979068059978129
246 2.539594686677254
247 2.539594686677254
248 2.539594686677254
249 2.209476738325859
250 2.209476738325859
251 2.209476738325859
252 2.447665316344866
253 2.447665316344866
254 2.447665316344866
255 2.913756909301266
256 2.913756909301266
257 2.913756909301266
258 3.0696130852777985
259 3.0696130852777985
260 3.0696130852777985
261 1.886599965937927
262 1.886599965937927
263 1.886599965937927
264 2.400982151764926
265 2.400982151764926
266 2.400982151764926
267 2.6002733367643622
268 2.6002733367643622
269 2.6002733367643622
270 2.437119779353484
271 2.437119779353484
272 2.437119779353484
273 2.620789471812324
274 2.620789471812324
275 2.620789471812324
276 2.608936902661649
277 2.608936902661649
278 2.608936902661649
279 2.178855453490282
280 2.178855453490282
281 2.178855453490282
282 2.991748644914686
283 2.991748644914686
284 2.991748644914686
285 2.52124499861054
286 2.52124499861054
287 2.52124499861054
288 2.2650002042546165
289 2.2650002042546165
290 2.2650002042546165
291 1.9301677183129295
292 1.9301677183129295
293 1.9301677183129295
294 2.7341826809176957
295 2.7341826809176957
296 2.7341826809176957
297 2.164296166116223
298 2.164296166116223
299 2.164296166116223
300 2.17312007015852
301 2.17312007015852
302 2.17312007015852
303 2.4050567531346494
304 2.4050567531346494
305 2.4050567531346494
306 2.1325091958560507
307 2.1325091958560507
308 2.1325091958560507
309 2.8329880327225494
310 2.8329880327225494
311 2.8329880327225494
312 2.90660586915743
313 2.90660586915743
314 2.90660586915743
315 2.3780615049327136
316 2.3780615049327136
317 2.3780615049327136
318 2.5034622904624566
319 2.5034622904624566
320 2.5034622904624566
321 2.1157352778030627
322 2.1157352778030627
323 2.1157352778030627
324 2.0373135806321696
325 2.0373135806321696
326 2.0373135806321696
327 2.636563363264216
328 2.636563363264216
329 2.636563363264216
330 2.62582633538315
331 2.62582633538315
332 2.62582633538315
333 2.609710187850437
334 2.609710187850437
335 2.609710187850437
336 2.185777606579196
337 2.185777606579196
338 2.185777606579196
339 3.221309187413237
340 3.221309187413237
341 3.221309187413237
342 2.2324622074668374
343 2.2324622074668374
344 2.2324622074668374
345 2.777123546588576
346 2.777123546588576
347 2.777123546588576
348 2.957987796148317
349 2.957987796148317
350 2.957987796148317
351 2.422931185510333
352 2.422931185510333
353 2.422931185510333
354 2.507319766201137
355 2.083869967503981
356 2.083869967503981
357 2.083869967503981
358 1.8919683742984796
359 1.8919683742984796
360 1.8919683742984796
361 1.9553106472085657
362 1.9553106472085657
363 1.9553106472085657
364 2.1626565163500473
365 2.1626565163500473
366 2.1626565163500473
367 1.7295989259787141
368 1.7295989259787141
369 1.7295989259787141
370 1.9421345036178423
371 1.9421345036178423
372 1.9421345036178423
373 2.348677900555523
374 2.348677900555523
375 2.348677900555523
376 2.279178507503185
377 2.279178507503185
378 2.279178507503185
379 2.2027123291876025
380 2.2027123291876025
381 2.2027123291876025
382 2.395824025221274
383 2.395824025221274
384 2.395824025221274
385 1.9822993113109342
386 1.9822993113109342
387 1.9822993113109342
388 2.2126780869804525
389 2.2126780869804525
390 2.2126780869804525
391 1.7500324482143665
392 1.7500324482143665
393 1.7500324482143665
394 1.8224154670875525
395 1.8224154670875525
396 1.8224154670875525
397 1.8641930384445555
398 1.8641930384445555
399 1.8641930384445555
400 2.148127472938133
401 2.148127472938133
402 2.148127472938133
403 1.50031394821204
404 0.6349344687698034
405 0.6349344687698034
406 0.6349344687698034
407 0.5142431642584127
408 0.5142431642584127
409 0.5142431642584127
410 0.624818217716422
411 0.624818217716422
412 0.624818217716422
413 0.723911984338916
414 0.723911984338916
415 0.723911984338916
416 0.6640662492756736
417 0.6640662492756736
418 0.6640662492756736
419 0.7029897884748115
420 0.7029897884748115
421 0.7029897884748115
422 0.6353608795341895
423 0.6353608795341895
424 0.6353608795341895
425 0.595734908644526
426 0.595734908644526
427 0.595734908644526
428 0.5692680173925093
429 0.5692680173925093
430 0.5692680173925093
431 0.6943161859551351
432 0.6943161859551351
433 0.6943161859551351
434 0.7251886923164788
435 0.7251886923164788
436 0.7251886923164788
437 0.6828516159515282
438 0.6828516159515282
439 0.6828516159515282
440 0.682270532327958
441 0.682270532327958
442 0.682270532327958
443 0.8373532272679376
444 0.8373532272679376
445 0.8373532272679376
446 0.6251436932479897
447 0.6251436932479897
448 0.6251436932479897
449 0.4925584950754412
450 0.4925584950754412
451 0.4925584950754412
452 0.6323923615726708
453 0.6323923615726708
454 0.6323923615726708
455 0.6285527773241251
456 0.6285527773241251
457 0.6285527773241251
458 0.6743691241334623
459 0.6743691241334623
460 0.6743691241334623
461 0.5242416518758477
462 0.5242416518758477
463 1.8729768753657738
464 1.8729768753657738
465 1.8729768753657738
466 1.6688076209409746
467 1.6688076209409746
468 1.6688076209409746
469 2.200132137713643
470 2.200132137713643
471 2.200132137713643
472 1.8396127816814998
473 1.8396127816814998
474 1.8396127816814998
475 2.1817893186306354
476 2.1817893186306354
477 2.1817893186306354
478 2.3381308666232825
479 2.3381308666232825
480 2.3381308666232825
481 1.8541396132069372
482 1.8541396132069372
483 1.8541396132069372
484 2.316867575994041
485 2.316867575994041
486 2.316867575994041
487 1.8013713620042768
488 1.8013713620042768
489 1.8013713620042768
490 2.300510081130715
491 2.300510081130715
492 2.300510081130715
493 1.9046746830192243
494 1.9046746830192243
495 1.9046746830192243
496 1.1260315174252458
497 1.1260315174252458
498 1.1260315174252458
499 1.0447133018963657
500 1.0447133018963657
501 1.0447133018963657
502 1.118934242687367
503 1.118934242687367
504 1.118934242687367
505 1.05725535813257
506 1.05725535813257
507 1.05725535813257
508 1.1771977506412685
509 1.1771977506412685
510 1.1771977506412685
511 0.9176489294466044
512 0.9176489294466044
513 0.9176489294466044
514 1.1024707580432755
515 1.1024707580432755
516 1.1024707580432755
517 0.9203170036377593
518 0.9203170036377593
519 0.9203170036377593
520 1.1091364751634665
521 1.1091364751634665
522 1.1091364751634665
523 1.2124870449768597
524 1.2124870449768597
525 1.2124870449768597
526 1.0949662595760294
527 1.0949662595760294
528 1.0949662595760294
529 1.3173189796685723
530 1.3173189796685723
531 1.3173189796685723
532 1.0560730764429527
533 1.0560730764429527
534 1.0560730764429527
535 1.1609184937419375
536 1.1609184937419375
537 1.1609184937419375
538 0.9140445583023643
539 0.9140445583023643
540 0.9140445583023643
541 1.037506890764415
542 1.037506890764415
543 1.037506890764415
544 1.2573791647352288
545 1.2573791647352288
546 1.2573791647352288
547 1.1236715469184706
548 1.1236715469184706
549 1.1236715469184706
550 1.0422895520391187
551 1.0422895520391187
552 1.0422895520391187
553 1.1035419096051684
554 1.1035419096051684
555 1.1035419096051684
556 0.9450309839786637
557 0.9450309839786637
558 0.9450309839786637
559 1.1827125088033827
560 1.1827125088033827
561 1.1827125088033827
562 1.0761451338491694
563 1.0761451338491694
564 1.0761451338491694
565 1.12614939260199
566 1.12614939260199
567 1.12614939260199
568 1.1847926256805061
569 1.1847926256805061
570 1.1847926256805061
571 1.3418360329291947
572 1.3418360329291947
573 1.3418360329291947
574 1.4103389088211737
575 1.4103389088211737
576 1.4103389088211737
577 1.3702865763933292
578 1.3702865763933292
579 1.3702865763933292
580 1.4680151945332376
581 1.4680151945332376
582 1.4680151945332376
583 1.3521512641565594
584 1.3521512641565594
585 1.3521512641565594
586 1.3214933670911593
587 1.3214933670911593
588 1.3214933670911593
589 1.6178436662216102
590 1.6178436662216102
591 1.6178436662216102
592 1.620262333436751
593 1.620262333436751
594 1.620262333436751
595 1.5608260775635514
596 1.5608260775635514
597 1.5608260775635514
598 1.485917956650826
599 1.485917956650826
600 1.485917956650826
601 1.6373376881184185
602 1.6373376881184185
603 1.6373376881184185
604 1.587545296706464
605 1.587545296706464
606 1.587545296706464
607 1.2895021124428323
608 1.2895021124428323
609 1.2895021124428323
610 1.4323120200149217
611 1.4323120200149217
612 1.4323120200149217
613 1.461972224641966
614 1.461972224641966
615 1.461972224641966
616 1.4839038448054223
617 1.4839038448054223
618 1.4839038448054223
619 1.8937774754856453
620 1.8937774754856453
621 1.8937774754856453
622 1.9534722224989478
623 1.9534722224989478
624 1.9534722224989478
625 1.7456890315270104
626 1.7456890315270104
627 1.7456890315270104
628 1.5838786958121867
629 1.5838786958121867
630 1.5838786958121867
631 1.584858971031821
632 1.584858971031821
633 1.584858971031821
634 1.9346073854102854
635 1.9346073854102854
636 1.9346073854102854
637 1.7200742662322885
638 1.7200742662322885
639 1.7200742662322885
640 1.6945287646871898
641 1.6945287646871898
642 1.6945287646871898
643 1.5157738498865965
644 1.5157738498865965
645 1.5157738498865965
646 1.37974226364692
647 1.37974226364692
648 1.37974226364692
649 1.4918869175935565
650 1.4918869175935565
651 1.4918869175935565
652 1.506202579448306
653 1.506202579448306
654 1.506202579448306
655 1.5690072487724063
656 1.5690072487724063
657 1.5690072487724063
658 1.5582656007099398
659 1.5582656007099398
660 1.5582656007099398
661 1.7935412495832486
662 1.7935412495832486
663 1.7935412495832486
664 1.9034065426999667
665 1.9034065426999667
666 1.9034065426999667
667 1.6563394061676735
668 1.6563394061676735
669 1.6563394061676735
670 1.4961467984718155
671 1.4961467984718155
672 1.4961467984718155
673 1.3034974205686078
674 1.3034974205686078
675 1.3034974205686078
676 1.6160756560781102
677 1.6160756560781102
678 1.6160756560781102
679 1.3749294768061533
680 1.3749294768061533
681 3.7340583291909244
682 3.7340583291909244
683 3.7340583291909244
684 2.8870064756399563
685 2.8870064756399563
686 2.8870064756399563
687 3.7975936363096348
688 3.7975936363096348
689 3.7975936363096348
690 2.5934024927101538
691 2.5934024927101538
692 2.5934024927101538
693 3.666166605027446
694 3.666166605027446
695 3.666166605027446
696 3.7001304741077328
697 3.7001304741077328
698 3.7001304741077328
699 3.282674359820236
700 3.282674359820236
701 3.282674359820236
702 3.5130480294078557
703 3.5130480294078557
704 3.5130480294078557
705 3.6811849169195177
706 3.6811849169195177
707 3.6811849169195177
708 3.890428786329523
709 3.890428786329523
710 3.890428786329523
711 3.2082004065900334
712 3.2082004065900334
713 3.2082004065900334
714 4.259077283075097
715 4.259077283075097
716 4.259077283075097
717 3.1827873002849203
718 3.1827873002849203
719 3.1827873002849203
720 3.3466203756394353
721 3.3466203756394353
722 3.3466203756394353
723 3.6472097439019846
724 3.6472097439019846
725 3.6472097439019846
726 3.6138323301125137
727 3.6138323301125137
728 3.6138323301125137
729 3.116110421360587
730 3.116110421360587
731 3.116110421360587
732 3.7152364599159564
733 3.7152364599159564
734 3.7152364599159564
735 3.920141196274912
736 3.920141196274912
737 3.920141196274912
738 3.2682360354678943
739 3.2682360354678943
740 3.2682360354678943
741 3.05750534943842
742 3.05750534943842
743 3.05750534943842
744 3.31715582410158
745 3.31715582410158
746 3.31715582410158
747 2.86194602883111
748 2.86194602883111
749 2.86194602883111
750 3.1959480863966796
751 3.1959480863966796
752 3.1959480863966796
753 2.711849738937872
754 2.711849738937872
755 2.711849738937872
756 3.0078960202638783
757 3.0078960202638783
758 3.0078960202638783
759 3.5415337274749237
760 3.5415337274749237
761 3.5415337274749237
762 3.2984855029570834
763 3.2984855029570834
764 3.2984855029570834
765 3.3934163266129818
766 3.3934163266129818
767 3.3934163266129818
768 2.8231949787901742
769 2.8231949787901742
770 2.8231949787901742
771 3.371492023218901
772 3.371492023218901
773 3.371492023218901
774 3.268532349554235
775 3.268532349554235
776 3.268532349554235
777 4.068456659347392
778 4.068456659347392
779 4.068456659347392
780 3.6333446180057356
781 3.6333446180057356
782 3.6333446180057356
783 3.3829954413159036
784 3.3829954413159036
785 3.3829954413159036
786 3.185161936444718
787 3.185161936444718
788 3.185161936444718
789 3.8878197307563953
790 3.8878197307563953
791 3.8878197307563953
792 3.700207129489998
793 3.700207129489998
794 3.700207129489998
795 3.64288529974488
796 3.64288529974488
797 3.64288529974488
798 2.580105709810636
799 2.580105709810636
800 2.580105709810636
801 3.0075360751716746
802 3.0075360751716746
803 3.0075360751716746
804 3.3783674116843825
805 3.3783674116843825
806 3.3783674116843825
807 3.0219741155714956
808 3.0219741155714956
809 3.0219741155714956
810 3.1067585397839763
811 3.1067585397839763
812 3.1067585397839763
813 3.5120949471036225
814 3.5120949471036225
815 3.5120949471036225
816 3.6848937417776897
817 3.6848937417776897
818 3.6848937417776897
819 3.360247171023221
820 3.360247171023221
821 3.360247171023221
822 3.8839953826196725
823 3.8839953826196725
824 3.8839953826196725
825 3.2448302440934937
826 3.2448302440934937
827 3.2448302440934937
828 2.6013201190834123
829 2.6013201190834123
830 2.6013201190834123
831 3.957144494960456
832 3.957144494960456
833 3.957144494960456
834 3.160577624755309
835 3.160577624755309
836 3.160577624755309
837 3.546712428749196
838 3.546712428749196
839 3.546712428749196
840 3.597234803190844
841 3.597234803190844
842 3.597234803190844
843 0.6192486894328605
844 0.6192486894328605
845 0.6192486894328605
846 0.6317761563839451
847 0.6317761563839451
848 0.6317761563839451
849 0.6088582559189724
850 0.6088582559189724
851 0.6088582559189724
852 0.6561789295693707
853 0.6561789295693707
854 0.6561789295693707
855 0.7666078956897137
856 0.7666078956897137
857 0.7666078956897137
858 0.7096012987811483
859 0.7096012987811483
860 0.7096012987811483
861 0.6803406929448994
862 0.6803406929448994
863 0.6803406929448994
864 0.6506973851790714
865 0.6506973851790714
866 0.6506973851790714
867 0.6685150299033565
868 0.6685150299033565
869 0.6685150299033565
870 0.6353383597303045
871 0.6353383597303045
872 0.6353383597303045
873 0.6750674413827356
874 0.6750674413827356
875 0.6750674413827356
876 0.6593991646416271
877 0.6593991646416271
878 0.6593991646416271
879 0.7101219126286056
880 0.7101219126286056
881 0.7101219126286056
882 0.6351836184045716
883 0.6351836184045716
884 0.6351836184045716
885 0.6767964371608521
886 0.6767964371608521
887 0.6767964371608521
888 0.6973561137540836
889 0.6973561137540836
890 0.6973561137540836
891 0.6248809217758492
892 0.6248809217758492
893 0.6248809217758492
894 0.6910597380120059
895 0.6910597380120059
896 0.6910597380120059
897 0.6594754825209016
898 0.6594754825209016
899 0.6594754825209016
900 0.8206664007889097
901 0.8206664007889097
902 0.8206664007889097
903 0.6155231246230083
904 0.6155231246230083
905 0.6155231246230083
906 0.5670006688168131
907 0.5670006688168131
908 0.5670006688168131
909 0.6482031753116863
910 0.6482031753116863
911 3.6050376926969148
912 3.6050376926969148
913 3.6050376926969148
914 3.947028670443585
915 3.947028670443585
916 3.947028670443585
917 3.788993860541188
918 3.788993860541188
919 3.788993860541188
920 3.0066050467870813
921 3.0066050467870813
922 3.0066050467870813
923 3.174880994787732
924 3.174880994787732
925 3.174880994787732
926 3.621054971572584
927 3.621054971572584
928 3.621054971572584
929 2.5474265320235987
930 2.5474265320235987
931 2.5474265320235987
932 3.921401936877684
933 3.921401936877684
934 3.921401936877684
935 3.302685499069207
936 3.302685499069207
937 3.302685499069207
938 3.4167617800723455
939 3.4167617800723455
940 3.4167617800723455
941 4.020890813638335
942 4.020890813638335
943 4.020890813638335
944 3.3589120869890974
945 3.3589120869890974
946 3.3589120869890974
947 3.039374154199291
948 3.039374154199291
949 3.039374154199291
950 2.943218740687624
951 2.943218740687624
952 2.943218740687624
953 3.4106061212132457
954 3.4106061212132457
955 3.4106061212132457
956 3.2646106860681523
957 3.2646106860681523
958 3.2646106860681523
959 2.99523032112841
960 2.99523032112841
961 2.99523032112841
962 3.341857020614668
963 3.341857020614668
964 3.341857020614668
965 3.880852231444232
966 3.880852231444232
967 3.880852231444232
968 3.4647196114591603
969 3.4647196114591603
970 3.4647196114591603
971 3.677608887575327
972 3.677608887575327
973 3.677608887575327
974 3.226028662904086
975 3.226028662904086
976 3.226028662904086
977 2.7798121242851996
978 2.7798121242851996
979 2.7798121242851996
980 3.3347551986470623
981 3.3347551986470623
982 3.3347551986470623
983 3.612138587870122
984 3.612138587870122
985 3.612138587870122
986 3.1888195329495455
987 3.1888195329495455
988 3.1888195329495455
989 2.6462638772324096
990 2.6462638772324096
991 2.6462638772324096
992 3.537643297366001
993 3.537643297366001
994 3.537643297366001
995 3.9620129827823023
996 3.9620129827823023
997 3.9620129827823023
998 3.243256400625289
999 3.243256400625289
1000 3.243256400625289
1001 3.2435387467650854
1002 3.2435387467650854
1003 3.2435387467650854
1004 3.4027506899051434
1005 3.4027506899051434
1006 3.4027506899051434
1007 4.0477318203906405
1008 4.0477318203906405
1009 4.0477318203906405
1010 2.8266173973400237
1011 2.8266173973400237
1012 2.8266173973400237
1013 3.103021638211634
1014 3.103021638211634
1015 3.103021638211634
1016 3.379781201284519
1017 3.379781201284519
1018 3.379781201284519
1019 3.6647389874464658
1020 3.6647389874464658
1021 3.6647389874464658
1022 3.5679015068117415
1023 3.5679015068117415
1024 3.5679015068117415
1025 3.91941053942487
1026 3.91941053942487
1027 3.91941053942487
1028 3.216578169278442
1029 3.216578169278442
1030 3.216578169278442
1031 1.9074498387373655
1032 1.9074498387373655
1033 1.9074498387373655
1034 4.170273893014378
1035 4.170273893014378
1036 4.170273893014378
1037 3.656834111278605
1038 3.656834111278605
1039 3.656834111278605
1040 3.1787186670793455
1041 3.1787186670793455
1042 3.1787186670793455
1043 3.91206795229105
1044 3.91206795229105
1045 3.91206795229105
1046 3.214236851078501
1047 3.214236851078501
1048 3.214236851078501
1049 3.2435725686215156
1050 3.2435725686215156
1051 3.2435725686215156
1052 4.1036739457510265
1053 4.1036739457510265
1054 4.1036739457510265
1055 3.7887807496408747
1056 3.7887807496408747
1057 3.7887807496408747
1058 2.959075130297726
1059 2.959075130297726
1060 2.959075130297726
1061 2.9935420070366607
1062 2.9935420070366607
1063 2.9935420070366607
1064 3.815376251575404
1065 3.815376251575404
1066 3.815376251575404
1067 4.021170214126525
1068 4.021170214126525
1069 4.021170214126525
1070 2.6032382595467563
1071 2.6032382595467563
1072 2.6032382595467563
1073 2.9724038979481966
1074 2.9724038979481966
1075 2.9724038979481966
1076 2.870885188381031
1077 2.870885188381031
1078 2.870885188381031
1079 3.5991712435824246
1080 3.5991712435824246
1081 3.5991712435824246
1082 3.6766769886240556
1083 3.6766769886240556
1084 3.6766769886240556
1085 3.459810334094903
1086 3.459810334094903
1087 3.459810334094903
1088 3.2137055291503067
1089 3.2137055291503067
1090 3.2137055291503067
1091 3.5359652057828024
1092 3.5359652057828024
1093 3.5359652057828024
1094 2.7259926430602466
1095 2.7259926430602466
1096 3.9985139588819836
1097 3.9985139588819836
1098 3.9985139588819836
1099 4.962199832318643
1100 4.962199832318643
1101 4.962199832318643
1102 4.347438747599768
1103 4.347438747599768
1104 4.347438747599768
1105 5.470739013909393
1106 5.470739013909393
1107 5.470739013909393
1108 4.028967083835437
1109 4.028967083835437
1110 4.028967083835437
1111 4.283434527656669
1112 4.283434527656669
1113 4.283434527656669
1114 3.583771164248705
1115 3.583771164248705
1116 3.583771164248705
1117 4.200620514768575
1118 4.200620514768575
1119 4.200620514768575
1120 4.565331355218278
1121 4.565331355218278
1122 4.565331355218278
1123 4.171570382798687
1124 4.171570382798687
1125 4.171570382798687
1126 4.381383424524364
1127 4.381383424524364
1128 4.381383424524364
1129 3.624727139899043
1130 3.624727139899043
1131 3.624727139899043
1132 4.264064378317893
1133 4.264064378317893
1134 4.264064378317893
1135 3.813345530258787
1136 3.813345530258787
1137 3.813345530258787
1138 3.2893420748425073
1139 3.2893420748425073
1140 3.2893420748425073
1141 4.299990740587261
1142 4.299990740587261
1143 4.299990740587261
1144 4.16722654259756
1145 4.16722654259756
1146 4.16722654259756
1147 4.310529296938777
1148 4.310529296938777
1149 4.310529296938777
1150 4.893824188349541
1151 4.893824188349541
1152 4.893824188349541
1153 5.691586554382016
1154 5.691586554382016
1155 5.691586554382016
1156 4.10530013517633
1157 4.10530013517633
1158 4.10530013517633
1159 4.922682689888033
1160 4.922682689888033
1161 4.922682689888033
1162 4.343997656634101
1163 4.343997656634101
1164 4.343997656634101
1165 3.6771410672419487
1166 3.6771410672419487
1167 3.6771410672419487
1168 4.085263904434427
1169 4.085263904434427
1170 4.085263904434427
1171 3.81993374277367
1172 3.81993374277367
1173 3.81993374277367
1174 4.431897756313564
1175 4.431897756313564
1176 4.431897756313564
1177 4.036429072902132
1178 4.036429072902132
1179 4.036429072902132
1180 4.50089303262607
1181 4.50089303262607
1182 4.50089303262607
1183 3.8004223947028826
1184 3.8004223947028826
1185 3.8004223947028826
1186 3.7782979562697956
1187 3.7782979562697956
1188 3.7782979562697956
1189 5.030685877815876
1190 5.030685877815876
1191 5.030685877815876
1192 5.052270134310074
1193 5.052270134310074
1194 5.052270134310074
1195 4.530603292155918
1196 4.530603292155918
1197 4.530603292155918
1198 4.437635652770641
1199 4.437635652770641
1200 4.437635652770641
1201 3.671391146953535
1202 3.671391146953535
1203 3.671391146953535
1204 4.035309482700023
1205 4.035309482700023
1206 4.035309482700023
1207 4.668562126574502
1208 4.668562126574502
1209 4.668562126574502
1210 5.434591782258446
1211 5.434591782258446
1212 5.434591782258446
1213 4.2678553365982665
1214 4.2678553365982665
1215 4.2678553365982665
1216 5.055545399389286
1217 5.055545399389286
1218 5.055545399389286
1219 4.198466920275537
1220 4.198466920275537
1221 4.198466920275537
1222 3.7725161225961346
1223 3.7725161225961346
1224 3.7725161225961346
1225 3.5353586973269517
1226 3.5353586973269517
1227 3.5353586973269517
1228 4.223714211019597
1229 4.223714211019597
1230 4.223714211019597
1231 4.851671059633648
1232 4.851671059633648
1233 4.851671059633648
1234 3.8519345268512377
1235 3.8519345268512377
1236 3.8519345268512377
1237 4.608096164749307
1238 4.608096164749307
1239 4.608096164749307
1240 4.3979176112912475
1241 4.3979176112912475
1242 4.3979176112912475
1243 4.304365363047475
1244 4.304365363047475
1245 4.304365363047475
1246 3.939977577544109
1247 3.939977577544109
1248 3.939977577544109
1249 4.903716265821665
1250 4.903716265821665
1251 4.903716265821665
1252 3.1125418753251877
1253 3.1125418753251877
1254 3.1125418753251877
1255 4.317169253832412
1256 4.317169253832412
1257 4.317169253832412
1258 4.523454757050446
1259 4.523454757050446
1260 4.523454757050446
1261 4.1845524196493304
1262 4.1845524196493304
1263 4.1845524196493304
1264 3.690706357236472
1265 3.690706357236472
1266 3.690706357236472
1267 3.5406265195148974
1268 3.5406265195148974
1269 3.5406265195148974
1270 5.701511383873629
1271 5.701511383873629
1272 5.701511383873629
1273 5.375664775503978
1274 5.375664775503978
1275 5.375664775503978
1276 4.116531635254251
1277 4.116531635254251
1278 4.116531635254251
1279 5.237674861494578
1280 5.237674861494578
1281 5.237674861494578
1282 4.757983379728112
1283 4.757983379728112
1284 4.757983379728112
1285 3.8999859556865433
1286 3.8999859556865433
1287 3.8999859556865433
1288 5.034096711943533
1289 5.034096711943533
1290 5.034096711943533
1291 3.665497000567809
1292 3.665497000567809
1293 3.665497000567809
1294 4.023762837018072
1295 4.023762837018072
1296 4.023762837018072
1297 4.2592081047935535
1298 4.2592081047935535
1299 4.2592081047935535
1300 4.68873644806038
1301 4.68873644806038
1302 4.68873644806038
1303 3.9744870752643147
1304 3.9744870752643147
1305 3.9744870752643147
1306 4.111025825702242
1307 4.111025825702242
1308 4.111025825702242
1309 3.8573011547859717
1310 3.8573011547859717
1311 3.8573011547859717
1312 4.933533853174109
1313 4.933533853174109
1314 4.933533853174109
1315 4.408821386820375
1316 4.408821386820375
1317 4.408821386820375
1318 4.396655252009624
1319 4.396655252009624
1320 4.396655252009624
1321 3.4540791951834757
1322 3.4540791951834757
1323 3.4540791951834757
1324 3.3646057583213853
1325 3.3646057583213853
1326 3.3646057583213853
1327 4.1776466173152675
1328 4.1776466173152675
1329 4.1776466173152675
1330 4.198460136280457
1331 4.198460136280457
1332 4.198460136280457
1333 4.528292415166322
1334 4.528292415166322
1335 4.528292415166322
1336 3.8959680545119366
1337 3.8959680545119366
1338 3.8959680545119366
1339 4.036059875639587
1340 4.036059875639587
1341 4.036059875639587
1342 3.611975840438155
1343 3.611975840438155
1344 3.611975840438155
1345 4.289997306220053
1346 4.289997306220053
1347 4.289997306220053
1348 4.228406870820718
1349 4.228406870820718
1350 4.228406870820718
1351 3.7369501504663276
1352 3.7369501504663276
1353 3.7369501504663276
1354 4.074022916128899
1355 4.074022916128899
1356 4.074022916128899
1357 3.9912367199240184
1358 3.9912367199240184
1359 3.9912367199240184
1360 3.8698679966863474
1361 3.8698679966863474
1362 3.8698679966863474
1363 4.4047127825718055
1364 4.4047127825718055
1365 4.4047127825718055
1366 4.04258151102596
1367 4.04258151102596
1368 4.04258151102596
1369 4.434566966056049
1370 4.434566966056049
1371 4.434566966056049
1372 4.678024509638669
1373 4.678024509638669
1374 4.678024509638669
1375 4.529006191694072
1376 4.529006191694072
1377 4.529006191694072
1378 4.0733671584019575
1379 4.0733671584019575
1380 4.0733671584019575
1381 4.628000391614
1382 4.628000391614
1383 4.628000391614
1384 4.179420727910392
1385 4.179420727910392
1386 4.179420727910392
1387 5.12016599140311
1388 5.12016599140311
1389 5.12016599140311
1390 4.575031208634347
1391 4.575031208634347
1392 4.575031208634347
1393 5.0910313815444725
1394 5.0910313815444725
1395 5.0910313815444725
1396 3.9067935996731875
1397 3.9067935996731875
1398 3.9067935996731875
1399 4.1187199177249605
1400 4.1187199177249605
1401 4.1187199177249605
1402 3.998464248493448
1403 3.998464248493448
1404 3.998464248493448
1405 3.724174197685087
1406 3.724174197685087
1407 3.724174197685087
1408 3.209270719599375
1409 3.209270719599375
1410 3.209270719599375
1411 3.527166186160108
1412 3.527166186160108
1413 3.527166186160108
1414 4.541668788091987
1415 4.541668788091987
1416 4.541668788091987
1417 4.229902869360448
1418 4.229902869360448
1419 4.229902869360448
1420 4.563773109974425
1421 4.563773109974425
1422 4.563773109974425
1423 4.484928367670109
1424 4.484928367670109
1425 4.484928367670109
1426 3.5192913291401977
1427 3.5192913291401977
1428 3.5192913291401977
1429 4.008810194292718
1430 4.008810194292718
1431 4.008810194292718
1432 4.012485205181864
1433 4.012485205181864
1434 4.012485205181864
1435 3.826671201713332
1436 3.826671201713332
1437 3.826671201713332
1438 4.185101583253268
1439 4.185101583253268
1440 4.185101583253268
1441 3.8612293478991644
1442 3.8612293478991644
1443 3.8612293478991644
1444 4.529394040891954
1445 4.529394040891954
1446 4.529394040891954
1447 4.7178043576683395
1448 4.7178043576683395
1449 4.7178043576683395
1450 4.457573766081793
1451 4.457573766081793
1452 4.457573766081793
1453 3.8999901311715233
1454 3.8999901311715233
1455 3.8999901311715233
1456 4.480926643096617
1457 4.480926643096617
1458 4.480926643096617
1459 4.358322212576392
1460 4.358322212576392
1461 4.358322212576392
1462 3.67309224464844
1463 3.67309224464844
1464 3.67309224464844
1465 4.445488581492112
1466 4.445488581492112
1467 4.445488581492112
1468 3.431341881936209
1469 3.431341881936209
1470 3.431341881936209
1471 4.469606805591683
1472 4.469606805591683
1473 4.469606805591683
1474 5.249054701241782
1475 5.249054701241782
1476 5.249054701241782
1477 3.6750560951118607
1478 3.6750560951118607
1479 3.6750560951118607
1480 4.6027828757725775
1481 4.6027828757725775
1482 4.6027828757725775
1483 4.013926947703127
1484 4.013926947703127
1485 4.013926947703127
1486 3.2528722915324018
1487 3.2528722915324018
1488 3.2528722915324018
1489 4.37112919741665
1490 4.37112919741665
1491 4.37112919741665
1492 3.9941084525280854
1493 3.9941084525280854
1494 3.9941084525280854
1495 4.691412916776843
1496 4.691412916776843
1497 4.691412916776843
1498 5.182011377286879
1499 5.182011377286879
1500 5.182011377286879
1501 3.294991927424365
1502 3.294991927424365
1503 3.294991927424365
1504 3.7842851482644617
1505 3.7842851482644617
1506 3.7842851482644617
1507 3.7852129175136775
1508 3.7852129175136775
1509 3.7852129175136775
1510 4.923682945578771
1511 4.923682945578771
1512 4.923682945578771
1513 4.841288639545368
1514 4.841288639545368
1515 4.841288639545368
1516 3.4846399171632245
1517 3.4846399171632245
1518 3.4846399171632245
1519 3.737284949129894
1520 3.737284949129894
1521 3.737284949129894
1522 4.310566903015451
1523 4.310566903015451
1524 4.310566903015451
1525 3.9507534180846475
1526 3.9507534180846475
1527 3.9507534180846475
1528 3.1906050264820562
1529 3.1906050264820562
1530 3.1906050264820562
1531 6.181478651767608
1532 6.181478651767608
1533 6.181478651767608
1534 3.487677465577745
1535 3.487677465577745
1536 3.487677465577745
1537 5.7137516986325405
1538 5.7137516986325405
1539 5.7137516986325405
1540 4.249997173315166
1541 4.249997173315166
1542 4.249997173315166
1543 4.665228878397877
1544 4.665228878397877
1545 4.665228878397877
1546 5.46352973643898
1547 5.46352973643898
1548 5.46352973643898
1549 3.999039863624028
1550 3.999039863624028
1551 3.999039863624028
1552 3.9247465444065543
1553 3.9247465444065543
1554 3.9247465444065543
1555 3.095490842757896
1556 3.095490842757896
1557 3.095490842757896
1558 3.9152529382317165
1559 3.9152529382317165
1560 3.9152529382317165
1561 4.520263930919046
1562 4.520263930919046
1563 4.520263930919046
1564 4.522964876800276
1565 4.522964876800276
1566 4.522964876800276
1567 4.1264190590697405
1568 4.1264190590697405
1569 4.1264190590697405
1570 3.7973491604404837
1571 3.7973491604404837
1572 3.7973491604404837
1573 2.3899561120297816
1574 2.3899561120297816
1575 2.3899561120297816
1576 2.407343742827425
1577 2.407343742827425
1578 2.407343742827425
1579 2.8912068409985623
1580 2.8912068409985623
1581 2.8912068409985623
1582 2.776913211205617
1583 2.776913211205617
1584 2.776913211205617
1585 2.5379144272277467
1586 2.5379144272277467
1587 2.5379144272277467
1588 2.640850703900022
1589 2.640850703900022
1590 2.640850703900022
1591 2.448022530885559
1592 2.448022530885559
1593 2.448022530885559
1594 2.8499315391834967
1595 2.8499315391834967
1596 2.8499315391834967
1597 2.230124517048644
1598 2.230124517048644
1599 2.230124517048644
1600 2.310273305560521
1601 2.310273305560521
1602 2.310273305560521
1603 2.2916885529397573
1604 2.2916885529397573
1605 2.2916885529397573
1606 2.7215721871106404
1607 2.7215721871106404
1608 2.7215721871106404
1609 2.707027998080726
1610 2.707027998080726
1611 2.707027998080726
1612 3.1371370746155014
1613 3.1371370746155014
1614 3.1371370746155014
1615 2.3977752797114777
1616 2.3977752797114777
1617 2.3977752797114777
1618 2.7139558116926907
1619 2.7139558116926907
1620 2.7139558116926907
1621 2.1579286443388184
1622 2.1579286443388184
1623 2.1579286443388184
1624 2.4423512882653657
1625 2.4423512882653657
1626 2.4423512882653657
1627 3.102518649334608
1628 3.102518649334608
1629 3.102518649334608
1630 2.353487530323029
1631 2.353487530323029
1632 2.353487530323029
1633 1.571014880390464
1634 1.571014880390464
1635 1.571014880390464
1636 2.2971073387554455
1637 2.2971073387554455
1638 2.2971073387554455
1639 2.515762308993947
1640 2.515762308993947
1641 2.515762308993947
1642 2.617261199574696
1643 2.617261199574696
1644 2.617261199574696
1645 2.4801834060760863
1646 2.4801834060760863
1647 2.4801834060760863
1648 2.2756813828046836
1649 2.2756813828046836
1650 2.2756813828046836
1651 2.736133731858969
1652 2.736133731858969
1653 2.736133731858969
1654 2.1127853857281256
1655 2.1127853857281256
1656 2.1127853857281256
1657 2.040867106053085
1658 2.040867106053085
1659 2.040867106053085
1660 2.605265601433247
1661 2.605265601433247
1662 2.605265601433247
1663 2.825550879636038
1664 2.825550879636038
1665 4.879821526544438
1666 4.879821526544438
1667 4.879821526544438
1668 5.7934570023355105
1669 5.7934570023355105
1670 5.7934570023355105
1671 3.7348982356866127
1672 3.7348982356866127
1673 3.7348982356866127
1674 4.089823926192058
1675 4.089823926192058
1676 4.089823926192058
1677 4.2012542329380524
1678 4.2012542329380524
1679 4.2012542329380524
1680 4.386920987070788
1681 4.386920987070788
1682 4.386920987070788
1683 3.836590775833961
1684 3.836590775833961
1685 3.836590775833961
1686 4.656014318441989
1687 4.656014318441989
1688 4.656014318441989
1689 4.069357523413605
1690 4.069357523413605
1691 4.069357523413605
1692 3.8234394595797903
1693 3.8234394595797903
1694 3.8234394595797903
1695 4.524555098929849
1696 4.524555098929849
1697 4.524555098929849
1698 5.185434867965888
1699 5.185434867965888
1700 5.185434867965888
1701 4.690201221709868
1702 4.690201221709868
1703 4.690201221709868
1704 3.619344062431885
1705 3.619344062431885
1706 3.619344062431885
1707 3.924997253166564
1708 3.924997253166564
1709 3.924997253166564
1710 3.2843604649337377
1711 3.2843604649337377
1712 3.2843604649337377
1713 3.612533664186315
1714 3.612533664186315
1715 3.612533664186315
1716 4.440820497720146
1717 4.440820497720146
1718 4.440820497720146
1719 4.017195043085262
1720 4.017195043085262
1721 4.017195043085262
1722 4.079645876293341
1723 4.079645876293341
1724 4.079645876293341
1725 4.086809993565199
1726 4.086809993565199
1727 4.086809993565199
1728 4.118857737669543
1729 4.118857737669543
1730 4.118857737669543
1731 4.634644761996281
1732 4.634644761996281
1733 4.634644761996281
1734 5.0077806940161675
1735 5.0077806940161675
1736 5.0077806940161675
1737 3.68010052318989
1738 3.68010052318989
1739 3.68010052318989
1740 5.008721203991278
1741 5.008721203991278
1742 5.008721203991278
1743 3.8409477468090065
1744 3.8409477468090065
1745 3.8409477468090065
1746 4.551468245270583
1747 4.551468245270583
1748 4.551468245270583
1749 3.8652945552936084
1750 3.8652945552936084
1751 3.8652945552936084
1752 3.826406062904854
1753 3.826406062904854
1754 3.826406062904854
1755 3.962296410574248
1756 3.962296410574248
1757 3.962296410574248
1758 4.15847173968446
1759 4.15847173968446
1760 4.15847173968446
1761 3.6850831484919873
1762 3.6850831484919873
1763 3.6850831484919873
1764 3.6027465095117073
1765 3.6027465095117073
1766 3.6027465095117073
1767 3.8440307257493274
1768 3.8440307257493274
1769 3.8440307257493274
1770 5.103836122585057
1771 5.103836122585057
1772 5.103836122585057
1773 3.6761524633283464
1774 3.6761524633283464
1775 3.6761524633283464
1776 4.993904971990788
1777 4.993904971990788
1778 4.993904971990788
1779 4.399299625340131
1780 4.399299625340131
1781 4.399299625340131
1782 4.137513483813361
1783 4.137513483813361
1784 4.137513483813361
1785 4.2645928330671605
1786 4.2645928330671605
1787 4.2645928330671605
1788 4.6939800609387925
1789 4.6939800609387925
1790 4.6939800609387925
1791 3.78865702492888
1792 3.78865702492888
1793 3.78865702492888
1794 4.876070737824601
1795 4.876070737824601
1796 4.876070737824601
1797 4.6647882883521525
1798 4.6647882883521525
1799 4.6647882883521525
1800 3.6499155007127717
1801 3.6499155007127717
1802 3.6499155007127717
1803 4.530763168670345
1804 4.530763168670345
1805 4.530763168670345
1806 3.7495655247530886
1807 3.7495655247530886
1808 3.7495655247530886
1809 4.370903750132113
1810 4.370903750132113
1811 4.370903750132113
1812 3.612786885936501
1813 3.612786885936501
1814 3.612786885936501
1815 5.085654111185235
1816 5.085654111185235
1817 5.085654111185235
1818 3.89255894481351
1819 3.89255894481351
1820 3.89255894481351
1821 4.924785244186988
1822 4.924785244186988
1823 4.924785244186988
1824 4.12984745794033
1825 4.12984745794033
1826 4.12984745794033
1827 4.298808605085152
1828 4.298808605085152
1829 4.298808605085152
1830 3.9197785847903828
1831 3.9197785847903828
1832 3.9197785847903828
1833 4.233830651590845
1834 4.233830651590845
1835 4.233830651590845
1836 4.023357839228556
1837 4.023357839228556
1838 4.023357839228556
1839 3.659285390524012
1840 3.659285390524012
1841 3.659285390524012
1842 4.822474667032966
1843 4.822474667032966
1844 4.822474667032966
1845 4.855050071423699
1846 4.855050071423699
1847 4.855050071423699
1848 5.020182373579193
1849 5.020182373579193
1850 5.020182373579193
1851 3.5561776287359455
1852 3.5561776287359455
1853 3.5561776287359455
1854 4.1712287221740425
1855 4.1712287221740425
1856 4.1712287221740425
1857 4.895041807674492
1858 4.895041807674492
1859 4.895041807674492
1860 4.7796764988816385
1861 4.7796764988816385
1862 4.7796764988816385
1863 4.38675421531909
1864 4.38675421531909
1865 4.38675421531909
1866 4.298903628931759
1867 4.298903628931759
1868 4.298903628931759
1869 3.6893356826961847
1870 3.6893356826961847
1871 3.6893356826961847
1872 3.6749778816624143
1873 3.6749778816624143
1874 3.6749778816624143
1875 4.298061810850011
1876 4.298061810850011
1877 4.298061810850011
1878 4.366433841118686
1879 4.366433841118686
1880 4.366433841118686
1881 3.8401935124993716
1882 3.8401935124993716
1883 3.8401935124993716
1884 3.9946564327186502
1885 3.9946564327186502
1886 3.9946564327186502
1887 4.213814356114193
1888 4.213814356114193
1889 4.213814356114193
1890 3.408626105445591
1891 3.408626105445591
1892 3.408626105445591
1893 4.751296461027581
1894 4.751296461027581
1895 4.751296461027581
1896 4.5524058980601
1897 4.5524058980601
1898 4.5524058980601
1899 4.207358814694217
1900 4.207358814694217
1901 4.207358814694217
1902 3.9773808421725194
1903 3.9773808421725194
1904 3.9773808421725194
1905 4.297023863263577
1906 4.297023863263577
1907 4.297023863263577
1908 4.139314620726621
1909 4.139314620726621
1910 4.139314620726621
1911 4.925730119461812
1912 4.925730119461812
1913 4.925730119461812
1914 3.8652484845489155
1915 3.8652484845489155
1916 3.8652484845489155
1917 4.379757200236008
1918 4.379757200236008
1919 4.379757200236008
1920 4.9026449510567165
1921 4.9026449510567165
1922 4.9026449510567165
1923 4.850450816655604
1924 4.850450816655604
1925 4.850450816655604
1926 5.195985409794971
1927 5.195985409794971
1928 5.195985409794971
1929 4.915777213582771
1930 4.915777213582771
1931 4.915777213582771
1932 3.576836905097872
1933 3.576836905097872
1934 3.576836905097872
1935 3.7652793418974646
1936 3.7652793418974646
1937 3.7652793418974646
1938 3.432648570418424
1939 3.432648570418424
1940 3.432648570418424
1941 3.8711824044855896
1942 3.8711824044855896
1943 3.8711824044855896
1944 4.193285455296181
1945 4.193285455296181
1946 3.385419248195474
1947 3.385419248195474
1948 3.385419248195474
1949 4.125713327060272
1950 4.125713327060272
1951 4.125713327060272
1952 3.1524426309503655
1953 2.6203611234122404
1954 2.6203611234122404
1955 2.6203611234122404
1956 2.8374206069286507
1957 2.8374206069286507
1958 2.8374206069286507
1959 2.8975853028650964
1960 2.8975853028650964
1961 2.8975853028650964
1962 3.6513748359300524
1963 3.6513748359300524
1964 3.6513748359300524
1965 2.901482482405705
1966 2.901482482405705
1967 2.901482482405705
1968 2.2599214948048543
1969 2.2599214948048543
1970 2.2599214948048543
1971 2.6255113087226256
1972 2.6255113087226256
1973 2.6255113087226256
1974 3.016967103553335
1975 3.016967103553335
1976 3.016967103553335
1977 2.862929764379904
1978 2.862929764379904
1979 2.862929764379904
1980 3.243656639483965
1981 3.243656639483965
1982 3.243656639483965
1983 3.036491177160237
1984 3.036491177160237
1985 3.036491177160237
1986 2.721683235437844
1987 2.721683235437844
1988 2.721683235437844
1989 2.81738016216107
1990 2.81738016216107
1991 2.81738016216107
1992 2.3103331976843844
1993 2.3103331976843844
1994 2.3103331976843844
1995 2.6585352437305034
1996 2.6585352437305034
1997 2.6585352437305034
1998 2.697384001610219
1999 2.697384001610219
