0 3.1001314077347875
1 3.1001314077347875
2 3.1001314077347875
3 3.1001314077347875
4 1.949855056039604
5 1.949855056039604
6 1.949855056039604
7 1.949855056039604
8 4.06093924045576
9 4.06093924045576
10 4.06093924045576
11 4.06093924045576
12 5.852899819223582
13 5.852899819223582
14 5.852899819223582
15 5.852899819223582
16 2.5848559209815143
17 2.5848559209815143
18 2.5848559209815143
19 2.5848559209815143
20 1.7392524122153694
21 1.7392524122153694
22 1.7392524122153694
23 1.7392524122153694
24 2.8556714167056683
25 2.8556714167056683
26 2.8556714167056683
27 2.8556714167056683
28 1.5399266218480872
29 1.5399266218480872
30 1.5399266218480872
31 1.5399266218480872
32 6.234029836808549
33 6.234029836808549
34 6.234029836808549
35 6.234029836808549
36 6.105424345183471
37 6.105424345183471
38 6.105424345183471
39 6.105424345183471
40 1.8986549999380724
41 1.8986549999380724
42 1.8986549999380724
43 1.8986549999380724
44 3.405409498395968
45 3.405409498395968
46 3.405409498395968
47 3.405409498395968
48 2.265875375995247
49 2.265875375995247
50 2.265875375995247
51 2.265875375995247
52 3.624213736424113
53 3.624213736424113
54 3.624213736424113
55 3.624213736424113
56 3.361904674807836
57 3.361904674807836
58 3.361904674807836
59 3.361904674807836
60 4.641140478140768
61 4.641140478140768
62 4.641140478140768
63 4.641140478140768
64 3.6996295859237924
65 3.6996295859237924
66 3.6996295859237924
67 3.6996295859237924
68 0.1
69 0.1
70 0.1
71 0.1
72 1.6707852686904747
73 1.6707852686904747
74 1.6707852686904747
75 1.6707852686904747
76 4.70208450524305
77 4.70208450524305
78 4.70208450524305
79 4.70208450524305
80 4.601916432675297
81 4.601916432675297
82 4.601916432675297
83 4.601916432675297
84 4.124913345216048
85 4.124913345216048
86 4.124913345216048
87 4.124913345216048
88 5.7572285974956925
89 5.7572285974956925
90 5.7572285974956925
91 5.7572285974956925
92 4.639275142949513
93 4.639275142949513
94 4.639275142949513
95 4.639275142949513
96 4.094155736826847
97 0.7420871613484292
98 0.7420871613484292
99 0.7420871613484292
100 0.7420871613484292
101 0.7452762444265021
102 0.7452762444265021
103 0.7452762444265021
104 0.7452762444265021
105 0.7681922713633141
106 0.7681922713633141
107 0.7681922713633141
108 0.7681922713633141
109 0.44136427080780705
110 0.44136427080780705
111 0.44136427080780705
112 0.44136427080780705
113 1.7807304263905264
114 1.7807304263905264
115 1.7807304263905264
116 1.7807304263905264
117 1.0568696118904977
118 1.0568696118904977
119 1.0568696118904977
120 1.0568696118904977
121 1.1996974891176369
122 1.1996974891176369
123 1.1996974891176369
124 1.1996974891176369
125 2.2946168022104083
126 2.2946168022104083
127 2.2946168022104083
128 2.2946168022104083
129 1.9575209772729627
130 1.9575209772729627
131 1.9575209772729627
132 1.9575209772729627
133 2.244844280739685
134 2.244844280739685
135 2.244844280739685
136 2.244844280739685
137 2.281610197098052
138 2.281610197098052
139 2.4911466323279887
140 2.4911466323279887
141 2.4911466323279887
142 2.4911466323279887
143 2.574324600658767
144 2.574324600658767
145 2.574324600658767
146 2.574324600658767
147 4.135466694894143
148 4.135466694894143
149 4.135466694894143
150 4.135466694894143
151 3.8548378544928306
152 3.8548378544928306
153 3.8548378544928306
154 3.8548378544928306
155 1.8952957857221298
156 1.8952957857221298
157 1.8952957857221298
158 1.8952957857221298
159 1.3636804117760253
160 1.3636804117760253
161 1.3636804117760253
162 1.3636804117760253
163 1.9766568066545904
164 1.9766568066545904
165 1.9766568066545904
166 1.9766568066545904
167 1.4654140294878326
168 1.4654140294878326
169 1.4654140294878326
170 1.4654140294878326
171 1.6497795722620383
172 1.6497795722620383
173 1.6497795722620383
174 1.6497795722620383
175 1.090505252368389
176 1.090505252368389
177 2.2356118193982115
178 2.2356118193982115
179 2.2356118193982115
180 2.2356118193982115
181 5.565022110379958
182 5.565022110379958
183 5.565022110379958
184 5.565022110379958
185 2.209665387081326
186 2.209665387081326
187 2.209665387081326
188 2.209665387081326
189 1.0744278827678364
190 1.0744278827678364
191 1.0744278827678364
192 1.0744278827678364
193 6.720536182581572
194 6.720536182581572
195 6.720536182581572
196 6.720536182581572
197 5.422735533102513
198 5.422735533102513
199 5.422735533102513
200 5.422735533102513
201 2.9343220651825894
202 2.9343220651825894
203 2.9343220651825894
204 2.9343220651825894
205 1.4674365031220475
206 1.4674365031220475
207 1.4674365031220475
208 1.4674365031220475
209 2.701255249451601
210 5.271861694299637
211 5.271861694299637
212 5.271861694299637
213 5.271861694299637
214 8.627832883257847
215 8.627832883257847
216 8.627832883257847
217 8.627832883257847
218 3.201951116858667
219 3.201951116858667
220 3.201951116858667
221 3.201951116858667
222 4.267246772367916
223 4.267246772367916
224 4.267246772367916
225 4.267246772367916
226 1.1724095527126392
227 1.1724095527126392
228 1.1724095527126392
229 1.1724095527126392
230 4.142807726954559
231 4.142807726954559
232 0.39273445344107394
233 0.39273445344107394
234 0.39273445344107394
235 0.39273445344107394
236 1.8578982321758668
237 1.8578982321758668
238 1.8578982321758668
239 1.8578982321758668
240 1.736904848042661
241 1.736904848042661
242 1.736904848042661
243 1.736904848042661
244 1.5439642562750822
245 1.5439642562750822
246 1.5439642562750822
247 1.5439642562750822
248 0.3801777237342696
249 0.3801777237342696
250 0.3801777237342696
251 0.3801777237342696
252 2.4482439616217486
253 2.4482439616217486
254 2.4482439616217486
255 2.4482439616217486
256 2.8072668974906962
257 2.8072668974906962
258 2.8072668974906962
259 2.8072668974906962
260 2.5311804885333933
261 2.5311804885333933
262 2.5311804885333933
263 2.5311804885333933
264 0.5714516164945183
265 0.5714516164945183
266 0.5714516164945183
267 0.5714516164945183
268 2.110179726394253
269 0.8617086282331134
270 0.8617086282331134
271 0.8617086282331134
272 0.8617086282331134
273 1.2276755956400986
274 1.2276755956400986
275 1.2276755956400986
276 1.2276755956400986
277 0.6749987792927952
278 0.6749987792927952
279 0.6749987792927952
280 0.6749987792927952
281 1.1507670299944102
282 1.1507670299944102
283 1.1507670299944102
284 1.1507670299944102
285 1.6716465873097524
286 1.6716465873097524
287 1.6716465873097524
288 1.6716465873097524
289 0.6783136427810679
290 0.6783136427810679
291 0.6783136427810679
292 0.6783136427810679
293 0.6228393609027987
294 0.6228393609027987
295 0.6228393609027987
296 0.6228393609027987
297 0.7905178457880304
298 0.7905178457880304
299 0.7905178457880304
300 0.7905178457880304
301 0.5950969527638419
302 0.5950969527638419
303 0.5950969527638419
304 0.5950969527638419
305 1.1988030963720222
306 1.1988030963720222
307 1.1988030963720222
308 1.1988030963720222
309 0.6968077125799566
310 0.6968077125799566
311 0.6968077125799566
312 0.6968077125799566
313 0.9686076615897422
314 0.9686076615897422
315 0.9686076615897422
316 0.9686076615897422
317 0.27259987346106973
318 0.27259987346106973
319 0.27259987346106973
320 0.27259987346106973
321 1.2596904654084278
322 1.2596904654084278
323 1.2596904654084278
324 1.2596904654084278
325 2.3339204973520715
326 2.3339204973520715
327 2.3339204973520715
328 2.3339204973520715
329 1.8661478972259742
330 1.8661478972259742
331 1.8661478972259742
332 1.8661478972259742
333 1.1308932236641969
334 1.1308932236641969
335 1.1308932236641969
336 1.1308932236641969
337 1.616161320295866
338 1.616161320295866
339 3.2936737827251066
340 3.2936737827251066
341 3.2936737827251066
342 3.2936737827251066
343 2.027636603568298
344 2.027636603568298
345 2.027636603568298
346 1.4732066575377065
347 1.4732066575377065
348 1.4732066575377065
349 1.4732066575377065
350 0.3908840530182831
351 0.3908840530182831
352 2.780165514488888
353 2.780165514488888
354 2.780165514488888
355 2.780165514488888
356 2.7892330226029585
357 2.7892330226029585
358 2.7892330226029585
359 2.7892330226029585
360 3.360734509383558
361 3.360734509383558
362 3.360734509383558
363 3.360734509383558
364 4.93030133625811
365 4.93030133625811
366 4.93030133625811
367 4.93030133625811
368 3.820377719572293
369 3.820377719572293
370 3.820377719572293
371 3.820377719572293
372 2.8925176174593266
373 2.8925176174593266
374 2.8925176174593266
375 2.8925176174593266
376 5.172032670127122
377 4.6867999222572925
378 4.6867999222572925
379 4.6867999222572925
380 4.6867999222572925
381 2.256657137317945
382 2.256657137317945
383 2.256657137317945
384 2.256657137317945
385 5.575291992841959
386 5.575291992841959
387 5.575291992841959
388 5.575291992841959
389 5.526093363737534
390 5.526093363737534
391 5.526093363737534
392 5.526093363737534
393 5.79811518256011
394 5.79811518256011
395 5.79811518256011
396 5.79811518256011
397 2.3257451179731525
398 2.3257451179731525
399 2.3257451179731525
400 2.3257451179731525
401 4.698008300547131
402 4.698008300547131
403 4.698008300547131
404 4.698008300547131
405 2.1543570981664217
406 2.1543570981664217
407 2.1543570981664217
408 2.1543570981664217
409 1.5104746041147936
410 1.5104746041147936
411 1.5104746041147936
412 1.5104746041147936
413 4.015347297364334
414 1.8247220047968167
415 1.8247220047968167
416 1.8247220047968167
417 1.8247220047968167
418 2.041823834865953
419 2.041823834865953
420 2.041823834865953
421 2.041823834865953
422 1.168184645422767
423 1.168184645422767
424 1.168184645422767
425 1.168184645422767
426 3.364757709594798
427 3.364757709594798
428 3.364757709594798
429 3.364757709594798
430 1.4045696038890734
431 1.4045696038890734
432 1.4045696038890734
433 1.4045696038890734
434 2.324277569822563
435 2.324277569822563
436 2.324277569822563
437 2.324277569822563
438 0.3315776170558975
439 0.3315776170558975
440 0.3315776170558975
441 0.3315776170558975
442 2.4614178997468716
443 2.4614178997468716
444 2.4614178997468716
445 2.4614178997468716
446 2.3102085074015815
447 2.3102085074015815
448 2.3102085074015815
449 2.3102085074015815
450 1.7882684941887836
451 1.7882684941887836
452 3.2601333529449206
453 3.2601333529449206
454 3.2601333529449206
455 1.2002648964888345
456 1.2002648964888345
457 1.2002648964888345
458 1.2002648964888345
459 7.540149944625485
460 7.540149944625485
461 7.540149944625485
462 7.540149944625485
463 6.438534263201583
464 6.438534263201583
465 6.438534263201583
466 6.438534263201583
467 1.549096842223185
468 1.549096842223185
469 1.549096842223185
470 1.549096842223185
471 2.3233468702951683
472 2.3233468702951683
473 2.3233468702951683
474 2.3233468702951683
475 4.262226674016336
476 4.262226674016336
477 4.262226674016336
478 4.262226674016336
479 3.485441516977227
480 3.485441516977227
481 1.008702190715542
482 1.008702190715542
483 1.008702190715542
484 1.008702190715542
485 0.5570939014863947
486 0.5570939014863947
487 0.5570939014863947
488 0.5570939014863947
489 3.5821335178653673
490 3.5821335178653673
491 3.5821335178653673
492 3.5821335178653673
493 2.4399866799871406
494 2.4399866799871406
495 2.4399866799871406
496 2.4399866799871406
497 1.7779709974359938
498 1.7779709974359938
499 1.7779709974359938
500 1.7779709974359938
501 1.945269371124073
502 1.945269371124073
503 1.945269371124073
504 1.945269371124073
505 1.4931945265315845
506 1.4931945265315845
507 1.4931945265315845
508 1.4931945265315845
509 2.381073907962949
510 2.381073907962949
511 2.381073907962949
512 2.381073907962949
513 1.8824076801757017
514 1.8824076801757017
515 1.8824076801757017
516 1.8824076801757017
517 1.5016252430081707
518 1.5016252430081707
519 1.5016252430081707
520 1.5016252430081707
521 1.087340580559605
522 1.087340580559605
523 1.087340580559605
524 1.087340580559605
525 2.30320656757991
526 2.30320656757991
527 2.30320656757991
528 2.30320656757991
529 1.1117075867828983
530 1.1117075867828983
531 1.1117075867828983
532 1.1117075867828983
533 2.127450635910005
534 2.127450635910005
535 2.127450635910005
536 2.127450635910005
537 4.3728800991123045
538 4.3728800991123045
539 4.3728800991123045
540 4.3728800991123045
541 2.595617442708731
542 2.595617442708731
543 2.595617442708731
544 2.595617442708731
545 0.6799198636838295
546 0.6799198636838295
547 0.6799198636838295
548 0.6799198636838295
549 1.0810303452125742
550 1.0810303452125742
551 1.0810303452125742
552 1.0810303452125742
553 1.1411436292254935
554 1.1411436292254935
555 1.1411436292254935
556 1.1411436292254935
557 0.2933293461458837
558 0.2933293461458837
559 0.2933293461458837
560 0.2933293461458837
561 2.7992096682124683
562 2.7992096682124683
563 2.7992096682124683
564 2.7992096682124683
565 4.363915328642698
566 4.363915328642698
567 4.363915328642698
568 4.363915328642698
569 4.921629827968206
570 4.921629827968206
571 4.921629827968206
572 4.921629827968206
573 4.377343315831449
574 4.377343315831449
575 4.377343315831449
576 4.377343315831449
577 4.500590087972878
578 4.500590087972878
579 4.500590087972878
580 4.500590087972878
581 6.417298993242207
582 6.417298993242207
583 6.417298993242207
584 6.417298993242207
585 2.2880099702069177
586 2.2880099702069177
587 2.2880099702069177
588 2.2880099702069177
589 5.312870362649601
590 5.312870362649601
591 5.312870362649601
592 5.312870362649601
593 5.253647063045451
594 5.253647063045451
595 5.253647063045451
596 5.253647063045451
597 4.050380316932815
598 4.050380316932815
599 4.050380316932815
600 4.050380316932815
601 1.6911365195809658
602 1.6911365195809658
603 1.6911365195809658
604 1.6911365195809658
605 4.096315702110178
606 4.096315702110178
607 4.096315702110178
608 4.096315702110178
609 4.693212649294754
610 4.693212649294754
611 4.693212649294754
612 4.693212649294754
613 3.5722219650060714
614 3.5722219650060714
615 3.5722219650060714
616 3.5722219650060714
617 5.778372010357224
618 5.778372010357224
619 5.778372010357224
620 5.778372010357224
621 2.5264142698823306
622 2.5264142698823306
623 2.5264142698823306
624 2.5264142698823306
625 1.0374885187311649
626 1.0374885187311649
627 1.0374885187311649
628 1.0374885187311649
629 3.6224578324069667
630 3.6224578324069667
631 3.6224578324069667
632 3.6224578324069667
633 5.552855478141691
634 5.552855478141691
635 5.552855478141691
636 5.552855478141691
637 3.054713562884978
638 3.054713562884978
639 3.054713562884978
640 3.054713562884978
641 2.5494053929361975
642 2.5494053929361975
643 2.5494053929361975
644 2.5494053929361975
645 3.6964423940318247
646 3.6964423940318247
647 3.6964423940318247
648 3.6964423940318247
649 3.7333137243666576
650 3.7333137243666576
651 3.7333137243666576
652 3.7333137243666576
653 4.7534524564343075
654 4.7534524564343075
655 4.7534524564343075
656 4.7534524564343075
657 3.809058126603386
658 3.809058126603386
659 3.809058126603386
660 3.809058126603386
661 3.8216460645965666
662 3.8216460645965666
663 3.8216460645965666
664 3.8216460645965666
665 3.1820017988031832
666 3.1820017988031832
667 3.1820017988031832
668 3.1820017988031832
669 2.621290574746879
670 2.621290574746879
671 2.621290574746879
672 2.621290574746879
673 0.1
674 0.1
675 0.1
676 0.1
677 1.5635916023422411
678 1.5635916023422411
679 1.5635916023422411
680 1.5635916023422411
681 2.5642824468236864
682 2.5642824468236864
683 2.5642824468236864
684 2.5642824468236864
685 3.170140973802879
686 3.170140973802879
687 3.170140973802879
688 3.170140973802879
689 3.9977933882426986
690 3.9977933882426986
691 3.9977933882426986
692 3.9977933882426986
693 3.835432067377343
694 3.835432067377343
695 3.835432067377343
696 3.835432067377343
697 4.455580268882906
698 4.455580268882906
699 3.2234014283255634
700 3.2234014283255634
701 3.2234014283255634
702 3.2234014283255634
703 0.9322606634889086
704 0.9322606634889086
705 0.9322606634889086
706 0.9322606634889086
707 3.905796928785691
708 3.905796928785691
709 3.905796928785691
710 3.905796928785691
711 4.138185451339687
712 4.138185451339687
713 4.138185451339687
714 4.138185451339687
715 5.935748075150107
716 5.935748075150107
717 5.935748075150107
718 5.935748075150107
719 5.264822374112384
720 5.264822374112384
721 5.264822374112384
722 5.264822374112384
723 2.0836093894662073
724 2.0836093894662073
725 2.0836093894662073
726 2.0836093894662073
727 1.9763214335300154
728 1.9763214335300154
729 1.9763214335300154
730 1.9763214335300154
731 2.523366361975878
732 2.523366361975878
733 2.523366361975878
734 2.523366361975878
735 4.274328334042158
736 4.274328334042158
737 4.274328334042158
738 4.274328334042158
739 0.7398316187058502
740 0.7398316187058502
741 0.7398316187058502
742 0.7398316187058502
743 1.403211671246389
744 1.403211671246389
745 1.403211671246389
746 1.403211671246389
747 1.8136668945229426
748 1.8136668945229426
749 1.8136668945229426
750 1.8136668945229426
751 4.243844137433335
752 4.243844137433335
753 4.243844137433335
754 4.243844137433335
755 2.598416248361016
756 2.598416248361016
757 2.598416248361016
758 2.598416248361016
759 0.2662063898730711
760 0.2662063898730711
761 0.2662063898730711
762 0.2662063898730711
763 2.8792080311200414
764 2.8792080311200414
765 2.8792080311200414
766 2.8792080311200414
767 2.1885010448134405
768 2.1885010448134405
769 2.1885010448134405
770 2.1885010448134405
771 3.5345790859642485
772 3.5345790859642485
773 3.5345790859642485
774 0.2912515935735658
775 0.2912515935735658
776 0.2912515935735658
777 0.2912515935735658
778 5.23192694071771
779 5.23192694071771
780 5.23192694071771
781 5.23192694071771
782 4.944260070735847
783 4.944260070735847
784 4.944260070735847
785 4.944260070735847
786 4.912661655839999
787 4.912661655839999
788 4.912661655839999
789 4.912661655839999
790 0.1
791 0.1
792 0.1
793 0.1
794 0.10285930505962249
795 0.10285930505962249
796 0.10285930505962249
797 0.10285930505962249
798 4.19830149615827
799 4.19830149615827
800 4.19830149615827
801 4.19830149615827
802 1.9231178023352433
803 1.9231178023352433
804 1.9231178023352433
805 1.9231178023352433
806 6.3563191454706445
807 6.3563191454706445
808 6.3563191454706445
809 6.3563191454706445
810 5.904288147258235
811 5.904288147258235
812 5.904288147258235
813 5.904288147258235
814 3.2955913192406068
815 3.2955913192406068
816 3.2955913192406068
817 3.2955913192406068
818 4.501688708841826
819 4.501688708841826
820 4.501688708841826
821 4.501688708841826
822 4.578892714665782
823 4.578892714665782
824 4.578892714665782
825 4.578892714665782
826 4.074245610966373
827 4.074245610966373
828 4.074245610966373
829 4.074245610966373
830 1.8568371040049767
831 1.8568371040049767
832 1.8568371040049767
833 1.8568371040049767
834 4.716892971573191
835 4.716892971573191
836 4.716892971573191
837 4.716892971573191
838 2.1432874669477497
839 2.1432874669477497
840 2.1432874669477497
841 2.1432874669477497
842 1.6647662233868212
843 1.6647662233868212
844 1.6647662233868212
845 1.6647662233868212
846 3.318928136543936
847 3.318928136543936
848 3.318928136543936
849 3.318928136543936
850 3.091960597831657
851 3.091960597831657
852 3.091960597831657
853 3.091960597831657
854 2.0482019567445415
855 2.0482019567445415
856 2.0482019567445415
857 2.0482019567445415
858 2.1727818099563834
859 2.1727818099563834
860 2.1727818099563834
861 2.1727818099563834
862 2.6512841194917174
863 2.6512841194917174
864 2.6512841194917174
865 2.6512841194917174
866 2.4795858636785963
867 2.4795858636785963
868 2.4795858636785963
869 2.4795858636785963
870 1.5615599293662084
871 1.5615599293662084
872 1.5615599293662084
873 1.5615599293662084
874 0.43172797191836576
875 0.43172797191836576
876 0.43172797191836576
877 0.43172797191836576
878 2.9957830744998337
879 2.9957830744998337
880 2.9957830744998337
881 2.9957830744998337
882 1.8965411170954531
883 1.8965411170954531
884 1.8965411170954531
885 1.8965411170954531
886 0.567982997075209
887 0.567982997075209
888 0.567982997075209
889 0.567982997075209
890 2.640201885813538
891 2.640201885813538
892 2.640201885813538
893 2.640201885813538
894 4.811266658302417
895 4.811266658302417
896 4.811266658302417
897 4.811266658302417
898 1.5728249835661057
899 1.5728249835661057
900 1.5728249835661057
901 0.1
902 0.1
903 0.1
904 0.1
905 3.2753323118229707
906 3.2753323118229707
907 3.2753323118229707
908 3.2753323118229707
909 2.2110081803478705
910 2.2110081803478705
911 2.2110081803478705
912 2.2110081803478705
913 6.597413397702496
914 6.597413397702496
915 6.597413397702496
916 6.597413397702496
917 1.440689956254689
918 1.440689956254689
919 1.440689956254689
920 1.440689956254689
921 0.4334522938552823
922 0.4334522938552823
923 0.4334522938552823
924 0.4334522938552823
925 2.8820540890870276
926 2.8820540890870276
927 2.8820540890870276
928 2.8820540890870276
929 3.2417228359057955
930 3.2417228359057955
931 3.2417228359057955
932 3.2417228359057955
933 3.575408850196116
934 3.575408850196116
935 3.575408850196116
936 3.575408850196116
937 3.974724727299949
938 3.974724727299949
939 3.974724727299949
940 3.974724727299949
941 2.8678036746529454
942 2.8678036746529454
943 2.8678036746529454
944 2.8678036746529454
945 3.596121525560469
946 3.596121525560469
947 3.596121525560469
948 3.596121525560469
949 4.227303389737126
950 4.227303389737126
951 4.227303389737126
952 4.227303389737126
953 4.00463855751824
954 4.00463855751824
955 4.00463855751824
956 4.00463855751824
957 2.3066155865131375
958 2.3066155865131375
959 2.3066155865131375
960 2.3066155865131375
961 1.075902518779578
962 1.075902518779578
963 1.075902518779578
964 1.075902518779578
965 2.4758569700186905
966 2.4758569700186905
967 2.4758569700186905
968 2.4758569700186905
969 3.5846004266145677
970 3.5846004266145677
971 3.5846004266145677
972 3.5846004266145677
973 1.992327599954164
974 1.992327599954164
975 1.992327599954164
976 1.992327599954164
977 4.43899069454904
978 4.43899069454904
979 4.43899069454904
980 4.43899069454904
981 5.655630040975397
982 5.655630040975397
983 5.655630040975397
984 5.655630040975397
985 5.018598630562757
986 5.018598630562757
987 5.018598630562757
988 5.018598630562757
989 0.9478033622424782
990 0.9478033622424782
991 0.9478033622424782
992 0.9478033622424782
993 5.291677773767192
994 5.291677773767192
995 5.291677773767192
996 5.291677773767192
997 4.643527344735579
998 4.931263416314868
999 4.931263416314868
1000 4.931263416314868
1001 4.931263416314868
1002 1.3133860839427438
1003 1.3133860839427438
1004 1.3133860839427438
1005 1.3133860839427438
1006 0.1
1007 0.1
1008 0.1
1009 0.1
1010 1.4331296692961168
1011 1.4331296692961168
1012 1.4331296692961168
1013 1.4331296692961168
1014 2.4162270123413774
1015 2.4162270123413774
1016 2.4162270123413774
1017 2.4162270123413774
1018 2.461744616734494
1019 2.461744616734494
1020 2.461744616734494
1021 2.461744616734494
1022 1.9308562482172205
1023 1.9308562482172205
1024 1.3241729254815646
1025 1.3241729254815646
1026 1.3241729254815646
1027 1.3241729254815646
1028 0.9655118644426621
1029 0.616115886547604
1030 0.616115886547604
1031 0.616115886547604
1032 0.616115886547604
1033 1.0975307773008969
1034 1.0975307773008969
1035 1.0975307773008969
1036 1.0975307773008969
1037 1.0063197561382418
1038 1.0063197561382418
1039 1.0063197561382418
1040 1.0063197561382418
1041 0.5033302941755391
1042 0.5033302941755391
1043 0.5033302941755391
1044 0.5033302941755391
1045 0.6988611542534856
1046 0.6988611542534856
1047 0.6988611542534856
1048 0.6988611542534856
1049 1.398243590091694
1050 1.398243590091694
1051 1.398243590091694
1052 1.398243590091694
1053 0.1
1054 0.1
1055 0.1
1056 0.1
1057 0.9590620376379841
1058 0.9590620376379841
1059 0.9590620376379841
1060 0.9590620376379841
1061 0.9394184326269852
1062 0.9394184326269852
1063 0.9394184326269852
1064 0.9394184326269852
1065 0.2861015584619707
1066 0.2861015584619707
1067 0.2861015584619707
1068 0.2861015584619707
1069 0.6915092753744757
1070 0.6915092753744757
1071 0.6915092753744757
1072 0.6915092753744757
1073 0.9857885546090053
1074 0.9857885546090053
1075 0.9857885546090053
1076 0.9857885546090053
1077 0.2140518672260855
1078 0.2140518672260855
1079 0.2140518672260855
1080 0.2140518672260855
1081 0.9096119354683001
1082 0.9096119354683001
1083 0.9096119354683001
1084 0.9096119354683001
1085 0.1
1086 0.1
1087 0.1
1088 0.1
1089 0.13364705992738057
1090 0.13364705992738057
1091 0.13364705992738057
1092 0.13364705992738057
1093 0.26152783289933645
1094 0.26152783289933645
1095 0.26152783289933645
1096 0.26152783289933645
1097 0.4085445863181222
1098 0.4085445863181222
1099 0.4085445863181222
1100 0.4085445863181222
1101 0.6285006089096573
1102 0.6285006089096573
1103 0.6285006089096573
1104 0.6285006089096573
1105 0.5997845176607509
1106 0.5997845176607509
1107 0.5997845176607509
1108 0.5997845176607509
1109 1.0652879502671238
1110 1.0652879502671238
1111 1.0652879502671238
1112 1.0652879502671238
1113 0.4599963694044248
1114 0.4599963694044248
1115 0.4599963694044248
1116 0.4599963694044248
1117 0.21119544617992225
1118 0.21119544617992225
1119 0.21119544617992225
1120 0.21119544617992225
1121 0.7328263747240205
1122 0.7328263747240205
1123 0.7328263747240205
1124 0.7328263747240205
1125 0.8143949138894756
1126 0.8143949138894756
1127 0.8143949138894756
1128 0.8143949138894756
1129 1.1812954826942426
1130 1.1812954826942426
1131 1.1812954826942426
1132 1.1812954826942426
1133 0.7046223723634827
1134 0.7046223723634827
1135 0.7046223723634827
1136 0.7046223723634827
1137 0.3856727911098801
1138 0.3856727911098801
1139 0.3856727911098801
1140 0.3856727911098801
1141 0.1
1142 0.1
1143 0.1
1144 0.1
1145 0.618334623476948
1146 0.618334623476948
1147 0.618334623476948
1148 0.618334623476948
1149 0.6119574498824929
1150 0.6119574498824929
1151 0.6119574498824929
1152 0.6119574498824929
1153 0.9586097340854011
1154 0.9586097340854011
1155 0.9586097340854011
1156 0.9586097340854011
1157 0.5226546868914518
1158 0.5226546868914518
1159 0.5226546868914518
1160 0.5226546868914518
1161 1.1664688819087714
1162 1.1664688819087714
1163 1.1664688819087714
1164 1.1664688819087714
1165 0.5778725781417038
1166 0.5778725781417038
1167 0.5778725781417038
1168 0.5778725781417038
1169 0.9780105326049445
1170 0.9780105326049445
1171 0.9780105326049445
1172 0.9780105326049445
1173 0.28775402992064014
1174 0.28775402992064014
1175 0.28775402992064014
1176 0.28775402992064014
1177 0.37921737663732086
1178 0.37921737663732086
1179 0.37921737663732086
1180 0.37921737663732086
1181 0.8020493921101679
1182 0.8020493921101679
1183 0.8020493921101679
1184 0.8020493921101679
1185 0.9487563909113904
1186 0.9487563909113904
1187 0.9487563909113904
1188 0.9487563909113904
1189 1.3729896756106386
1190 1.3729896756106386
1191 1.3729896756106386
1192 1.3729896756106386
1193 0.8025907520361298
1194 0.8025907520361298
1195 0.8025907520361298
1196 0.8025907520361298
1197 0.7310511934339029
1198 0.7310511934339029
1199 0.7310511934339029
1200 0.7310511934339029
1201 1.2100017262390037
1202 1.2100017262390037
1203 1.2100017262390037
1204 1.2100017262390037
1205 0.5725589097948904
1206 0.5725589097948904
1207 0.5725589097948904
1208 0.5725589097948904
1209 0.7123988974470425
1210 0.7123988974470425
1211 0.7123988974470425
1212 0.7123988974470425
1213 3.7523500020909335
1214 3.7523500020909335
1215 3.7523500020909335
1216 3.7523500020909335
1217 0.2747018667091816
1218 0.2747018667091816
1219 0.2747018667091816
1220 0.2747018667091816
1221 1.4219138770521613
1222 1.4219138770521613
1223 1.4219138770521613
1224 1.4219138770521613
1225 1.9605652068446209
1226 1.9605652068446209
1227 1.9605652068446209
1228 1.9605652068446209
1229 3.6035235233923215
1230 3.6035235233923215
1231 3.6035235233923215
1232 3.6035235233923215
1233 1.4788426811761366
1234 1.4788426811761366
1235 1.4788426811761366
1236 1.4788426811761366
1237 2.349738972245122
1238 2.349738972245122
1239 2.349738972245122
1240 2.349738972245122
1241 1.5233512356469265
1242 1.5233512356469265
1243 1.5233512356469265
1244 1.5233512356469265
1245 3.9040200859199174
1246 3.9040200859199174
1247 3.9040200859199174
1248 3.9040200859199174
1249 3.906294066232043
1250 4.646884962016136
1251 4.646884962016136
1252 4.646884962016136
1253 4.646884962016136
1254 3.851568232705243
1255 3.851568232705243
1256 3.851568232705243
1257 3.851568232705243
1258 3.9151504266304227
1259 3.9151504266304227
1260 3.9151504266304227
1261 3.9151504266304227
1262 3.344393688281204
1263 3.344393688281204
1264 3.344393688281204
1265 3.344393688281204
1266 2.196546556857419
1267 2.196546556857419
1268 2.196546556857419
1269 2.196546556857419
1270 1.189159716816228
1271 1.189159716816228
1272 1.189159716816228
1273 1.189159716816228
1274 0.5747528719116071
1275 0.5747528719116071
1276 0.5747528719116071
1277 0.5747528719116071
1278 4.572563949373213
1279 4.572563949373213
1280 4.572563949373213
1281 4.572563949373213
1282 1.6239762196845635
1283 1.6239762196845635
1284 1.6239762196845635
1285 1.6239762196845635
1286 4.224671903990258
1287 4.224671903990258
1288 4.224671903990258
1289 4.224671903990258
1290 1.9595862441602463
1291 1.9595862441602463
1292 1.9595862441602463
1293 1.9595862441602463
1294 1.6135035459957514
1295 1.6135035459957514
1296 1.6135035459957514
1297 1.6135035459957514
1298 2.2351497014417556
1299 2.2351497014417556
1300 2.2351497014417556
1301 2.2351497014417556
1302 1.9931744820287554
1303 1.9931744820287554
1304 1.9931744820287554
1305 1.9931744820287554
1306 1.648440708805268
1307 1.648440708805268
1308 1.648440708805268
1309 1.648440708805268
1310 2.9800346768222528
1311 2.9800346768222528
1312 2.9800346768222528
1313 2.9800346768222528
1314 2.2366017609165607
1315 2.2366017609165607
1316 2.2366017609165607
1317 2.2366017609165607
1318 5.295665594720313
1319 5.295665594720313
1320 5.295665594720313
1321 5.295665594720313
1322 2.295929038902402
1323 2.295929038902402
1324 2.295929038902402
1325 2.295929038902402
1326 1.05725971172289
1327 1.05725971172289
1328 1.05725971172289
1329 1.05725971172289
1330 4.848918448814718
1331 4.848918448814718
1332 4.848918448814718
1333 4.848918448814718
1334 2.1586618165498335
1335 2.1586618165498335
1336 2.1586618165498335
1337 2.1586618165498335
1338 3.535196165981061
1339 3.535196165981061
1340 3.535196165981061
1341 3.535196165981061
1342 2.1914127203382483
1343 2.1914127203382483
1344 2.1914127203382483
1345 2.1914127203382483
1346 3.0160314694518267
1347 3.0160314694518267
1348 3.0160314694518267
1349 3.0160314694518267
1350 4.464927787022007
1351 4.464927787022007
1352 4.464927787022007
1353 4.464927787022007
1354 4.456320888770749
1355 4.456320888770749
1356 4.456320888770749
1357 4.456320888770749
1358 3.5034907910393134
1359 3.5034907910393134
1360 3.5034907910393134
1361 3.5034907910393134
1362 2.818565540636072
1363 2.818565540636072
1364 2.818565540636072
1365 2.818565540636072
1366 1.4648957178082145
1367 1.4648957178082145
1368 1.4648957178082145
1369 1.4648957178082145
1370 3.442495206232468
1371 3.442495206232468
1372 3.442495206232468
1373 3.442495206232468
1374 2.3219943448986884
1375 2.3219943448986884
1376 2.3219943448986884
1377 2.3219943448986884
1378 0.8010017536556471
1379 0.8010017536556471
1380 0.8010017536556471
1381 0.9466855129109164
1382 0.9466855129109164
1383 0.9466855129109164
1384 0.9466855129109164
1385 0.8404029367714168
1386 0.8404029367714168
1387 0.8404029367714168
1388 0.8404029367714168
1389 1.5736855105075354
1390 1.5736855105075354
1391 1.5736855105075354
1392 1.5736855105075354
1393 0.9767074324174803
1394 0.9767074324174803
1395 0.9767074324174803
1396 0.9767074324174803
1397 2.873649674609927
1398 2.873649674609927
1399 2.873649674609927
1400 2.873649674609927
1401 4.592045186224634
1402 4.592045186224634
1403 4.592045186224634
1404 4.592045186224634
1405 3.4303503482115563
1406 3.4303503482115563
1407 3.4303503482115563
1408 3.4303503482115563
1409 3.448382175760294
1410 3.448382175760294
1411 3.448382175760294
1412 3.448382175760294
1413 1.9096537601754557
1414 1.9096537601754557
1415 1.9096537601754557
1416 1.9096537601754557
1417 1.7894265796033908
1418 1.7894265796033908
1419 1.7894265796033908
1420 1.7894265796033908
1421 3.0125185769573113
1422 3.0125185769573113
1423 3.0125185769573113
1424 3.0125185769573113
1425 3.1265086689857235
1426 3.1265086689857235
1427 3.1265086689857235
1428 3.1265086689857235
1429 1.5769351141208063
1430 1.5769351141208063
1431 1.5769351141208063
1432 1.5769351141208063
1433 1.4143817226342306
1434 1.4143817226342306
1435 1.4143817226342306
1436 1.4143817226342306
1437 3.790637045403514
1438 3.790637045403514
1439 3.790637045403514
1440 3.790637045403514
1441 2.3259806878458464
1442 2.3259806878458464
1443 2.3259806878458464
1444 2.3259806878458464
1445 1.8603241778766453
1446 1.8603241778766453
1447 1.8603241778766453
1448 1.8603241778766453
1449 3.8631066482677903
1450 3.8631066482677903
1451 3.8631066482677903
1452 3.8631066482677903
1453 3.34733994852388
1454 3.34733994852388
1455 3.34733994852388
1456 3.34733994852388
1457 4.131509011683261
1458 4.131509011683261
1459 4.131509011683261
1460 4.131509011683261
1461 1.8569607504494035
1462 1.8569607504494035
1463 1.8569607504494035
1464 1.8569607504494035
1465 3.269081931168925
1466 3.269081931168925
1467 3.269081931168925
1468 3.269081931168925
1469 2.7467900039248057
1470 2.7467900039248057
1471 2.7467900039248057
1472 2.7467900039248057
1473 2.1854605714894926
1474 2.1854605714894926
1475 2.1854605714894926
1476 2.1854605714894926
1477 4.189499434932697
1478 4.189499434932697
1479 4.189499434932697
1480 4.189499434932697
1481 3.2405730312171017
1482 3.2405730312171017
1483 3.2405730312171017
1484 3.2405730312171017
1485 4.026930829038238
1486 4.026930829038238
1487 4.026930829038238
1488 4.026930829038238
1489 0.1
1490 0.1
1491 0.1
1492 0.1
1493 2.755534326156691
1494 2.755534326156691
1495 2.755534326156691
1496 2.755534326156691
1497 5.7093352906801105
1498 5.7093352906801105
1499 5.7093352906801105
1500 5.7093352906801105
1501 3.0272110536528594
1502 3.0272110536528594
1503 3.0272110536528594
1504 3.0272110536528594
1505 3.3651394363060527
1506 0.1
1507 0.1
1508 0.1
1509 0.1
1510 5.727790170259768
1511 5.727790170259768
1512 2.1060727522451157
1513 2.1060727522451157
1514 2.1060727522451157
1515 2.263854573687318
1516 2.263854573687318
1517 2.263854573687318
1518 2.263854573687318
1519 3.7344305294143076
1520 3.7344305294143076
1521 3.7344305294143076
1522 3.7344305294143076
1523 4.200037672606209
1524 4.200037672606209
1525 4.200037672606209
1526 4.200037672606209
1527 1.8408533613974298
1528 1.8408533613974298
1529 1.8408533613974298
1530 1.8408533613974298
1531 2.38462627668867
1532 2.38462627668867
1533 2.38462627668867
1534 2.38462627668867
1535 2.886068221070553
1536 2.886068221070553
1537 2.886068221070553
1538 2.886068221070553
1539 4.575002905743718
1540 4.575002905743718
1541 4.575002905743718
1542 4.575002905743718
1543 3.224794422526972
1544 3.224794422526972
1545 3.224794422526972
1546 3.224794422526972
1547 5.0691133887549595
1548 5.0691133887549595
1549 5.0691133887549595
1550 5.0691133887549595
1551 1.8237914643127375
1552 1.8237914643127375
1553 1.8237914643127375
1554 1.8237914643127375
1555 3.9495566308257253
1556 3.9495566308257253
1557 3.9495566308257253
1558 3.9495566308257253
1559 2.1145069955185565
1560 2.1145069955185565
1561 2.1145069955185565
1562 2.1145069955185565
1563 1.0354926818579724
1564 1.0354926818579724
1565 1.0354926818579724
1566 1.0354926818579724
1567 3.4537400169428603
1568 3.4537400169428603
1569 3.4537400169428603
1570 3.4537400169428603
1571 1.8080354938698244
1572 1.8080354938698244
1573 1.8080354938698244
1574 1.8080354938698244
1575 2.134783425753189
1576 2.134783425753189
1577 2.134783425753189
1578 2.134783425753189
1579 2.912791888802073
1580 2.912791888802073
1581 2.912791888802073
1582 2.912791888802073
1583 0.832153060844615
1584 0.832153060844615
1585 0.832153060844615
1586 0.832153060844615
1587 5.024808269421655
1588 5.024808269421655
1589 5.024808269421655
1590 5.024808269421655
1591 2.5092731737051865
1592 2.5092731737051865
1593 2.5092731737051865
1594 2.5092731737051865
1595 0.652789842407542
1596 0.652789842407542
1597 0.652789842407542
1598 0.652789842407542
1599 3.9462307877299354
1600 3.9462307877299354
1601 3.9462307877299354
1602 3.9462307877299354
1603 2.4085609664203425
1604 2.4085609664203425
1605 2.4085609664203425
1606 2.4085609664203425
1607 1.3557868013660388
1608 1.3557868013660388
1609 1.3557868013660388
1610 1.3557868013660388
1611 5.7441244805821245
1612 5.7441244805821245
1613 5.7441244805821245
1614 5.7441244805821245
1615 1.7695885989942628
1616 1.7695885989942628
1617 1.7695885989942628
1618 1.7695885989942628
1619 2.776159670024607
1620 2.776159670024607
1621 2.776159670024607
1622 2.776159670024607
1623 1.6366217762042325
1624 1.6366217762042325
1625 1.6366217762042325
1626 1.6366217762042325
1627 1.3429985786400302
1628 1.3429985786400302
1629 1.3429985786400302
1630 1.3429985786400302
1631 1.4961142694534342
1632 1.4961142694534342
1633 1.4961142694534342
1634 1.4961142694534342
1635 5.078044461138878
1636 6.485827732177553
1637 6.485827732177553
1638 6.485827732177553
1639 6.485827732177553
1640 2.79501044125346
1641 2.79501044125346
1642 2.79501044125346
1643 2.79501044125346
1644 7.385127760856904
1645 7.385127760856904
1646 7.385127760856904
1647 7.385127760856904
1648 4.5288322594457275
1649 4.5288322594457275
1650 4.5288322594457275
1651 4.5288322594457275
1652 3.0706516921725897
1653 3.0706516921725897
1654 3.0706516921725897
1655 3.0706516921725897
1656 5.203484814720151
1657 5.203484814720151
1658 5.203484814720151
1659 5.203484814720151
1660 4.517155681959979
1661 4.517155681959979
1662 4.517155681959979
1663 4.517155681959979
1664 6.518378028928122
1665 6.518378028928122
1666 6.518378028928122
1667 6.518378028928122
1668 6.915749855987397
1669 6.915749855987397
1670 6.915749855987397
1671 6.915749855987397
1672 6.524506173703465
1673 6.524506173703465
1674 6.524506173703465
1675 6.524506173703465
1676 0.9093090868574119
1677 0.9093090868574119
1678 0.9093090868574119
1679 0.9093090868574119
1680 4.388625355615476
1681 4.388625355615476
1682 4.388625355615476
1683 4.388625355615476
1684 4.633086494291712
1685 4.633086494291712
1686 4.633086494291712
1687 4.633086494291712
1688 0.8446544383459655
1689 0.8446544383459655
1690 0.8446544383459655
1691 0.8446544383459655
1692 5.693120374832121
1693 5.693120374832121
1694 5.693120374832121
1695 5.693120374832121
1696 2.7592311730987706
1697 2.7592311730987706
1698 2.7592311730987706
1699 2.7592311730987706
1700 3.4749791459246633
1701 3.4749791459246633
1702 3.4749791459246633
1703 3.4749791459246633
1704 0.2932393328834664
1705 0.2932393328834664
1706 0.2932393328834664
1707 0.2932393328834664
1708 4.956549689362075
1709 1.758225716538939
1710 1.758225716538939
1711 1.758225716538939
1712 1.758225716538939
1713 1.7970013767108055
1714 1.7970013767108055
1715 1.7970013767108055
1716 1.6130029972483944
1717 1.6130029972483944
1718 1.6130029972483944
1719 1.6130029972483944
1720 1.8326334156286461
1721 1.8326334156286461
1722 1.8326334156286461
1723 1.8326334156286461
1724 1.6440134805273425
1725 1.6440134805273425
1726 1.6440134805273425
1727 1.6440134805273425
1728 0.9753379070279137
1729 0.9753379070279137
1730 0.9753379070279137
1731 0.9753379070279137
1732 2.0206041229830967
1733 2.0206041229830967
1734 2.0206041229830967
1735 2.0206041229830967
1736 1.060661024643259
1737 1.060661024643259
1738 1.060661024643259
1739 1.060661024643259
1740 0.1
1741 0.1
1742 0.1
1743 0.1
1744 3.130502484209388
1745 3.130502484209388
1746 3.130502484209388
1747 3.130502484209388
1748 2.1791695682866212
1749 2.1791695682866212
1750 2.1791695682866212
1751 2.1791695682866212
1752 1.813032782866112
1753 1.813032782866112
1754 1.813032782866112
1755 1.813032782866112
1756 2.5875342205350593
1757 2.5875342205350593
1758 2.5875342205350593
1759 2.5875342205350593
1760 2.378282653303065
1761 4.594888051396378
1762 4.594888051396378
1763 4.594888051396378
1764 4.594888051396378
1765 4.311221997678698
1766 4.311221997678698
1767 4.311221997678698
1768 4.311221997678698
1769 2.6200939585258394
1770 2.6200939585258394
1771 2.6200939585258394
1772 2.6200939585258394
1773 3.261616166471278
1774 3.261616166471278
1775 3.261616166471278
1776 3.261616166471278
1777 2.1126392274655394
1778 2.1126392274655394
1779 2.1126392274655394
1780 2.1126392274655394
1781 3.9253656085677164
1782 3.9253656085677164
1783 3.9253656085677164
1784 2.865050492295345
1785 2.865050492295345
1786 2.865050492295345
1787 2.865050492295345
1788 3.1907165353782228
1789 3.1907165353782228
1790 3.1907165353782228
1791 3.1907165353782228
1792 0.13632439376749916
1793 0.13632439376749916
1794 0.13632439376749916
1795 0.13632439376749916
1796 3.6629444783883596
1797 3.6629444783883596
1798 3.6629444783883596
1799 3.6629444783883596
1800 5.231497952288997
1801 5.231497952288997
1802 5.231497952288997
1803 5.231497952288997
1804 3.363970879173208
1805 3.363970879173208
1806 2.6588769347063814
1807 2.6588769347063814
1808 2.6588769347063814
1809 2.6588769347063814
1810 5.677499691127379
1811 5.677499691127379
1812 5.677499691127379
1813 5.677499691127379
1814 0.5507364502962707
1815 0.5507364502962707
1816 0.5507364502962707
1817 0.5507364502962707
1818 1.5070806495523716
1819 1.5070806495523716
1820 1.5070806495523716
1821 1.5070806495523716
1822 0.1
1823 0.1
1824 0.1
1825 0.1
1826 0.6583940588677413
1827 0.6583940588677413
1828 0.6583940588677413
1829 0.6583940588677413
1830 0.8291949198998099
1831 0.8291949198998099
1832 0.8291949198998099
1833 0.8291949198998099
1834 1.3597735540871179
1835 1.3597735540871179
1836 1.3597735540871179
1837 1.3597735540871179
1838 0.1
1839 0.1
1840 0.1
1841 0.1
1842 1.4389128563741997
1843 1.4389128563741997
1844 1.4389128563741997
1845 1.4389128563741997
1846 0.6141236693925769
1847 0.6141236693925769
1848 0.6141236693925769
1849 0.6141236693925769
1850 0.8727799484773697
1851 0.8727799484773697
1852 0.8727799484773697
1853 0.8727799484773697
1854 0.4763209475243606
1855 0.4763209475243606
1856 0.4763209475243606
1857 0.4763209475243606
1858 1.5665993946771408
1859 1.5665993946771408
1860 1.5665993946771408
1861 1.5665993946771408
1862 1.611863225995076
1863 1.611863225995076
1864 1.611863225995076
1865 1.611863225995076
1866 1.3690010771927799
1867 1.3690010771927799
1868 1.3690010771927799
1869 1.3690010771927799
1870 0.9752470523025378
1871 0.9752470523025378
1872 0.9752470523025378
1873 0.9752470523025378
1874 0.1
1875 0.1
1876 0.1
1877 0.1
1878 1.8247293990559355
1879 1.8247293990559355
1880 1.8247293990559355
1881 1.8247293990559355
1882 1.0797874353761947
1883 1.0797874353761947
1884 1.0797874353761947
1885 1.0797874353761947
1886 2.054079067678649
1887 2.054079067678649
1888 2.054079067678649
1889 2.054079067678649
1890 0.3849847050673164
1891 0.3849847050673164
1892 0.3849847050673164
1893 0.3849847050673164
1894 0.60977862781369
1895 0.60977862781369
1896 0.60977862781369
1897 0.60977862781369
1898 1.3473173901407616
1899 1.0916344117840007
1900 1.0916344117840007
1901 1.0916344117840007
1902 1.0916344117840007
1903 0.7229845448363381
1904 0.7229845448363381
1905 0.7229845448363381
1906 0.7229845448363381
1907 0.3229626773903908
1908 0.3229626773903908
1909 0.3229626773903908
1910 0.3229626773903908
1911 0.6326765163488381
1912 0.6326765163488381
1913 0.6326765163488381
1914 0.6326765163488381
1915 1.163411863747386
1916 1.163411863747386
1917 1.163411863747386
1918 1.163411863747386
1919 0.48291486259522526
1920 0.48291486259522526
1921 0.48291486259522526
1922 0.48291486259522526
1923 0.4949414519700247
1924 0.4949414519700247
1925 0.4949414519700247
1926 0.4949414519700247
1927 1.041653558681033
1928 1.041653558681033
1929 1.041653558681033
1930 1.041653558681033
1931 0.22345258416283742
1932 0.22345258416283742
1933 0.22345258416283742
1934 0.22345258416283742
1935 0.8860018924391656
1936 0.8860018924391656
1937 0.8860018924391656
1938 4.527669904172112
1939 4.527669904172112
1940 4.527669904172112
1941 4.527669904172112
1942 4.196150721420237
1943 4.196150721420237
1944 4.196150721420237
1945 4.196150721420237
1946 2.3141433431784026
1947 2.3141433431784026
1948 2.3141433431784026
1949 2.3141433431784026
1950 4.330250580453813
1951 4.330250580453813
1952 4.330250580453813
1953 4.330250580453813
1954 5.4551448673459975
1955 5.4551448673459975
1956 5.4551448673459975
1957 5.4551448673459975
1958 0.3142172224373221
1959 0.3142172224373221
1960 0.3142172224373221
1961 0.3142172224373221
1962 2.0539733064435817
1963 2.0539733064435817
1964 2.0539733064435817
1965 2.0539733064435817
1966 2.369580633904901
1967 2.369580633904901
1968 2.369580633904901
1969 2.369580633904901
1970 1.6560542457412986
1971 1.6560542457412986
1972 1.6560542457412986
1973 1.6560542457412986
1974 1.960979392936516
1975 1.960979392936516
1976 1.960979392936516
1977 1.960979392936516
1978 4.472369228389109
1979 4.472369228389109
1980 4.472369228389109
1981 4.472369228389109
1982 5.200463429951437
1983 5.200463429951437
1984 5.200463429951437
1985 5.200463429951437
1986 5.903224870372163
1987 5.903224870372163
1988 5.903224870372163
1989 5.903224870372163
1990 4.787594053500525
1991 4.787594053500525
1992 4.787594053500525
1993 4.787594053500525
1994 5.825719436293775
1995 5.825719436293775
1996 5.825719436293775
1997 5.825719436293775
1998 1.2415619931854303
1999 1.2415619931854303
