0 4.002642396659194
1 4.002642396659194
2 4.002642396659194
3 4.002642396659194
4 3.945076171368463
5 3.945076171368463
6 3.945076171368463
7 3.945076171368463
8 5.226616727766998
9 5.226616727766998
10 5.226616727766998
11 5.226616727766998
12 2.044366642238347
13 2.044366642238347
14 2.044366642238347
15 2.044366642238347
16 2.7140803240848386
17 2.7140803240848386
18 2.7140803240848386
19 2.7140803240848386
20 3.2493671785602216
21 3.2493671785602216
22 3.2493671785602216
23 3.2493671785602216
24 2.5745097593438597
25 2.5745097593438597
26 2.5745097593438597
27 2.5745097593438597
28 2.2552577877121567
29 2.2552577877121567
30 2.2552577877121567
31 2.2552577877121567
32 2.1970987945107847
33 2.1970987945107847
34 2.1970987945107847
35 2.1970987945107847
36 2.3280335937742667
37 2.3280335937742667
38 2.3280335937742667
39 2.3280335937742667
40 2.8031521163514146
41 2.8031521163514146
42 2.8031521163514146
43 2.8031521163514146
44 2.934390987858108
45 2.934390987858108
46 2.934390987858108
47 2.934390987858108
48 1.7513499135567125
49 1.7513499135567125
50 1.7513499135567125
51 1.7513499135567125
52 3.675459128241121
53 3.675459128241121
54 3.675459128241121
55 3.675459128241121
56 3.1279015529099516
57 3.1279015529099516
58 3.1279015529099516
59 3.1279015529099516
60 3.35523826117094
61 3.35523826117094
62 3.35523826117094
63 3.35523826117094
64 0.8440189257499315
65 0.8440189257499315
66 0.8440189257499315
67 0.8440189257499315
68 3.0198250535556994
69 3.0198250535556994
70 3.0198250535556994
71 3.0198250535556994
72 2.6416538099565408
73 2.6416538099565408
74 2.6416538099565408
75 2.6416538099565408
76 3.2976758982231735
77 3.2976758982231735
78 3.2976758982231735
79 3.2976758982231735
80 2.2528209255536114
81 2.2528209255536114
82 2.2528209255536114
83 2.2528209255536114
84 2.4358489527485325
85 2.4358489527485325
86 2.4358489527485325
87 2.4358489527485325
88 3.878474250005141
89 3.878474250005141
90 3.878474250005141
91 3.878474250005141
92 3.4787306698255547
93 3.4787306698255547
94 3.4787306698255547
95 3.4787306698255547
96 2.959717705836025
97 2.959717705836025
98 2.959717705836025
99 2.959717705836025
100 3.792128214303501
101 3.792128214303501
102 3.792128214303501
103 3.792128214303501
104 2.3710429216982316
105 2.3710429216982316
106 2.3710429216982316
107 2.3710429216982316
108 3.423001699682343
109 3.423001699682343
110 3.423001699682343
111 3.423001699682343
112 2.9427056789127213
113 2.9427056789127213
114 2.9427056789127213
115 2.9427056789127213
116 2.4966649362401006
117 2.4966649362401006
118 2.4966649362401006
119 2.4966649362401006
120 3.0337157561193133
121 3.0337157561193133
122 3.0337157561193133
123 3.0337157561193133
124 1.4475816198202214
125 1.4475816198202214
126 1.4475816198202214
127 1.4475816198202214
128 2.360636803713434
129 2.360636803713434
130 2.360636803713434
131 2.360636803713434
132 2.4611287712253738
133 2.4611287712253738
134 2.4611287712253738
135 2.4611287712253738
136 2.018352108388191
137 2.018352108388191
138 2.018352108388191
139 2.018352108388191
140 1.5611003745492413
141 1.5611003745492413
142 1.5611003745492413
143 1.5611003745492413
144 2.1469516903539754
145 2.1469516903539754
146 2.1469516903539754
147 2.1469516903539754
148 2.192028384136595
149 2.192028384136595
150 2.192028384136595
151 2.192028384136595
152 2.0290519518939503
153 2.0290519518939503
154 2.0290519518939503
155 2.0290519518939503
156 1.153635253949998
157 1.153635253949998
158 1.153635253949998
159 1.153635253949998
160 2.9115200575543927
161 2.9115200575543927
162 2.9115200575543927
163 2.9115200575543927
164 1.468998868944178
165 1.468998868944178
166 1.468998868944178
167 1.468998868944178
168 2.060121205549496
169 2.060121205549496
170 2.060121205549496
171 2.060121205549496
172 2.3590066989732232
173 2.3590066989732232
174 2.3590066989732232
175 2.3590066989732232
176 0.9802567058615104
177 0.9802567058615104
178 0.9802567058615104
179 0.9802567058615104
180 2.187503148758683
181 2.187503148758683
182 2.187503148758683
183 2.187503148758683
184 1.4985910907403759
185 1.4985910907403759
186 1.4985910907403759
187 1.4985910907403759
188 1.6843982112369797
189 1.6843982112369797
190 1.6843982112369797
191 1.6843982112369797
192 2.278193271282989
193 2.278193271282989
194 2.278193271282989
195 2.278193271282989
196 1.4111576730977888
197 1.4111576730977888
198 1.4111576730977888
199 1.4111576730977888
200 1.6735447448854335
201 1.6735447448854335
202 1.6735447448854335
203 1.6735447448854335
204 1.3681342558174374
205 1.3681342558174374
206 1.3681342558174374
207 1.3681342558174374
208 1.4237565242887622
209 1.4237565242887622
210 1.4237565242887622
211 1.4237565242887622
212 2.7526542783682477
213 2.7526542783682477
214 2.7526542783682477
215 2.7526542783682477
216 1.6095970905024142
217 1.6095970905024142
218 1.6095970905024142
219 1.6095970905024142
220 0.31248535337586336
221 0.31248535337586336
222 0.31248535337586336
223 0.31248535337586336
224 0.6740370361422747
225 0.6740370361422747
226 0.6740370361422747
227 0.6740370361422747
228 1.113026733556571
229 1.113026733556571
230 1.113026733556571
231 1.113026733556571
232 0.9741635574723753
233 0.9741635574723753
234 0.9741635574723753
235 0.9741635574723753
236 1.367547259411433
237 1.367547259411433
238 1.367547259411433
239 1.367547259411433
240 1.0401115380061903
241 1.0401115380061903
242 1.0401115380061903
243 1.0401115380061903
244 1.5557430897106155
245 1.5557430897106155
246 1.5557430897106155
247 1.5557430897106155
248 1.0831048999122275
249 1.0831048999122275
250 1.0831048999122275
251 1.0831048999122275
252 1.3653798109792052
253 1.3653798109792052
254 1.3653798109792052
255 1.3653798109792052
256 0.9435043701691085
257 0.9435043701691085
258 0.9435043701691085
259 0.9435043701691085
260 1.130059045322922
261 1.130059045322922
262 1.130059045322922
263 1.130059045322922
264 0.9415050203345847
265 0.9415050203345847
266 0.9415050203345847
267 0.9415050203345847
268 1.5129198980921768
269 1.5129198980921768
270 1.5129198980921768
271 1.5129198980921768
272 1.5930793642376
273 1.5930793642376
274 1.5930793642376
275 1.5930793642376
276 1.110081822117734
277 1.110081822117734
278 1.110081822117734
279 1.110081822117734
280 1.0865908238391018
281 1.0865908238391018
282 1.0865908238391018
283 1.0865908238391018
284 1.0658207305897713
285 1.0658207305897713
286 1.0658207305897713
287 1.0658207305897713
288 0.7202605994961835
289 0.7202605994961835
290 0.7202605994961835
291 0.7202605994961835
292 1.1927084381489828
293 1.1927084381489828
294 1.1927084381489828
295 1.1927084381489828
296 0.9394212201623438
297 0.9394212201623438
298 0.9394212201623438
299 0.9394212201623438
300 1.245453761862176
301 1.245453761862176
302 1.245453761862176
303 1.245453761862176
304 1.2344771952704126
305 1.2344771952704126
306 1.2344771952704126
307 1.2344771952704126
308 0.7513990095442236
309 0.7513990095442236
310 0.7513990095442236
311 0.7513990095442236
312 0.9008828200338448
313 0.9008828200338448
314 0.9008828200338448
315 0.9008828200338448
316 1.297121414554937
317 1.297121414554937
318 1.297121414554937
319 1.297121414554937
320 1.1166237662266794
321 1.1166237662266794
322 1.1166237662266794
323 1.1166237662266794
324 1.114766570807321
325 1.114766570807321
326 1.114766570807321
327 1.114766570807321
328 1.2568182131836514
329 1.2568182131836514
330 2.8069927515437896
331 2.8069927515437896
332 2.8069927515437896
333 2.8069927515437896
334 5.687185750851327
335 5.687185750851327
336 5.687185750851327
337 5.687185750851327
338 3.710589762739552
339 3.710589762739552
340 3.710589762739552
341 3.710589762739552
342 3.8441640226143545
343 3.8441640226143545
344 3.8441640226143545
345 3.8441640226143545
346 2.9086508758007863
347 2.9086508758007863
348 2.9086508758007863
349 2.9086508758007863
350 4.672452992993384
351 4.672452992993384
352 4.672452992993384
353 4.672452992993384
354 2.797706431907189
355 2.797706431907189
356 2.797706431907189
357 2.797706431907189
358 4.82030751170981
359 4.82030751170981
360 4.82030751170981
361 4.82030751170981
362 4.154627878762801
363 4.154627878762801
364 4.154627878762801
365 4.154627878762801
366 5.6627791612181015
367 5.6627791612181015
368 5.6627791612181015
369 5.6627791612181015
370 1.2213615002319425
371 1.2213615002319425
372 1.2213615002319425
373 1.2213615002319425
374 3.818711129849959
375 3.818711129849959
376 3.818711129849959
377 3.818711129849959
378 3.3514292869608093
379 3.3514292869608093
380 3.3514292869608093
381 3.3514292869608093
382 2.3170323196248224
383 2.3170323196248224
384 2.3170323196248224
385 2.3170323196248224
386 2.7981227464430893
387 2.7981227464430893
388 2.7981227464430893
389 2.7981227464430893
390 2.4162408347459556
391 2.4162408347459556
392 2.4162408347459556
393 2.4162408347459556
394 2.394624047151791
395 2.394624047151791
396 2.394624047151791
397 2.394624047151791
398 3.5112943065043654
399 3.5112943065043654
400 3.5112943065043654
401 3.5112943065043654
402 2.1317816637908344
403 2.1317816637908344
404 2.1317816637908344
405 2.1317816637908344
406 2.3913915061798807
407 2.3913915061798807
408 2.3913915061798807
409 2.3913915061798807
410 2.3224372626206797
411 2.3224372626206797
412 2.3224372626206797
413 2.3224372626206797
414 2.026384965139764
415 2.026384965139764
416 2.026384965139764
417 2.026384965139764
418 3.103906273752738
419 3.103906273752738
420 3.103906273752738
421 3.103906273752738
422 3.5383587359363
423 3.5383587359363
424 3.5383587359363
425 3.5383587359363
426 3.3095674500396792
427 3.3095674500396792
428 3.3095674500396792
429 3.3095674500396792
430 2.968711697573236
431 2.968711697573236
432 2.968711697573236
433 2.968711697573236
434 1.8202877887806779
435 1.8202877887806779
436 1.8202877887806779
437 1.8202877887806779
438 2.388086394763034
439 2.388086394763034
440 2.388086394763034
441 2.388086394763034
442 2.1633762411937623
443 2.1633762411937623
444 2.1633762411937623
445 2.1633762411937623
446 2.5689057346082946
447 2.5689057346082946
448 2.5689057346082946
449 2.5689057346082946
450 3.1350958372975235
451 3.1350958372975235
452 3.1350958372975235
453 3.1350958372975235
454 1.8269688126081127
455 1.8269688126081127
456 1.8269688126081127
457 1.8269688126081127
458 2.9527758139332914
459 2.9527758139332914
460 2.9527758139332914
461 2.9527758139332914
462 2.141276833034993
463 2.141276833034993
464 2.141276833034993
465 2.141276833034993
466 2.059384287263949
467 2.059384287263949
468 2.059384287263949
469 2.059384287263949
470 3.2555877006225247
471 3.2555877006225247
472 3.2555877006225247
473 3.2555877006225247
474 2.798168849813143
475 2.798168849813143
476 2.798168849813143
477 2.798168849813143
478 3.3735456612808505
479 3.3735456612808505
480 3.3735456612808505
481 3.3735456612808505
482 2.6191478476590158
483 2.6191478476590158
484 2.6191478476590158
485 2.6191478476590158
486 2.12180479561706
487 2.12180479561706
488 2.12180479561706
489 2.12180479561706
490 3.4657588587053243
491 3.4657588587053243
492 3.4657588587053243
493 3.4657588587053243
494 2.3904268352499187
495 2.3904268352499187
496 2.3904268352499187
497 2.3904268352499187
498 3.115470569199709
499 3.115470569199709
500 3.115470569199709
501 3.115470569199709
502 1.9444412355583802
503 1.9444412355583802
504 1.9444412355583802
505 1.9444412355583802
506 2.6904596340053386
507 2.6904596340053386
508 2.6904596340053386
509 2.6904596340053386
510 1.8020599153712382
511 1.8020599153712382
512 1.8020599153712382
513 1.8020599153712382
514 2.8955191083511194
515 2.8955191083511194
516 2.8955191083511194
517 2.8955191083511194
518 2.7634186853274185
519 2.7634186853274185
520 2.7634186853274185
521 2.7634186853274185
522 2.6528684300344914
523 2.6528684300344914
524 2.6528684300344914
525 2.6528684300344914
526 3.5632579197818486
527 3.5632579197818486
528 3.5632579197818486
529 3.5632579197818486
530 3.331229354580969
531 3.331229354580969
532 3.331229354580969
533 3.331229354580969
534 2.985057993310165
535 2.985057993310165
536 2.985057993310165
537 2.985057993310165
538 3.45231681538181
539 3.45231681538181
540 3.45231681538181
541 3.45231681538181
542 1.7947889577860097
543 1.7947889577860097
544 1.7947889577860097
545 1.7947889577860097
546 2.979361093745535
547 2.979361093745535
548 2.979361093745535
549 2.979361093745535
550 1.6662979935655067
551 1.6662979935655067
552 1.6662979935655067
553 1.6662979935655067
554 2.1623016737603917
555 2.1623016737603917
556 2.1623016737603917
557 2.1623016737603917
558 2.3006608670311453
559 2.3006608670311453
560 2.3006608670311453
561 2.3006608670311453
562 2.2953734494842775
563 2.2953734494842775
564 2.2953734494842775
565 2.2953734494842775
566 2.2287331458687594
567 2.2287331458687594
568 2.2287331458687594
569 2.2287331458687594
570 3.021092403567765
571 3.021092403567765
572 3.021092403567765
573 3.021092403567765
574 2.549611088925955
575 2.549611088925955
576 2.549611088925955
577 2.549611088925955
578 1.6534406431673252
579 1.6534406431673252
580 1.6534406431673252
581 1.6534406431673252
582 1.900416517316243
583 2.5885157246171135
584 2.5885157246171135
585 2.5885157246171135
586 2.5885157246171135
587 4.223316239310071
588 4.223316239310071
589 4.223316239310071
590 4.223316239310071
591 4.908969844443449
592 4.908969844443449
593 4.908969844443449
594 4.908969844443449
595 4.082734470847458
596 4.082734470847458
597 4.082734470847458
598 4.082734470847458
599 5.935301247308665
600 5.935301247308665
601 5.935301247308665
602 5.935301247308665
603 4.540357133379837
604 4.540357133379837
605 4.540357133379837
606 2.1178733907743617
607 2.1178733907743617
608 2.1178733907743617
609 2.1178733907743617
610 2.681835795921403
611 2.681835795921403
612 2.681835795921403
613 2.681835795921403
614 1.7417121430835774
615 1.7417121430835774
616 1.7417121430835774
617 1.7417121430835774
618 2.8715980801639907
619 2.8715980801639907
620 2.8715980801639907
621 2.8715980801639907
622 2.1934283963698404
623 2.1934283963698404
624 2.1934283963698404
625 2.1934283963698404
626 2.946828087254333
627 2.946828087254333
628 2.946828087254333
629 2.946828087254333
630 2.3786408608990013
631 2.3786408608990013
632 2.3786408608990013
633 2.3786408608990013
634 2.516025825461981
635 2.516025825461981
636 2.516025825461981
637 2.516025825461981
638 2.8155742794397978
639 2.8155742794397978
640 2.8155742794397978
641 2.8155742794397978
642 2.0165564180161244
643 2.0165564180161244
644 2.0165564180161244
645 2.0165564180161244
646 2.368490897605012
647 2.368490897605012
648 2.368490897605012
649 2.368490897605012
650 2.6325305948794027
651 2.6325305948794027
652 2.6325305948794027
653 2.6325305948794027
654 2.9777960473863283
655 2.9777960473863283
656 2.9777960473863283
657 2.9777960473863283
658 2.275646744615317
659 2.275646744615317
660 2.275646744615317
661 2.275646744615317
662 2.4945231268903014
663 2.4945231268903014
664 2.4945231268903014
665 2.4945231268903014
666 3.1331644168611836
667 3.1331644168611836
668 3.1331644168611836
669 3.1331644168611836
670 3.305960538273102
671 3.305960538273102
672 3.305960538273102
673 3.305960538273102
674 2.563145923620729
675 2.563145923620729
676 2.563145923620729
677 2.563145923620729
678 2.4017886252532152
679 2.4017886252532152
680 2.4017886252532152
681 2.4017886252532152
682 2.2996970504847054
683 2.2996970504847054
684 2.2996970504847054
685 2.2996970504847054
686 1.600855671406481
687 1.600855671406481
688 1.600855671406481
689 1.600855671406481
690 2.179573877658073
691 2.179573877658073
692 2.179573877658073
693 2.179573877658073
694 2.361619235145744
695 2.361619235145744
696 2.361619235145744
697 2.361619235145744
698 1.760337634171763
699 1.760337634171763
700 1.760337634171763
701 1.760337634171763
702 1.9317433411438238
703 1.9317433411438238
704 1.9317433411438238
705 1.9317433411438238
706 2.875900239929879
707 2.875900239929879
708 2.875900239929879
709 2.875900239929879
710 2.8527186605685197
711 2.8527186605685197
712 2.8527186605685197
713 2.8527186605685197
714 1.5746378780888959
715 1.5746378780888959
716 1.5746378780888959
717 1.5746378780888959
718 3.186934988166116
719 3.186934988166116
720 3.186934988166116
721 3.186934988166116
722 1.992753661182583
723 1.992753661182583
724 1.992753661182583
725 1.992753661182583
726 2.397738643666434
727 2.397738643666434
728 2.397738643666434
729 2.397738643666434
730 1.9499327641709303
731 1.9499327641709303
732 1.9499327641709303
733 1.9499327641709303
734 1.5898598993276094
735 1.5898598993276094
736 1.5898598993276094
737 1.5898598993276094
738 3.6261681747336367
739 3.6261681747336367
740 3.6261681747336367
741 3.6261681747336367
742 3.617738950309901
743 3.617738950309901
744 3.617738950309901
745 3.617738950309901
746 2.5495462441740333
747 2.5495462441740333
748 2.5495462441740333
749 2.5495462441740333
750 2.822636879964241
751 2.822636879964241
752 2.822636879964241
753 2.822636879964241
754 2.060264558364562
755 2.060264558364562
756 2.060264558364562
757 2.060264558364562
758 2.6148721049904298
759 2.6148721049904298
760 2.6148721049904298
761 2.6148721049904298
762 3.4924299094397986
763 3.4924299094397986
764 3.4924299094397986
765 3.4924299094397986
766 1.9410256070223761
767 1.9410256070223761
768 1.9410256070223761
769 1.9410256070223761
770 1.7392001845286071
771 1.7392001845286071
772 1.7392001845286071
773 1.7392001845286071
774 2.1593318662145466
775 2.1593318662145466
776 2.1593318662145466
777 2.1593318662145466
778 2.431149850853594
779 2.431149850853594
780 2.431149850853594
781 2.431149850853594
782 2.331860143107593
783 2.331860143107593
784 2.331860143107593
785 3.614993569717761
786 3.614993569717761
787 3.614993569717761
788 3.614993569717761
789 4.517747718687264
790 4.517747718687264
791 4.517747718687264
792 4.517747718687264
793 4.735055552410918
794 4.735055552410918
795 4.735055552410918
796 4.735055552410918
797 3.6753192088449467
798 3.6753192088449467
799 3.6753192088449467
800 3.6753192088449467
801 4.403195232909553
802 4.403195232909553
803 4.403195232909553
804 4.403195232909553
805 2.944933571319041
806 2.944933571319041
807 2.944933571319041
808 2.944933571319041
809 2.9794894540614605
810 2.9794894540614605
811 2.9794894540614605
812 2.9794894540614605
813 3.251289250419069
814 3.251289250419069
815 3.251289250419069
816 3.251289250419069
817 2.731727077847526
818 2.731727077847526
819 0.4924666505397724
820 0.4924666505397724
821 0.4924666505397724
822 0.4924666505397724
823 0.8916631094828888
824 0.8916631094828888
825 0.8916631094828888
826 0.8916631094828888
827 0.5945860653687605
828 0.5945860653687605
829 0.5945860653687605
830 0.5945860653687605
831 0.8091568783287277
832 0.8091568783287277
833 0.8091568783287277
834 0.8091568783287277
835 0.6221491720086909
836 0.6221491720086909
837 0.6221491720086909
838 0.6221491720086909
839 2.192112290941411
840 2.192112290941411
841 2.192112290941411
842 2.192112290941411
843 1.4668272668163518
844 1.4668272668163518
845 1.4668272668163518
846 1.4668272668163518
847 1.495851473182191
848 1.495851473182191
849 1.495851473182191
850 1.495851473182191
851 1.885765559457958
852 1.885765559457958
853 1.885765559457958
854 1.885765559457958
855 1.4555964176580614
856 1.4555964176580614
857 1.4555964176580614
858 1.4555964176580614
859 1.2297587091049729
860 1.2297587091049729
861 1.2297587091049729
862 1.2297587091049729
863 1.3692215681535362
864 1.3692215681535362
865 1.3692215681535362
866 1.3692215681535362
867 2.188216291568124
868 2.188216291568124
869 2.188216291568124
870 2.188216291568124
871 1.2979014727068037
872 1.2979014727068037
873 1.2979014727068037
874 1.2979014727068037
875 2.2456219089860197
876 2.2456219089860197
877 2.2456219089860197
878 2.2456219089860197
879 3.060454885117571
880 3.060454885117571
881 3.060454885117571
882 3.060454885117571
883 2.02738988394557
884 2.02738988394557
885 2.02738988394557
886 2.02738988394557
887 2.187126142455552
888 2.187126142455552
889 2.187126142455552
890 2.187126142455552
891 2.8668178543936635
892 2.8668178543936635
893 2.8668178543936635
894 2.8668178543936635
895 2.1067655003276506
896 2.1067655003276506
897 2.1067655003276506
898 2.1067655003276506
899 0.7908667499198467
900 0.7908667499198467
901 0.7908667499198467
902 0.7908667499198467
903 1.2012132322393196
904 1.2012132322393196
905 1.2012132322393196
906 1.2012132322393196
907 3.4131526524679914
908 3.4131526524679914
909 3.4131526524679914
910 3.4131526524679914
911 2.769838824282104
912 2.769838824282104
913 2.769838824282104
914 2.769838824282104
915 2.571026319931256
916 2.571026319931256
917 2.571026319931256
918 2.571026319931256
919 2.4978466456071615
920 2.4978466456071615
921 2.4978466456071615
922 2.4978466456071615
923 2.749602445235743
924 2.749602445235743
925 2.749602445235743
926 2.749602445235743
927 2.093237794101401
928 2.093237794101401
929 2.093237794101401
930 2.093237794101401
931 1.8077887045243772
932 1.8077887045243772
933 1.8077887045243772
934 1.8077887045243772
935 1.7391354001230674
936 1.7391354001230674
937 1.7391354001230674
938 1.7391354001230674
939 2.9934389426525527
940 2.9934389426525527
941 2.9934389426525527
942 2.9934389426525527
943 2.5810567500686052
944 2.5810567500686052
945 2.5810567500686052
946 2.5810567500686052
947 1.2563513144358651
948 1.2563513144358651
949 1.2563513144358651
950 1.2563513144358651
951 2.0293074151715422
952 2.0293074151715422
953 2.0293074151715422
954 2.0293074151715422
955 2.9068878318192977
956 2.9068878318192977
957 2.9068878318192977
958 2.9068878318192977
959 2.1330796036361965
960 2.1330796036361965
961 2.1330796036361965
962 2.1330796036361965
963 2.0239447884723774
964 2.0239447884723774
965 2.0239447884723774
966 2.0239447884723774
967 3.144177897111728
968 3.144177897111728
969 3.144177897111728
970 3.144177897111728
971 2.402608720356714
972 2.402608720356714
973 2.402608720356714
974 2.402608720356714
975 2.8862586897108007
976 2.8862586897108007
977 2.8862586897108007
978 2.8862586897108007
979 3.6330839791266527
980 3.6330839791266527
981 3.6330839791266527
982 3.6330839791266527
983 2.34492124455309
984 2.34492124455309
985 2.34492124455309
986 2.34492124455309
987 3.873019967466042
988 3.873019967466042
989 3.873019967466042
990 3.873019967466042
991 2.826160164986654
992 2.826160164986654
993 2.826160164986654
994 2.826160164986654
995 3.1524256609664794
996 3.1524256609664794
997 3.1524256609664794
998 3.1524256609664794
999 2.302718897031004
1000 2.302718897031004
1001 2.302718897031004
1002 2.302718897031004
1003 2.758342455809979
1004 2.758342455809979
1005 2.758342455809979
1006 2.758342455809979
1007 2.393419016589067
1008 2.393419016589067
1009 2.393419016589067
1010 2.393419016589067
1011 3.0969053424340176
1012 3.0969053424340176
1013 3.0969053424340176
1014 3.0969053424340176
1015 2.095234928439617
1016 2.095234928439617
1017 2.095234928439617
1018 2.095234928439617
1019 3.2995523802882714
1020 3.2995523802882714
1021 3.2995523802882714
1022 3.2995523802882714
1023 2.8856517888077304
1024 2.8856517888077304
1025 2.8856517888077304
1026 2.8856517888077304
1027 3.021831315183718
1028 3.021831315183718
1029 3.021831315183718
1030 3.021831315183718
1031 1.2834098862204422
1032 1.2834098862204422
1033 1.2834098862204422
1034 1.2834098862204422
1035 2.3406278853071765
1036 2.3406278853071765
1037 2.3406278853071765
1038 2.3406278853071765
1039 3.726195363870081
1040 3.726195363870081
1041 3.726195363870081
1042 3.726195363870081
1043 2.218993687136711
1044 2.218993687136711
1045 2.218993687136711
1046 2.218993687136711
1047 1.7256918958910639
1048 1.7256918958910639
1049 1.7256918958910639
1050 1.7256918958910639
1051 2.042325901729373
1052 2.042325901729373
1053 2.042325901729373
1054 2.042325901729373
1055 2.4153630582309873
1056 2.4153630582309873
1057 2.4153630582309873
1058 2.4153630582309873
1059 2.4921201027050732
1060 2.4921201027050732
1061 2.4921201027050732
1062 2.4921201027050732
1063 3.0239136637483295
1064 3.0239136637483295
1065 3.0239136637483295
1066 2.9318220094865666
1067 2.9318220094865666
1068 1.859423583134173
1069 1.859423583134173
1070 1.859423583134173
1071 1.859423583134173
1072 1.6546249518555558
1073 1.6546249518555558
1074 1.6546249518555558
1075 1.6546249518555558
1076 0.9299176165200311
1077 0.9299176165200311
1078 0.9299176165200311
1079 0.9299176165200311
1080 3.09938404294434
1081 3.09938404294434
1082 3.09938404294434
1083 3.09938404294434
1084 3.0287462634917204
1085 3.0287462634917204
1086 3.0287462634917204
1087 3.0287462634917204
1088 1.7590687677651087
1089 1.7590687677651087
1090 1.7590687677651087
1091 1.7590687677651087
1092 2.269454973460069
1093 3.1939931486483815
1094 3.1939931486483815
1095 3.1939931486483815
1096 3.1939931486483815
1097 1.648626919128098
1098 1.648626919128098
1099 1.648626919128098
1100 1.648626919128098
1101 2.3708250588314623
1102 2.3708250588314623
1103 2.3708250588314623
1104 2.3708250588314623
1105 3.519746226397814
1106 3.519746226397814
1107 3.519746226397814
1108 3.519746226397814
1109 2.6226610250172753
1110 2.6226610250172753
1111 2.6226610250172753
1112 2.6226610250172753
1113 3.4646212456974608
1114 3.4646212456974608
1115 3.4646212456974608
1116 3.4646212456974608
1117 2.695009278638769
1118 2.695009278638769
1119 4.2383408091471235
1120 4.2383408091471235
1121 4.2383408091471235
1122 4.2383408091471235
1123 3.3057031803116024
1124 3.3057031803116024
1125 3.3057031803116024
1126 3.3057031803116024
1127 4.264150342826168
1128 4.264150342826168
1129 4.264150342826168
1130 4.264150342826168
1131 4.552888850410316
1132 4.552888850410316
1133 4.552888850410316
1134 4.552888850410316
1135 3.2712584434817606
1136 3.2712584434817606
1137 3.2712584434817606
1138 3.2712584434817606
1139 2.918987193529972
1140 2.918987193529972
1141 2.918987193529972
1142 2.918987193529972
1143 4.0062174341945145
1144 4.0062174341945145
1145 4.0062174341945145
1146 4.0062174341945145
1147 4.339757763651594
1148 4.339757763651594
1149 4.339757763651594
1150 4.339757763651594
1151 4.347771539572846
1152 4.347771539572846
1153 4.347771539572846
1154 4.347771539572846
1155 3.5522134278140864
1156 3.5522134278140864
1157 3.5522134278140864
1158 3.5522134278140864
1159 3.526503725088333
1160 3.526503725088333
1161 3.526503725088333
1162 3.526503725088333
1163 3.483178409111081
1164 3.483178409111081
1165 3.483178409111081
1166 3.483178409111081
1167 3.103382575604324
1168 3.103382575604324
1169 3.103382575604324
1170 3.103382575604324
1171 4.507796614422194
1172 4.507796614422194
1173 4.507796614422194
1174 4.507796614422194
1175 2.1608153141096844
1176 2.1608153141096844
1177 2.1608153141096844
1178 2.1608153141096844
1179 4.351267238214432
1180 4.351267238214432
1181 4.351267238214432
1182 4.351267238214432
1183 3.410782483828988
1184 3.410782483828988
1185 3.410782483828988
1186 3.410782483828988
1187 3.2727224062907077
1188 3.2727224062907077
1189 3.2727224062907077
1190 3.2727224062907077
1191 4.745646528577096
1192 4.745646528577096
1193 4.745646528577096
1194 4.745646528577096
1195 3.6423298459797833
1196 0.6778871238375455
1197 0.6778871238375455
1198 0.6778871238375455
1199 0.6778871238375455
1200 0.6126199694146401
1201 0.6126199694146401
1202 0.6126199694146401
1203 0.6126199694146401
1204 0.632213527134717
1205 0.632213527134717
1206 0.632213527134717
1207 0.632213527134717
1208 0.6722294248931041
1209 0.6722294248931041
1210 0.6722294248931041
1211 0.6722294248931041
1212 0.553774940163758
1213 0.553774940163758
1214 0.553774940163758
1215 0.553774940163758
1216 1.050028727724788
1217 1.050028727724788
1218 1.050028727724788
1219 1.050028727724788
1220 0.7953386784988036
1221 0.7953386784988036
1222 0.7953386784988036
1223 0.7953386784988036
1224 0.8746293023911778
1225 0.8746293023911778
1226 0.8746293023911778
1227 0.8746293023911778
1228 0.40856173491300973
1229 0.40856173491300973
1230 0.40856173491300973
1231 0.40856173491300973
1232 0.7022105163814136
1233 0.7022105163814136
1234 0.7022105163814136
1235 0.7022105163814136
1236 0.5662774945891744
1237 0.5662774945891744
1238 0.5662774945891744
1239 0.5662774945891744
1240 0.3846481591879337
1241 0.3846481591879337
1242 0.3846481591879337
1243 0.3846481591879337
1244 0.6225961341000226
1245 0.6225961341000226
1246 0.6225961341000226
1247 0.6225961341000226
1248 0.6883420206207015
1249 0.6883420206207015
1250 0.6883420206207015
1251 0.6883420206207015
1252 0.22811746046541176
1253 0.22811746046541176
1254 0.7874409782385429
1255 0.7874409782385429
1256 0.7874409782385429
1257 0.7874409782385429
1258 1.1768235279322135
1259 1.1768235279322135
1260 1.1768235279322135
1261 1.1768235279322135
1262 1.2236600113867722
1263 1.2236600113867722
1264 1.2236600113867722
1265 1.2236600113867722
1266 0.8606377355502806
1267 0.8606377355502806
1268 0.8606377355502806
1269 0.8606377355502806
1270 0.8095001438544122
1271 0.8095001438544122
1272 0.8095001438544122
1273 0.8095001438544122
1274 1.0391033407430625
1275 1.0391033407430625
1276 1.0391033407430625
1277 1.0391033407430625
1278 1.4253963678927586
1279 1.4253963678927586
1280 1.4253963678927586
1281 1.4253963678927586
1282 1.3182850832271311
1283 1.3182850832271311
1284 1.3182850832271311
1285 2.621176534671856
1286 2.621176534671856
1287 2.621176534671856
1288 2.621176534671856
1289 2.4307268583764
1290 2.4307268583764
1291 2.4307268583764
1292 2.4307268583764
1293 2.6845395742641864
1294 2.6845395742641864
1295 2.6845395742641864
1296 2.6845395742641864
1297 1.8962220370764977
1298 1.8962220370764977
1299 1.8962220370764977
1300 1.8962220370764977
1301 1.237811080160542
1302 1.237811080160542
1303 1.237811080160542
1304 1.237811080160542
1305 2.1799528325808737
1306 2.1799528325808737
1307 2.1799528325808737
1308 2.1799528325808737
1309 2.217542864556856
1310 2.217542864556856
1311 2.217542864556856
1312 2.217542864556856
1313 1.97534998053277
1314 1.97534998053277
1315 1.97534998053277
1316 1.97534998053277
1317 2.4339632453685676
1318 2.4339632453685676
1319 2.4339632453685676
1320 2.4339632453685676
1321 3.674574277151006
1322 3.674574277151006
1323 3.674574277151006
1324 3.674574277151006
1325 2.521018383115913
1326 2.521018383115913
1327 2.521018383115913
1328 2.521018383115913
1329 2.851530737870742
1330 2.851530737870742
1331 2.851530737870742
1332 2.851530737870742
1333 3.2092259874532316
1334 3.2092259874532316
1335 3.2092259874532316
1336 3.2092259874532316
1337 1.2824811937578833
1338 1.2824811937578833
1339 1.2824811937578833
1340 1.2824811937578833
1341 1.8517249519646155
1342 1.8517249519646155
1343 1.8517249519646155
1344 1.8517249519646155
1345 2.1045365557430826
1346 2.1045365557430826
1347 2.1045365557430826
1348 2.1045365557430826
1349 2.493354584541768
1350 2.493354584541768
1351 2.493354584541768
1352 2.493354584541768
1353 3.626491404084358
1354 3.626491404084358
1355 3.626491404084358
1356 3.626491404084358
1357 0.7330510147925384
1358 0.7330510147925384
1359 0.7330510147925384
1360 0.7330510147925384
1361 2.1789410281286754
1362 2.1789410281286754
1363 2.1789410281286754
1364 2.1789410281286754
1365 2.065764965028349
1366 2.065764965028349
1367 2.065764965028349
1368 2.065764965028349
1369 3.180808764701365
1370 3.180808764701365
1371 3.180808764701365
1372 3.180808764701365
1373 1.8245098117038723
1374 1.8245098117038723
1375 1.8245098117038723
1376 1.8245098117038723
1377 2.3447043298283536
1378 2.3447043298283536
1379 2.3447043298283536
1380 2.3447043298283536
1381 2.5700443047385306
1382 2.5700443047385306
1383 2.5700443047385306
1384 2.5700443047385306
1385 2.2614858383652083
1386 2.2614858383652083
1387 2.2614858383652083
1388 2.2614858383652083
1389 2.8093179614636847
1390 2.8093179614636847
1391 2.8093179614636847
1392 2.8093179614636847
1393 1.7113540463342765
1394 1.7113540463342765
1395 1.7113540463342765
1396 1.7113540463342765
1397 2.4132241307007054
1398 2.4132241307007054
1399 2.4132241307007054
1400 2.4132241307007054
1401 2.508619241025993
1402 2.508619241025993
1403 2.508619241025993
1404 2.508619241025993
1405 2.329773159131336
1406 2.329773159131336
1407 2.329773159131336
1408 2.329773159131336
1409 1.8528756384208733
1410 1.8528756384208733
1411 1.8528756384208733
1412 1.8528756384208733
1413 2.2772951276621076
1414 2.2772951276621076
1415 2.2772951276621076
1416 2.2772951276621076
1417 3.594951720213672
1418 3.594951720213672
1419 3.594951720213672
1420 3.594951720213672
1421 3.0339942471552286
1422 3.0339942471552286
1423 3.0339942471552286
1424 3.0339942471552286
1425 1.7606050283352852
1426 1.7606050283352852
1427 1.7606050283352852
1428 1.7606050283352852
1429 2.9651063132434015
1430 2.9651063132434015
1431 2.9651063132434015
1432 2.9651063132434015
1433 1.854965251626517
1434 1.854965251626517
1435 1.854965251626517
1436 1.854965251626517
1437 1.7177780150381126
1438 1.7177780150381126
1439 1.7177780150381126
1440 1.7177780150381126
1441 2.773814565786609
1442 2.773814565786609
1443 2.773814565786609
1444 2.773814565786609
1445 2.892700981976385
1446 2.892700981976385
1447 2.892700981976385
1448 2.892700981976385
1449 1.0909783305403582
1450 1.0909783305403582
1451 1.0909783305403582
1452 1.0909783305403582
1453 2.9451090629897876
1454 2.9451090629897876
1455 2.9451090629897876
1456 2.9451090629897876
1457 2.9171254380777536
1458 2.9171254380777536
1459 2.9171254380777536
1460 2.9171254380777536
1461 2.1341390832964175
1462 2.1341390832964175
1463 2.1341390832964175
1464 2.1341390832964175
1465 1.6205276458894948
1466 1.6205276458894948
1467 1.6205276458894948
1468 1.6205276458894948
1469 2.6417369225937577
1470 2.6417369225937577
1471 2.6417369225937577
1472 2.6417369225937577
1473 1.9499070317864304
1474 1.9499070317864304
1475 1.9499070317864304
1476 1.9499070317864304
1477 1.8284232834684755
1478 1.8284232834684755
1479 1.8284232834684755
1480 1.8284232834684755
1481 1.4965389087159895
1482 1.4965389087159895
1483 1.4965389087159895
1484 1.4965389087159895
1485 1.8077465456183357
1486 1.8077465456183357
1487 1.8077465456183357
1488 1.8077465456183357
1489 1.7697908751396312
1490 1.7697908751396312
1491 1.7697908751396312
1492 1.7697908751396312
1493 2.3826617995390955
1494 2.3826617995390955
1495 2.3826617995390955
1496 2.3826617995390955
1497 2.385231418553686
1498 2.385231418553686
1499 2.385231418553686
1500 2.385231418553686
1501 1.428689266684699
1502 1.428689266684699
1503 1.428689266684699
1504 1.428689266684699
1505 2.827904609330035
1506 2.827904609330035
1507 2.827904609330035
1508 0.5934269076491772
1509 0.5934269076491772
1510 0.5934269076491772
1511 0.5934269076491772
1512 0.7516932703438284
1513 0.7516932703438284
1514 0.7516932703438284
1515 0.7516932703438284
1516 0.6597886046547893
1517 0.6597886046547893
1518 0.6597886046547893
1519 0.6597886046547893
1520 0.5106039085213535
1521 0.5106039085213535
1522 0.5106039085213535
1523 0.5106039085213535
1524 0.6764571261808685
1525 0.6764571261808685
1526 0.6764571261808685
1527 0.6764571261808685
1528 0.3969420842600337
1529 0.3969420842600337
1530 0.3969420842600337
1531 0.3969420842600337
1532 0.9079528538463304
1533 0.9079528538463304
1534 0.9079528538463304
1535 0.9079528538463304
1536 0.8028712728684952
1537 0.8028712728684952
1538 0.8028712728684952
1539 0.8028712728684952
1540 0.839523535590207
1541 0.839523535590207
1542 0.839523535590207
1543 0.839523535590207
1544 0.687818275990477
1545 0.687818275990477
1546 0.687818275990477
1547 0.687818275990477
1548 0.3652961169601921
1549 0.3652961169601921
1550 0.3652961169601921
1551 0.3652961169601921
1552 0.7695149728496509
1553 0.7695149728496509
1554 0.7695149728496509
1555 0.7695149728496509
1556 0.6973954519323327
1557 0.6973954519323327
1558 0.6973954519323327
1559 0.6973954519323327
1560 0.5610391205351462
1561 0.5610391205351462
1562 0.5610391205351462
1563 0.5610391205351462
1564 0.7177623010751528
1565 0.7177623010751528
1566 0.7177623010751528
1567 0.7177623010751528
1568 0.7156698531877965
1569 0.7156698531877965
1570 0.7156698531877965
1571 0.7156698531877965
1572 0.6011620736012897
1573 0.6011620736012897
1574 0.6011620736012897
1575 0.6011620736012897
1576 0.6136017843423087
1577 0.6136017843423087
1578 0.6136017843423087
1579 0.6136017843423087
1580 0.7225548643258799
1581 0.7225548643258799
1582 0.7225548643258799
1583 0.7225548643258799
1584 0.608554070358348
1585 0.608554070358348
1586 0.608554070358348
1587 0.608554070358348
1588 0.8711684983515586
1589 0.8711684983515586
1590 0.8711684983515586
1591 0.8711684983515586
1592 0.6242516407085943
1593 0.6242516407085943
1594 0.6242516407085943
1595 0.6242516407085943
1596 0.499785681783143
1597 0.499785681783143
1598 0.499785681783143
1599 0.499785681783143
1600 0.6709787091679482
1601 0.6709787091679482
1602 0.6709787091679482
1603 0.6709787091679482
1604 0.6787290352800515
1605 0.6787290352800515
1606 0.6787290352800515
1607 0.6787290352800515
1608 0.3244275802239112
1609 0.3244275802239112
1610 0.3244275802239112
1611 0.3244275802239112
1612 0.6291426000807662
1613 0.6291426000807662
1614 0.6291426000807662
1615 0.6291426000807662
1616 0.6118764118638574
1617 0.6118764118638574
1618 0.6118764118638574
1619 0.6118764118638574
1620 0.6641863514618154
1621 0.6641863514618154
1622 0.6641863514618154
1623 0.6641863514618154
1624 0.713250261491316
1625 0.713250261491316
1626 0.713250261491316
1627 0.713250261491316
1628 0.6254680176637779
1629 0.6254680176637779
1630 0.6254680176637779
1631 0.6254680176637779
1632 0.7576779527854707
1633 0.7576779527854707
1634 0.7576779527854707
1635 0.7576779527854707
1636 0.41460634923988854
1637 0.41460634923988854
1638 0.41460634923988854
1639 0.41460634923988854
1640 0.5667377986920971
1641 0.5667377986920971
1642 0.5667377986920971
1643 0.5667377986920971
1644 0.5816976405910222
1645 0.5816976405910222
1646 0.5816976405910222
1647 0.5816976405910222
1648 0.5258386022610669
1649 0.5258386022610669
1650 0.5258386022610669
1651 0.5258386022610669
1652 0.8582181368214893
1653 0.8582181368214893
1654 0.8582181368214893
1655 0.8582181368214893
1656 1.1167947616391856
1657 1.1167947616391856
1658 1.1167947616391856
1659 1.1167947616391856
1660 0.5104655629417131
1661 0.5104655629417131
1662 0.5104655629417131
1663 0.5104655629417131
1664 0.567094372010377
1665 0.567094372010377
1666 0.567094372010377
1667 0.567094372010377
1668 0.8204127410459545
1669 0.8204127410459545
1670 0.8204127410459545
1671 0.8204127410459545
1672 0.6385632732954253
1673 0.6385632732954253
1674 0.6385632732954253
1675 0.6385632732954253
1676 0.3921600669042894
1677 0.3921600669042894
1678 0.3921600669042894
1679 0.3921600669042894
1680 0.5456429994076119
1681 0.5456429994076119
1682 0.5456429994076119
1683 0.5456429994076119
1684 0.9904168281554044
1685 0.9904168281554044
1686 0.9904168281554044
1687 0.9904168281554044
1688 0.8442010871030523
1689 0.8442010871030523
1690 2.2139664893730435
1691 2.2139664893730435
1692 2.2139664893730435
1693 2.2139664893730435
1694 2.64090697528253
1695 2.64090697528253
1696 0.6594950375587046
1697 0.6594950375587046
1698 0.6594950375587046
1699 0.6594950375587046
1700 0.6330059304334383
1701 0.6330059304334383
1702 0.6330059304334383
1703 0.6330059304334383
1704 0.8504095299796416
1705 0.8504095299796416
1706 0.8504095299796416
1707 0.8504095299796416
1708 1.0067891451013729
1709 1.0067891451013729
1710 1.0067891451013729
1711 1.0067891451013729
1712 0.4151164988384743
1713 0.4151164988384743
1714 0.4151164988384743
1715 0.4151164988384743
1716 0.4636861563285405
1717 0.4636861563285405
1718 0.4636861563285405
1719 0.4636861563285405
1720 0.8032942467732123
1721 0.8032942467732123
1722 0.8032942467732123
1723 0.8032942467732123
1724 0.7991433413174723
1725 0.7991433413174723
1726 0.7991433413174723
1727 0.7991433413174723
1728 0.6303364426035425
1729 0.6303364426035425
1730 0.6303364426035425
1731 0.6303364426035425
1732 0.6947960971445264
1733 0.6947960971445264
1734 0.6947960971445264
1735 0.6947960971445264
1736 0.42579263530641837
1737 0.42579263530641837
1738 0.42579263530641837
1739 0.42579263530641837
1740 0.7545986798954964
1741 0.7545986798954964
1742 0.7545986798954964
1743 0.7545986798954964
1744 0.8535391856889171
1745 0.8535391856889171
1746 0.8535391856889171
1747 0.8535391856889171
1748 0.3755348332511451
1749 0.3755348332511451
1750 0.3755348332511451
1751 0.3755348332511451
1752 0.5901516649039916
1753 0.5901516649039916
1754 0.5901516649039916
1755 0.5901516649039916
1756 0.6586331547206838
1757 0.6586331547206838
1758 0.6586331547206838
1759 0.6586331547206838
1760 0.6825981203234636
1761 0.6825981203234636
1762 0.6825981203234636
1763 0.6825981203234636
1764 0.5921839610807063
1765 0.5921839610807063
1766 0.5921839610807063
1767 0.5921839610807063
1768 0.5143644992869228
1769 0.5143644992869228
1770 0.5143644992869228
1771 0.5143644992869228
1772 0.8478256575326112
1773 0.8478256575326112
1774 0.8478256575326112
1775 0.8478256575326112
1776 0.8586451724574647
1777 0.8586451724574647
1778 0.8586451724574647
1779 0.8586451724574647
1780 0.4723793853611345
1781 0.4723793853611345
1782 0.4723793853611345
1783 0.4723793853611345
1784 0.8805780243643526
1785 0.8805780243643526
1786 0.8805780243643526
1787 0.8805780243643526
1788 0.6298096688736181
1789 0.6298096688736181
1790 0.6298096688736181
1791 0.6298096688736181
1792 0.8292887507783349
1793 0.8292887507783349
1794 0.8292887507783349
1795 0.8292887507783349
1796 0.5665749434441739
1797 0.5665749434441739
1798 0.5665749434441739
1799 0.5665749434441739
1800 0.6135670177724099
1801 0.6135670177724099
1802 0.6135670177724099
1803 0.6135670177724099
1804 0.6486805344527224
1805 0.6486805344527224
1806 0.6486805344527224
1807 0.6486805344527224
1808 0.756838441402119
1809 0.756838441402119
1810 0.756838441402119
1811 0.756838441402119
1812 0.41791653903777953
1813 0.41791653903777953
1814 0.41791653903777953
1815 0.41791653903777953
1816 0.8241956037692081
1817 0.8241956037692081
1818 0.8241956037692081
1819 0.8241956037692081
1820 0.38400100227229284
1821 0.38400100227229284
1822 0.38400100227229284
1823 0.38400100227229284
1824 0.6535597161159814
1825 0.6535597161159814
1826 0.6535597161159814
1827 0.6535597161159814
1828 0.8760262186788944
1829 0.8760262186788944
1830 0.8760262186788944
1831 0.8760262186788944
1832 0.7658201250258363
1833 0.7658201250258363
1834 0.7658201250258363
1835 0.7658201250258363
1836 0.684456120362928
1837 0.684456120362928
1838 0.684456120362928
1839 0.684456120362928
1840 0.741825800109474
1841 0.741825800109474
1842 0.741825800109474
1843 0.741825800109474
1844 0.6271074360314033
1845 0.6271074360314033
1846 0.6271074360314033
1847 0.6271074360314033
1848 0.5672489918176011
1849 0.5672489918176011
1850 0.5672489918176011
1851 0.5672489918176011
1852 0.8424146850601489
1853 0.8424146850601489
1854 0.8424146850601489
1855 0.8424146850601489
1856 0.8934881534028408
1857 0.8934881534028408
1858 0.8934881534028408
1859 0.8934881534028408
1860 0.8212103322682678
1861 0.8212103322682678
1862 0.8212103322682678
1863 0.8212103322682678
1864 0.7575830143417384
1865 0.7575830143417384
1866 0.7575830143417384
1867 0.7575830143417384
1868 1.2332507571223275
1869 1.2332507571223275
1870 1.2332507571223275
1871 1.2332507571223275
1872 0.7059037851643802
1873 0.7059037851643802
1874 0.7059037851643802
1875 0.7059037851643802
1876 0.7209916836202971
1877 0.7209916836202971
1878 0.7209916836202971
1879 0.7209916836202971
1880 0.6089431933266262
1881 0.6089431933266262
1882 0.6089431933266262
1883 0.6089431933266262
1884 0.6721791076477028
1885 0.6721791076477028
1886 0.6721791076477028
1887 0.6721791076477028
1888 0.651404846521787
1889 0.651404846521787
1890 0.651404846521787
1891 0.651404846521787
1892 0.8504667510650548
1893 0.8504667510650548
1894 0.8504667510650548
1895 2.5447928360657954
1896 2.5447928360657954
1897 2.5447928360657954
1898 2.5447928360657954
1899 2.0721776672382513
1900 2.0721776672382513
1901 2.0721776672382513
1902 2.0721776672382513
1903 2.7188155488185446
1904 2.7188155488185446
1905 2.7188155488185446
1906 2.7188155488185446
1907 1.6586565346703994
1908 1.6586565346703994
1909 1.6586565346703994
1910 1.6586565346703994
1911 2.4999024882418164
1912 2.4999024882418164
1913 2.4999024882418164
1914 2.4999024882418164
1915 2.405335921683522
1916 2.405335921683522
1917 2.405335921683522
1918 2.405335921683522
1919 1.615144059640323
1920 1.615144059640323
1921 1.615144059640323
1922 1.615144059640323
1923 1.3981057721846772
1924 1.3981057721846772
1925 1.3981057721846772
1926 1.3981057721846772
1927 1.7218173726772394
1928 1.7218173726772394
1929 1.7218173726772394
1930 1.7218173726772394
1931 2.128933706678768
1932 2.128933706678768
1933 2.128933706678768
1934 2.128933706678768
1935 2.3950119311130282
1936 2.3950119311130282
1937 2.3950119311130282
1938 2.3950119311130282
1939 2.5326244124314385
1940 2.5326244124314385
1941 2.5326244124314385
1942 2.5326244124314385
1943 1.741648862800182
1944 1.741648862800182
1945 1.741648862800182
1946 1.741648862800182
1947 1.3237572205064752
1948 1.3237572205064752
1949 1.3237572205064752
1950 1.3237572205064752
1951 2.5737669613178102
1952 2.5737669613178102
1953 2.5737669613178102
1954 2.5737669613178102
1955 1.2044846681368684
1956 1.2044846681368684
1957 1.2044846681368684
1958 1.2044846681368684
1959 2.6604310348441507
1960 2.6604310348441507
1961 2.6604310348441507
1962 2.6604310348441507
1963 1.5180848828269644
1964 0.23620257911748652
1965 0.23620257911748652
1966 0.23620257911748652
1967 0.23620257911748652
1968 0.3211038355420646
1969 0.3211038355420646
1970 0.3211038355420646
1971 0.3211038355420646
1972 0.17434066133424939
1973 0.17434066133424939
1974 0.17434066133424939
1975 0.17434066133424939
1976 0.20270515466202368
1977 0.20270515466202368
1978 0.20270515466202368
1979 0.20270515466202368
1980 0.13810705643394053
1981 0.13810705643394053
1982 0.13810705643394053
1983 0.13810705643394053
1984 0.17922474429622492
1985 0.17922474429622492
1986 0.17922474429622492
1987 0.17922474429622492
1988 0.21318203257088708
1989 0.21318203257088708
1990 0.21318203257088708
1991 0.21318203257088708
1992 0.14298141527076552
1993 0.14298141527076552
1994 0.14298141527076552
1995 0.14298141527076552
1996 0.2875363965360753
1997 0.2875363965360753
1998 0.2875363965360753
1999 0.2875363965360753
