0 4.714219091173859
1 4.714219091173859
2 4.6358497394894975
3 4.6358497394894975
4 4.413345811987374
5 4.413345811987374
6 3.0140494952628334
7 3.0140494952628334
8 4.7757044757565374
9 4.7757044757565374
10 3.708444505501462
11 0.5769681488628706
12 0.5769681488628706
13 0.698067301402695
14 0.698067301402695
15 2.641163055984908
16 2.641163055984908
17 2.4025517491104154
18 2.4025517491104154
19 1.9888173442793287
20 1.9888173442793287
21 3.6384820137821765
22 3.6384820137821765
23 2.864526215058379
24 2.864526215058379
25 2.7668689514297906
26 2.7668689514297906
27 2.961388224705653
28 2.961388224705653
29 3.90027810244797
30 3.90027810244797
31 3.928399433751051
32 3.928399433751051
33 3.6689850445101975
34 3.6689850445101975
35 2.6145165648659487
36 2.6145165648659487
37 1.837733940538193
38 1.837733940538193
39 4.5268435638715765
40 4.5268435638715765
41 3.6302917579939944
42 3.6302917579939944
43 3.699449735850015
44 3.699449735850015
45 3.5525781839703017
46 3.5525781839703017
47 2.613348056570736
48 2.613348056570736
49 2.9413314093227627
50 2.9413314093227627
51 3.2884684800335506
52 3.2884684800335506
53 3.7065853854337107
54 1.0218419669136967
55 1.0218419669136967
56 0.48037774925004084
57 0.48037774925004084
58 0.7088356167084395
59 0.7088356167084395
60 0.6282395426582253
61 0.6282395426582253
62 0.6416641903455648
63 0.6416641903455648
64 0.5332065366158485
65 0.5332065366158485
66 0.6671080438077402
67 0.6671080438077402
68 0.8386703981577416
69 0.8386703981577416
70 0.5006640647130856
71 0.5006640647130856
72 0.575828399293483
73 0.575828399293483
74 0.6991331673710379
75 0.6991331673710379
76 0.5215763839641727
77 0.5215763839641727
78 0.6712586363002738
79 0.6712586363002738
80 0.6573637892045004
81 0.6573637892045004
82 0.848880419987001
83 0.848880419987001
84 0.626650928372326
85 0.626650928372326
86 0.8180238568717608
87 0.8180238568717608
88 0.6326700590712026
89 0.6326700590712026
90 0.7471999910061369
91 0.7471999910061369
92 0.4524206965194318
93 1.937836119116176
94 1.937836119116176
95 2.0877990846644128
96 2.0877990846644128
97 1.5402852333321062
98 1.5402852333321062
99 1.8497830545665535
100 1.8497830545665535
101 1.7057251460719138
102 1.7057251460719138
103 1.644612416037919
104 1.644612416037919
105 1.7310613397652974
106 1.7310613397652974
107 1.6296513010921583
108 1.6296513010921583
109 1.230946658516455
110 1.230946658516455
111 1.562155233622581
112 1.562155233622581
113 2.0371099716055054
114 1.5688284144461355
115 1.5688284144461355
116 1.4810975420166759
117 1.4810975420166759
118 1.5113981831191403
119 1.5113981831191403
120 1.1266747329404014
121 1.1266747329404014
122 0.7209374265275716
123 0.7209374265275716
124 1.3995516742432177
125 1.3995516742432177
126 1.3869093738431109
127 1.3869093738431109
128 0.9053319277442229
129 0.9053319277442229
130 0.9658132635054766
131 0.9658132635054766
132 0.948151246349109
133 0.948151246349109
134 0.8393670494439356
135 0.8393670494439356
136 0.9453962113723198
137 0.9453962113723198
138 0.7282907942968222
139 0.7282907942968222
140 3.0633506430138238
141 3.0633506430138238
142 2.3593642915432818
143 2.3593642915432818
144 3.217291125015292
145 3.217291125015292
146 3.2581323460509566
147 3.2581323460509566
148 4.414311934962549
149 4.414311934962549
150 3.8896364744201875
151 3.8896364744201875
152 3.829598003677248
153 3.829598003677248
154 5.3299235013670945
155 5.3299235013670945
156 4.356958003891211
157 4.356958003891211
158 3.4108671261007846
159 3.4108671261007846
160 4.198243674560053
161 4.198243674560053
162 3.853328060137191
163 4.102624812417713
164 4.102624812417713
165 2.744706314570333
166 2.744706314570333
167 3.7189892809396943
168 3.7189892809396943
169 4.046540181634882
170 4.046540181634882
171 4.200038174416559
172 4.200038174416559
173 2.730050625672268
174 2.730050625672268
175 3.053832390532844
176 3.053832390532844
177 2.437946336977988
178 2.437946336977988
179 3.833194142709715
180 3.833194142709715
181 2.651717433080231
182 2.651717433080231
183 3.2241440459367974
184 3.2241440459367974
185 2.9721585369546535
186 2.9721585369546535
187 2.967408209125894
188 2.967408209125894
189 4.756582125772791
190 4.756582125772791
191 3.3537913661496397
192 3.3537913661496397
193 1.7476533694217287
194 1.7476533694217287
195 2.804466646848132
196 2.804466646848132
197 3.7025708747726966
198 3.7025708747726966
199 4.815340823378742
200 4.815340823378742
201 3.7561932927536077
202 3.7561932927536077
203 1.2785244532325142
204 1.2785244532325142
205 1.1657318565366568
206 1.1657318565366568
207 1.4675184713445555
208 0.8149374653224533
209 0.8149374653224533
210 0.631562669133253
211 0.631562669133253
212 0.7223685255974951
213 0.7223685255974951
214 0.6735364160064012
215 0.6735364160064012
216 0.660886320430415
217 0.660886320430415
218 0.5772066357894218
219 0.5772066357894218
220 0.600543383895855
221 1.8567615305680871
222 1.8567615305680871
223 1.802777889256379
224 1.802777889256379
225 1.6970433153784563
226 1.6970433153784563
227 1.2500827421380563
228 1.2500827421380563
229 1.48023318270361
230 1.48023318270361
231 2.508354067998839
232 2.508354067998839
233 1.3342437368147024
234 1.3342437368147024
235 0.9001206508827941
236 0.9001206508827941
237 1.6758956237416323
238 1.6758956237416323
239 1.699434019305493
240 1.699434019305493
241 1.3464346699645553
242 1.3464346699645553
243 1.6341806303076818
244 1.6341806303076818
245 1.2160550453856214
246 0.21823078738359422
247 0.21823078738359422
248 0.19499176112556907
249 0.19499176112556907
250 0.1888059553099089
251 3.1216367952400472
252 4.717151010331752
253 4.717151010331752
254 5.074338683981134
255 5.074338683981134
256 4.611578419001772
257 4.611578419001772
258 4.190527886676157
259 4.190527886676157
260 4.053847809910312
261 4.053847809910312
262 2.705089912610311
263 2.705089912610311
264 3.541689748265935
265 3.541689748265935
266 4.313148764476027
267 4.313148764476027
268 1.8442206332713216
269 1.8442206332713216
270 2.155826129595416
271 2.155826129595416
272 3.21620659324311
273 3.21620659324311
274 2.384914394805244
275 2.384914394805244
276 2.0730124759368724
277 2.0730124759368724
278 2.517406006683404
279 2.517406006683404
280 2.4696044714258787
281 2.4696044714258787
282 2.110758697333482
283 2.110758697333482
284 2.1639578926777583
285 2.1639578926777583
286 2.4931013222067833
287 2.4931013222067833
288 1.5560708685542703
289 1.5560708685542703
290 2.3519346985517324
291 2.3519346985517324
292 1.2053151155136135
293 1.2053151155136135
294 1.9573903237627468
295 1.9573903237627468
296 1.4380439577890616
297 1.4380439577890616
298 1.6446850976310399
299 1.6446850976310399
300 0.966396289045661
301 0.966396289045661
302 1.4030363915631074
303 1.4030363915631074
304 1.23692248258597
305 1.23692248258597
306 1.0667840022710298
307 1.0667840022710298
308 1.6425687625325176
309 1.6425687625325176
310 1.488984801430421
311 1.488984801430421
312 1.1864601414282547
313 1.1864601414282547
314 1.2817622599602108
315 1.2817622599602108
316 1.8079789506740962
317 1.8079789506740962
318 3.8649310100292844
319 3.8649310100292844
320 3.60084849361788
321 3.60084849361788
322 3.648527952824693
323 3.648527952824693
324 4.5109256578170465
325 4.5109256578170465
326 4.90369757828637
327 4.90369757828637
328 5.27998237251736
329 5.27998237251736
330 3.5987188737761735
331 3.5987188737761735
332 4.068691859518929
333 4.068691859518929
334 4.408818018202474
335 4.408818018202474
336 3.7086218837545384
337 3.7086218837545384
338 3.335569695139897
339 3.335569695139897
340 3.824450271548343
341 3.824450271548343
342 3.863031687931665
343 3.863031687931665
344 4.21219955564022
345 4.21219955564022
346 4.583943461012646
347 4.583943461012646
348 3.806304505247296
349 3.806304505247296
350 1.0267713369154894
351 1.0267713369154894
352 1.1302736674671663
353 1.1302736674671663
354 0.9480035177618469
355 0.9480035177618469
356 1.3409616534922915
357 1.3409616534922915
358 1.2043977005672246
359 3.240364550798628
360 3.240364550798628
361 4.172536433534568
362 4.172536433534568
363 3.601044620961025
364 3.601044620961025
365 3.3724498289423694
366 3.3724498289423694
367 3.562057388914946
368 3.562057388914946
369 4.29562023209055
370 4.29562023209055
371 2.5411474868359187
372 1.2818075168673997
373 1.2818075168673997
374 1.7961509321732625
375 1.7961509321732625
376 1.595064403275958
377 5.05324515127761
378 5.05324515127761
379 2.4133287401814663
380 2.7309760622607238
381 2.7309760622607238
382 4.323060109276307
383 4.323060109276307
384 2.8583119137346404
385 2.8583119137346404
386 2.8846295085848768
387 2.8846295085848768
388 5.249513260407531
389 5.249513260407531
390 5.504558184123822
391 5.504558184123822
392 2.902724671205628
393 2.902724671205628
394 4.531696694820141
395 4.531696694820141
396 1.1891063218115234
397 1.1891063218115234
398 1.3197238516868288
399 1.3197238516868288
400 0.7788880858239696
401 0.7788880858239696
402 3.0751253136049645
403 3.0751253136049645
404 3.178483646450972
405 3.178483646450972
406 3.382413170926881
407 3.382413170926881
408 3.2866292877372496
409 3.2866292877372496
410 3.6205933207969956
411 3.6205933207969956
412 1.9383199841494032
413 1.9383199841494032
414 4.867236226489404
415 4.867236226489404
416 4.322558278736188
417 4.322558278736188
418 3.557270736257481
419 3.557270736257481
420 3.3049912585477186
421 3.3049912585477186
422 4.013977929588393
423 4.013977929588393
424 4.514952337759434
425 4.514952337759434
426 3.132967600505095
427 3.132967600505095
428 3.114134866770889
429 3.114134866770889
430 3.671390152835732
431 3.671390152835732
432 3.5046595314869124
433 3.5046595314869124
434 3.8956089746887996
435 3.8956089746887996
436 3.3810277330989575
437 3.3810277330989575
438 3.731734852137543
439 0.8507647172769197
440 3.1988185899488863
441 3.1988185899488863
442 1.9576484458667245
443 1.9576484458667245
444 1.6652641432059854
445 1.6652641432059854
446 2.57312800560925
447 2.57312800560925
448 2.1888290201996194
449 2.1888290201996194
450 2.2883140917946956
451 2.2883140917946956
452 2.0717196165176373
453 2.0717196165176373
454 2.168867897207399
455 2.168867897207399
456 2.4110370478122753
457 2.4110370478122753
458 2.468308946560239
459 2.468308946560239
460 2.170493630038021
461 2.170493630038021
462 2.1377762363868493
463 2.1377762363868493
464 2.3193890310896315
465 2.3193890310896315
466 3.626284402496349
467 3.626284402496349
468 1.8773652991352052
469 1.8773652991352052
470 1.6660816093231734
471 1.6660816093231734
472 1.5072493630425432
473 2.25781669404959
474 2.25781669404959
475 3.180051742118351
476 3.180051742118351
477 1.7177828772083616
478 1.7177828772083616
479 3.563429537681274
480 3.563429537681274
481 0.6997931557481043
482 2.724502496611298
483 2.724502496611298
484 2.396245208462861
485 2.396245208462861
486 2.2141989055182085
487 2.2141989055182085
488 2.138512784726735
489 2.138512784726735
490 2.5610400169304026
491 2.5610400169304026
492 1.753763694540714
493 1.753763694540714
494 1.7215287337309988
495 1.7215287337309988
496 2.42125196454265
497 2.42125196454265
498 1.9361602701416425
499 1.9361602701416425
500 2.28616230302741
501 2.28616230302741
502 2.749884818250583
503 2.749884818250583
504 2.9852924710029494
505 2.9852924710029494
506 1.9591852976948239
507 1.9591852976948239
508 2.35042550043601
509 2.35042550043601
510 1.7168666682354146
511 1.7168666682354146
512 2.1910848809734924
513 2.1910848809734924
514 2.6271231329483573
515 2.6271231329483573
516 2.1061505991681058
517 2.1061505991681058
518 2.3941668255479365
519 2.3941668255479365
520 2.6229504917304958
521 2.6229504917304958
522 2.0469382819191466
523 0.17526844607866707
524 0.17526844607866707
525 0.22045628112221885
526 0.22045628112221885
527 0.16367490383238845
528 0.16367490383238845
529 0.21124195296885287
530 0.21124195296885287
531 0.300443374243247
532 0.300443374243247
533 0.1802159019376527
534 0.1802159019376527
535 0.2550607166837222
536 0.2550607166837222
537 0.18240690349073505
538 0.18240690349073505
539 0.19673055269651113
540 0.19673055269651113
541 0.2164900639459585
542 0.2164900639459585
543 0.31209981480327004
544 0.31209981480327004
545 0.22200591297975736
546 0.22200591297975736
547 0.19707023270161741
548 1.6773246052411828
549 1.6773246052411828
550 2.1590887064233537
551 2.1590887064233537
552 2.4470239607535325
553 2.4470239607535325
554 1.895840373542443
555 1.895840373542443
556 1.7403120173946323
557 1.7403120173946323
558 1.5501434271946217
559 1.5501434271946217
560 2.252518968278716
561 2.252518968278716
562 2.3238401257129206
563 2.3238401257129206
564 1.9702919724379842
565 1.9702919724379842
566 1.6347339209471667
567 1.6347339209471667
568 1.8128779020220624
569 1.8128779020220624
570 1.1823526231571488
571 1.1823526231571488
572 2.2163493082671524
573 2.2163493082671524
574 2.002167366733409
575 3.6260241001527866
576 3.6260241001527866
577 2.858444330535871
578 2.858444330535871
579 3.697989778063955
580 3.697989778063955
581 2.6144745311554822
582 2.6144745311554822
583 3.0019065366373874
584 3.0019065366373874
585 3.0469451951357827
586 3.0469451951357827
587 3.856382432695364
588 3.856382432695364
589 3.1376536784096856
590 3.1376536784096856
591 2.995055990551998
592 2.995055990551998
593 0.6387195649775077
594 0.6387195649775077
595 0.21188501517490604
596 0.21188501517490604
597 0.12145964537810264
598 0.12145964537810264
599 0.868679875826645
600 0.868679875826645
601 1.2299248450034581
602 1.2299248450034581
603 1.4319216662347627
604 1.4319216662347627
605 1.1021125593858059
606 1.1021125593858059
607 1.0495150007999838
608 1.0495150007999838
609 0.7624751352111381
610 0.7624751352111381
611 1.0017016493933109
612 1.0017016493933109
613 1.2588899204751276
614 1.2588899204751276
615 1.3126481491865285
616 2.735805743490967
617 2.735805743490967
618 3.8070760161931654
619 3.8070760161931654
620 3.3965287407500493
621 3.3965287407500493
622 2.4119440676613153
623 2.4119440676613153
624 3.320956208465691
625 3.320956208465691
626 4.924675272312454
627 4.924675272312454
628 5.235819278005878
629 5.235819278005878
630 2.8454374435012935
631 2.8454374435012935
632 1.4557205823964974
633 1.4557205823964974
634 1.047980488437847
635 1.047980488437847
636 1.2853634827584353
637 1.2853634827584353
638 0.8234766382549754
639 0.8234766382549754
640 1.2863458862863701
641 1.2863458862863701
642 0.7998197935556395
643 0.7998197935556395
644 3.0986422855479914
645 3.0986422855479914
646 1.530773470399804
647 1.530773470399804
648 2.2192031484607764
649 2.2192031484607764
650 2.4032668490699756
651 2.4032668490699756
652 2.89052926587395
653 2.89052926587395
654 2.994740076429363
655 2.994740076429363
656 2.9412138923337583
657 3.1963351478350432
658 3.1963351478350432
659 1.033884233798114
660 1.033884233798114
661 1.294270347276947
662 1.294270347276947
663 1.3432558173875686
664 1.3432558173875686
665 0.6443722596326418
666 0.6443722596326418
667 1.1861860561125668
668 1.1861860561125668
669 0.9985732214027289
670 0.9985732214027289
671 1.0142650753225042
672 1.0142650753225042
673 0.41525572632188323
674 0.41525572632188323
675 0.8031367247524083
676 3.4751284579111896
677 3.4751284579111896
678 2.899738920381585
679 2.899738920381585
680 2.9730496222929177
681 2.9730496222929177
682 1.6232484108887124
683 1.6232484108887124
684 2.5644063985982353
685 2.5644063985982353
686 2.3379944250397378
687 2.3379944250397378
688 3.0754249122022106
689 3.0754249122022106
690 2.6178892292012894
691 2.6178892292012894
692 2.4352355497078726
693 2.4352355497078726
694 2.8379759205964104
695 2.8379759205964104
696 2.261596766903389
697 2.261596766903389
698 2.594525162270666
699 2.594525162270666
700 2.745301034607283
701 2.745301034607283
702 2.8514781496038224
703 2.8514781496038224
704 3.7311837795515985
705 3.7311837795515985
706 3.469810515342575
707 3.469810515342575
708 3.7739105802512727
709 3.7739105802512727
710 2.569854945933969
711 2.569854945933969
712 2.635852464681325
713 2.635852464681325
714 3.7498946092455583
715 3.7498946092455583
716 2.9746572171666217
717 2.9746572171666217
718 3.274864535735551
719 3.274864535735551
720 3.3220898838785997
721 3.3220898838785997
722 3.2738651831403773
723 3.2738651831403773
724 3.0208757004055484
725 3.0208757004055484
726 2.500014555688799
727 2.500014555688799
728 2.3734218540951604
729 2.3734218540951604
730 3.4142491320743606
731 3.4142491320743606
732 3.343992830542608
733 3.343992830542608
734 2.808887457770341
735 2.808887457770341
736 2.4585099786455427
737 2.4585099786455427
738 2.725340775522163
739 2.725340775522163
740 2.1940770856618297
741 2.1940770856618297
742 3.223139926363914
743 3.223139926363914
744 2.5368343474700246
745 2.5368343474700246
746 3.477227870588171
747 3.477227870588171
748 2.742088984507471
749 2.742088984507471
750 2.449615270528681
751 2.449615270528681
752 3.5247652970309127
753 3.5247652970309127
754 0.593135681819261
755 1.3880043472431085
756 1.3880043472431085
757 1.1489375484070108
758 1.1489375484070108
759 1.5178456440305637
760 1.5178456440305637
761 1.9782823449170905
762 1.9782823449170905
763 1.444555043646679
764 1.444555043646679
765 1.1271925223828227
766 1.1271925223828227
767 1.8196040245121528
768 0.14628875410703548
769 0.14628875410703548
770 0.17109718097102855
771 0.17109718097102855
772 0.2317403819243025
773 0.2317403819243025
774 0.15255588433678297
775 0.15255588433678297
776 0.18453304186018524
777 0.18453304186018524
778 0.22293295517891562
779 0.22293295517891562
780 0.14434123300388108
781 0.14434123300388108
782 0.2046051402624413
783 0.2046051402624413
784 0.14066650641235467
785 0.14066650641235467
786 0.15117080601267507
787 0.15117080601267507
788 0.18626005960966385
789 0.18626005960966385
790 0.16296396573425775
791 0.16296396573425775
792 0.26017800599417207
793 0.26017800599417207
794 0.20850980185836743
795 0.20850980185836743
796 0.2194976987160418
797 0.2194976987160418
798 0.25638926379043997
799 1.8604727095040605
800 1.8604727095040605
801 1.001654261962503
802 1.001654261962503
803 1.9117681081567328
804 1.9117681081567328
805 1.7403661375991633
806 1.7403661375991633
807 1.3109104156385103
808 1.3109104156385103
809 2.0056167433884524
810 2.0056167433884524
811 1.6717112747415617
812 1.6717112747415617
813 1.4738123275881874
814 1.4738123275881874
815 1.3523604593996317
816 1.3523604593996317
817 1.7164391706030417
818 1.7164391706030417
819 1.9500203217511345
820 1.9500203217511345
821 1.5413132974613497
822 1.5413132974613497
823 1.6408697906416378
824 1.6408697906416378
825 1.9326028405399662
826 1.9326028405399662
827 2.1523693278386573
828 2.1523693278386573
829 1.9268296908709053
830 1.9268296908709053
831 1.545152511968224
832 1.545152511968224
833 1.5122345125797725
834 1.5122345125797725
835 1.8457268527195985
836 1.8457268527195985
837 3.6003337913168423
838 3.6003337913168423
839 2.7720784109774854
840 2.7720784109774854
841 2.2836267045042407
842 2.2836267045042407
843 2.800989802557843
844 2.800989802557843
845 3.1540796371524014
846 3.1540796371524014
847 3.2819190279484705
848 3.2819190279484705
849 3.674048738857668
850 3.674048738857668
851 2.749271967759253
852 2.749271967759253
853 3.014515038707577
854 3.014515038707577
855 3.0174546254419377
856 1.7769438053351554
857 1.7769438053351554
858 3.025089298912797
859 0.6926968689626498
860 0.6926968689626498
861 0.6876757863929749
862 0.6876757863929749
863 0.7049553450633415
864 0.7049553450633415
865 0.9117015535231174
866 0.9117015535231174
867 0.6626599804739076
868 0.6626599804739076
869 0.789352127891215
870 0.789352127891215
871 0.690566568774955
872 0.690566568774955
873 0.7184484952102967
874 0.7184484952102967
875 0.7785955171356681
876 0.7785955171356681
877 0.6980685842104856
878 0.6980685842104856
879 0.802393405056268
880 0.802393405056268
881 0.9738474259206555
882 0.9738474259206555
883 0.7179618414691551
884 0.7179618414691551
885 4.106119938619735
886 4.106119938619735
887 1.930620093147556
888 1.930620093147556
889 1.8641397807057438
890 1.8641397807057438
891 1.2781786898092187
892 1.2781786898092187
893 2.199908572631729
894 2.199908572631729
895 1.3977688338982508
896 1.3977688338982508
897 1.2994875725824286
898 1.2994875725824286
899 1.424911956598341
900 1.424911956598341
901 1.079953948799579
902 1.079953948799579
903 1.5612342743720975
904 1.5612342743720975
905 1.3937712036311078
906 1.9094420695082668
907 1.9094420695082668
908 1.9494243396920266
909 1.9494243396920266
910 3.7026335431578534
911 3.7026335431578534
912 2.4607316329916564
913 2.4607316329916564
914 3.100200265804074
915 3.100200265804074
916 2.9908631107793906
917 2.9908631107793906
918 1.6391744636383168
919 1.6391744636383168
920 2.4657057770757267
921 2.4657057770757267
922 2.942590763150177
923 2.942590763150177
924 1.9162143726371381
925 1.9162143726371381
926 1.723155838018835
927 1.723155838018835
928 2.416864788749198
929 2.416864788749198
930 2.5205226940271546
931 2.5205226940271546
932 2.2021863042563408
933 2.2021863042563408
934 1.720679791636027
935 1.720679791636027
936 1.4149263781610477
937 1.4149263781610477
938 2.5420057944545515
939 2.5420057944545515
940 2.166419782974032
941 2.166419782974032
942 1.5651400166179812
943 1.5651400166179812
944 2.6094104260109
945 2.6094104260109
946 2.5647993029318275
947 2.5647993029318275
948 1.8490719189297038
949 1.8490719189297038
950 2.697538643198473
951 2.697538643198473
952 2.0531656426691267
953 2.0531656426691267
954 2.3555257545011754
955 2.3555257545011754
956 2.489822219237032
957 2.489822219237032
958 1.9891286097225633
959 1.9891286097225633
960 1.320445363187837
961 1.320445363187837
962 2.1956518541800607
963 0.24993360893688785
964 0.24993360893688785
965 0.19631112406641954
966 0.19631112406641954
967 0.20208097789273285
968 0.20208097789273285
969 0.18347317998820054
970 0.18347317998820054
971 0.167057419564968
972 0.167057419564968
973 0.20802385719204197
974 0.20802385719204197
975 0.18955308819562283
976 0.18955308819562283
977 0.21688541908553094
978 0.21688541908553094
979 0.14051801870266506
980 0.14051801870266506
981 0.25870399884424583
982 0.25870399884424583
983 0.20589159247295757
984 0.20589159247295757
985 0.17392242798691535
986 0.17392242798691535
987 0.21651875411406724
988 0.21651875411406724
989 2.4068249074902046
990 2.4068249074902046
991 2.041333223237783
992 2.041333223237783
993 2.6696019695780007
994 2.6696019695780007
995 3.5876082696251226
996 3.5876082696251226
997 3.0027774549854565
998 3.0027774549854565
999 2.202695475849695
1000 2.202695475849695
1001 2.2079182629075462
1002 2.2079182629075462
1003 3.264634445611595
1004 3.264634445611595
1005 1.222413244577335
1006 1.222413244577335
1007 2.185508865228393
1008 2.185508865228393
1009 2.7265792739227135
1010 2.7265792739227135
1011 2.4152843730121227
1012 2.4152843730121227
1013 1.8120840401441167
1014 1.8120840401441167
1015 2.4509704970303794
1016 2.4509704970303794
1017 2.2756143999824006
1018 2.2756143999824006
1019 2.4599992479604547
1020 2.4599992479604547
1021 2.478174284299474
1022 2.478174284299474
1023 2.3285770428720074
1024 2.3285770428720074
1025 1.9966893787952114
1026 1.9966893787952114
1027 2.501394253945146
1028 2.501394253945146
1029 1.901670735734248
1030 1.901670735734248
1031 2.26943742499423
1032 2.26943742499423
1033 1.9761976502102594
1034 1.9761976502102594
1035 1.5227392927713845
1036 1.5227392927713845
1037 2.9400579148318804
1038 2.9400579148318804
1039 1.8763939623377381
1040 1.8763939623377381
1041 2.046360047263689
1042 2.046360047263689
1043 1.6669363971547964
1044 1.6669363971547964
1045 1.086339380305711
1046 0.2623690570099968
1047 0.2623690570099968
1048 0.1714230206201837
1049 0.1714230206201837
1050 0.24144760510442503
1051 0.24144760510442503
1052 0.24757115004893498
1053 0.24757115004893498
1054 0.25912006906781926
1055 0.25912006906781926
1056 0.21891931134148732
1057 0.21891931134148732
1058 0.19650584968974763
1059 0.19650584968974763
1060 0.2205638511294843
1061 0.2205638511294843
1062 0.2085765636399977
1063 0.2085765636399977
1064 0.17388870750761412
1065 0.17388870750761412
1066 0.7573384110306589
1067 0.7573384110306589
1068 1.3607409473847178
1069 1.3607409473847178
1070 1.4921869582918492
1071 1.4921869582918492
1072 1.3531316118293755
1073 1.3531316118293755
1074 1.2921124549748921
1075 1.2921124549748921
1076 0.9659012157045741
1077 0.9659012157045741
1078 0.864888089115338
1079 0.864888089115338
1080 1.1098703290040812
1081 1.1098703290040812
1082 1.2056502514723464
1083 1.2056502514723464
1084 1.2941336462278699
1085 1.2941336462278699
1086 0.9199217624045131
1087 0.9199217624045131
1088 0.9701086795497356
1089 0.9701086795497356
1090 2.686962619510025
1091 2.686962619510025
1092 2.8455669779017456
1093 2.8455669779017456
1094 2.331493550341758
1095 2.331493550341758
1096 2.957159500442966
1097 2.957159500442966
1098 2.016395774656654
1099 2.016395774656654
1100 0.654216364521651
1101 0.654216364521651
1102 0.5939701208520273
1103 0.5939701208520273
1104 0.5561049401655879
1105 0.5561049401655879
1106 0.5429577579895575
1107 0.5429577579895575
1108 0.4871089622413539
1109 0.4871089622413539
1110 0.574711741080988
1111 0.574711741080988
1112 0.7392018590597969
1113 0.7392018590597969
1114 0.43905085058597104
1115 0.43905085058597104
1116 0.5399395330773458
1117 0.5399395330773458
1118 0.6923970284742368
1119 0.6923970284742368
1120 0.42751851047505396
1121 0.42751851047505396
1122 0.5836544492511327
1123 0.5836544492511327
1124 0.8027438240250391
1125 0.8027438240250391
1126 0.7095378578791968
1127 3.0357174977690393
1128 3.0357174977690393
1129 4.855006814562671
1130 4.855006814562671
1131 3.289442288555785
1132 3.289442288555785
1133 4.769551585202093
1134 4.769551585202093
1135 2.9064204894098307
1136 2.9064204894098307
1137 3.7780753843443233
1138 3.7780753843443233
1139 3.8363326190157077
1140 3.8363326190157077
1141 4.185407112943572
1142 4.185407112943572
1143 3.4461214715846835
1144 3.4461214715846835
1145 4.304828164685854
1146 4.304828164685854
1147 4.229972755930101
1148 4.229972755930101
1149 2.5928067162392128
1150 2.5928067162392128
1151 4.0350438863025415
1152 4.0350438863025415
1153 4.120311568035683
1154 4.120311568035683
1155 4.363194119128355
1156 4.363194119128355
1157 2.8168368740027585
1158 2.8168368740027585
1159 4.309608203526619
1160 4.309608203526619
1161 4.194851693469118
1162 0.4699336443649105
1163 0.4699336443649105
1164 0.676276417676239
1165 0.676276417676239
1166 0.4753237911634175
1167 0.4753237911634175
1168 0.7594288284107914
1169 0.7594288284107914
1170 0.5245054108766332
1171 0.5245054108766332
1172 0.533249702032789
1173 3.9406654510604318
1174 3.9406654510604318
1175 4.845772913654593
1176 4.845772913654593
1177 3.050105033460747
1178 3.050105033460747
1179 4.4489995725820695
1180 4.4489995725820695
1181 3.2629777176589845
1182 3.2629777176589845
1183 3.5108701097861474
1184 3.5108701097861474
1185 3.633440231112394
1186 3.633440231112394
1187 3.743508489375863
1188 3.743508489375863
1189 3.85634885071788
1190 3.85634885071788
1191 2.8327860709465504
1192 2.8327860709465504
1193 3.5691634439020454
1194 3.5691634439020454
1195 2.8540373917558135
1196 2.8540373917558135
1197 3.0795031247508056
1198 3.0795031247508056
1199 3.4202181576009916
1200 3.4202181576009916
1201 3.710160187011484
1202 3.710160187011484
1203 3.503857404259292
1204 3.503857404259292
1205 2.859916033030632
1206 2.859916033030632
1207 2.6468738044375044
1208 2.6468738044375044
1209 2.5266574459227455
1210 2.5266574459227455
1211 3.6160151937907252
1212 3.6160151937907252
1213 3.806981113480285
1214 3.806981113480285
1215 3.0015814341030382
1216 3.0015814341030382
1217 4.3245328319043
1218 4.3245328319043
1219 3.7928789699851277
1220 3.7928789699851277
1221 3.776758180355269
1222 3.776758180355269
1223 4.271283163038144
1224 4.271283163038144
1225 3.2365623239053445
1226 3.2365623239053445
1227 0.9279926043074676
1228 0.9279926043074676
1229 1.0974918665326925
1230 1.0974918665326925
1231 1.1994950261776283
1232 1.1994950261776283
1233 0.9046748774111194
1234 0.9046748774111194
1235 0.984059646327701
1236 0.984059646327701
1237 0.9167631338797951
1238 0.9167631338797951
1239 1.3908481579703507
1240 1.3908481579703507
1241 1.410186386634578
1242 1.410186386634578
1243 1.2749195045458652
1244 1.2749195045458652
1245 1.0149315515148234
1246 1.0149315515148234
1247 1.2809060334165523
1248 1.2809060334165523
1249 0.985722507171261
1250 0.985722507171261
1251 0.19389601096449605
1252 0.19389601096449605
1253 0.17893679097409715
1254 0.17893679097409715
1255 0.17313692794489005
1256 0.17313692794489005
1257 0.2054066086540005
1258 0.2054066086540005
1259 0.19733856934361893
1260 0.19733856934361893
1261 0.18058630264188713
1262 0.18058630264188713
1263 0.20365662240535087
1264 0.20365662240535087
1265 0.21919131175229106
1266 0.21919131175229106
1267 0.2479670174148652
1268 0.2479670174148652
1269 0.2091157558229271
1270 0.2091157558229271
1271 0.2139065659218555
1272 0.2139065659218555
1273 0.1716791884284367
1274 0.1716791884284367
1275 0.20442408360545591
1276 0.20442408360545591
1277 0.18447721838488204
1278 0.18447721838488204
1279 0.212599916870138
1280 0.212599916870138
1281 0.18814263492853364
1282 0.18814263492853364
1283 0.17746255599655494
1284 0.17746255599655494
1285 2.0558885789786774
1286 2.0558885789786774
1287 2.633523528467502
1288 2.633523528467502
1289 1.7039569828061598
1290 1.7039569828061598
1291 2.2623774132755154
1292 2.2623774132755154
1293 1.4101825048078798
1294 2.3269015994521713
1295 2.3269015994521713
1296 2.792805283137333
1297 2.792805283137333
1298 2.037478689752714
1299 2.037478689752714
1300 2.381452105543714
1301 2.381452105543714
1302 2.5457173725890683
1303 3.9902924919553535
1304 3.9902924919553535
1305 4.774424369650767
1306 3.45122732047571
1307 2.796363555138723
1308 2.796363555138723
1309 3.8867967497002187
1310 3.8867967497002187
1311 2.955924814011614
1312 2.955924814011614
1313 3.3954462202834628
1314 3.3954462202834628
1315 4.011918500428844
1316 4.011918500428844
1317 3.9214464353947664
1318 3.9214464353947664
1319 4.4018967876300525
1320 4.4018967876300525
1321 4.120020012492781
1322 4.120020012492781
1323 5.349857083624324
1324 5.349857083624324
1325 4.500727958309359
1326 4.500727958309359
1327 4.542050236456671
1328 4.542050236456671
1329 4.606766035404516
1330 4.606766035404516
1331 4.841209981705421
1332 4.841209981705421
1333 3.8811704437214747
1334 2.7843518509683736
1335 2.7843518509683736
1336 3.128925839399402
1337 3.128925839399402
1338 4.383940125944894
1339 4.383940125944894
1340 3.0078925918707133
1341 3.0078925918707133
1342 4.262424632111744
1343 4.262424632111744
1344 3.500182091351306
1345 3.500182091351306
1346 3.6342486195167742
1347 3.6342486195167742
1348 2.2626873546219994
1349 2.2626873546219994
1350 3.844596874088673
1351 3.844596874088673
1352 3.0359088234316958
1353 3.0359088234316958
1354 3.2290428245074128
1355 3.2290428245074128
1356 1.8482433678534291
1357 1.8482433678534291
1358 3.7373775430340723
1359 3.7373775430340723
1360 3.3492520696875903
1361 3.3492520696875903
1362 3.971166049216168
1363 3.4861273728819064
1364 3.4861273728819064
1365 3.3440338637772697
1366 0.6839367776237766
1367 0.6839367776237766
1368 1.3317287659506036
1369 1.3317287659506036
1370 0.8551572842900554
1371 0.8551572842900554
1372 1.4880409836576989
1373 1.4880409836576989
1374 1.405326477057319
1375 1.405326477057319
1376 1.2183807470241923
1377 1.2183807470241923
1378 1.3418310116230758
1379 1.3418310116230758
1380 1.1797486249156115
1381 1.1797486249156115
1382 1.1063601190262875
1383 1.1063601190262875
1384 0.8949833636312289
1385 0.8949833636312289
1386 0.9199417684721399
1387 3.735017421243767
1388 3.735017421243767
1389 2.9906256693865276
1390 2.9906256693865276
1391 3.474962720327321
1392 3.474962720327321
1393 2.255301911195729
1394 2.255301911195729
1395 3.7352296944667454
1396 3.7352296944667454
1397 2.511532255315552
1398 2.511532255315552
1399 3.06921653026333
1400 3.06921653026333
1401 0.5980992324622666
1402 4.164354181537169
1403 4.164354181537169
1404 4.153394491940939
1405 4.153394491940939
1406 3.2718034681022905
1407 3.2718034681022905
1408 3.9705043098193205
1409 3.9705043098193205
1410 4.384618181208619
1411 4.384618181208619
1412 4.592433825043999
1413 4.592433825043999
1414 2.970451754095101
1415 2.970451754095101
1416 4.7125262142945505
1417 4.7125262142945505
1418 3.312771588082456
1419 3.312771588082456
1420 3.137954505497731
1421 3.137954505497731
1422 3.771185407358991
1423 3.771185407358991
1424 4.211750784531233
1425 4.211750784531233
1426 4.000418305287188
1427 4.000418305287188
1428 3.874972857118694
1429 3.874972857118694
1430 4.537646346852504
1431 2.8279179628344173
1432 2.8279179628344173
1433 2.3699124615816203
1434 2.3699124615816203
1435 2.8380321240179276
1436 2.8380321240179276
1437 3.538466088989386
1438 3.538466088989386
1439 2.663581477484752
1440 5.015076361525562
1441 5.015076361525562
1442 3.361090184498247
1443 3.361090184498247
1444 5.228274142799313
1445 5.228274142799313
1446 4.568374957848999
1447 4.568374957848999
1448 3.933752385207085
1449 3.933752385207085
1450 4.4570153301431255
1451 4.4570153301431255
1452 4.363975265254896
1453 4.363975265254896
1454 4.489146951930611
1455 4.489146951930611
1456 3.552197256483233
1457 3.552197256483233
1458 4.295469820407093
1459 4.295469820407093
1460 5.461744796709366
1461 5.461744796709366
1462 3.043206842157454
1463 3.043206842157454
1464 3.6242841786521662
1465 2.143673905170295
1466 2.143673905170295
1467 2.4292027482986422
1468 2.4292027482986422
1469 2.586449289321791
1470 3.2914674805472464
1471 3.2914674805472464
1472 3.745877124470484
1473 3.745877124470484
1474 2.4808748901086353
1475 2.4808748901086353
1476 2.5586412251481807
1477 2.5586412251481807
1478 3.0800325992502975
1479 3.0800325992502975
1480 3.546769610969437
1481 3.546769610969437
1482 3.5466425869397784
1483 3.5466425869397784
1484 3.834978125955754
1485 3.834978125955754
1486 4.33516213867572
1487 4.33516213867572
1488 3.540353028144452
1489 3.540353028144452
1490 2.5440114045160285
1491 2.5440114045160285
1492 3.910430064840325
1493 3.910430064840325
1494 3.009836597233229
1495 3.009836597233229
1496 3.82657624117108
1497 3.82657624117108
1498 3.556610982073296
1499 3.556610982073296
1500 3.8881817597724555
1501 3.8881817597724555
1502 3.1207070503200827
1503 3.1207070503200827
1504 3.829313750851445
1505 3.829313750851445
1506 4.658717948454984
1507 4.658717948454984
1508 3.1612511642465173
1509 3.1612511642465173
1510 4.3387986330837816
1511 4.3387986330837816
1512 3.334985575430605
1513 3.334985575430605
1514 1.9193149387539346
1515 1.9193149387539346
1516 1.0454374837414497
1517 1.0454374837414497
1518 1.156491738922924
1519 1.156491738922924
1520 1.5161943688967243
1521 1.5161943688967243
1522 0.9610516643000404
1523 0.9610516643000404
1524 1.043652966061756
1525 1.043652966061756
1526 1.1132093844510966
1527 1.1132093844510966
1528 1.8840420072677315
1529 1.8840420072677315
1530 1.647812214252526
1531 1.647812214252526
1532 1.6648390237278141
1533 1.6648390237278141
1534 1.7659058958949294
1535 1.7659058958949294
1536 1.4352966063460821
1537 1.4352966063460821
1538 1.2956936435660715
1539 1.2956936435660715
1540 1.3076301406908097
1541 3.4609008603148887
1542 3.4609008603148887
1543 4.1404706023683815
1544 4.1404706023683815
1545 3.635738550406055
1546 3.635738550406055
1547 5.399876097240417
1548 5.399876097240417
1549 3.751494553611502
1550 3.751494553611502
1551 3.2492208297088387
1552 3.2492208297088387
1553 4.005421572478394
1554 4.005421572478394
1555 4.022528627219324
1556 4.022528627219324
1557 2.3311394455010173
1558 2.3311394455010173
1559 2.5794102453177796
1560 2.5794102453177796
1561 3.3666673235784583
1562 3.3666673235784583
1563 4.4175204450970735
1564 4.4175204450970735
1565 3.71253591437443
1566 3.71253591437443
1567 4.060916136444829
1568 4.060916136444829
1569 4.49398019151941
1570 4.49398019151941
1571 4.2306199424276905
1572 4.2306199424276905
1573 4.254086711205426
1574 4.254086711205426
1575 4.388439776566022
1576 4.388439776566022
1577 4.483624015703464
1578 4.483624015703464
1579 5.201263556055196
1580 5.201263556055196
1581 2.8118589898662516
1582 2.8118589898662516
1583 3.8221098885079092
1584 3.8221098885079092
1585 5.395176089967384
1586 5.395176089967384
1587 2.9348217974259994
1588 2.9348217974259994
1589 5.404235779246786
1590 5.404235779246786
1591 3.101167887560663
1592 3.101167887560663
1593 3.8924098486728216
1594 3.8924098486728216
1595 2.7016616606883073
1596 3.9531945339701826
1597 3.9531945339701826
1598 4.18097005774397
1599 4.18097005774397
1600 3.779117505147873
1601 3.779117505147873
1602 3.791868053249374
1603 3.791868053249374
1604 3.7214658571356525
1605 3.7214658571356525
1606 3.431959250257514
1607 3.431959250257514
1608 3.8321113708230374
1609 3.906782648485377
1610 3.906782648485377
1611 4.479142118854214
1612 4.479142118854214
1613 3.5868426687622748
1614 3.5868426687622748
1615 4.22241574484737
1616 4.22241574484737
1617 5.668648593047642
1618 5.668648593047642
1619 2.5597620367383183
1620 2.5597620367383183
1621 2.9757529222788452
1622 2.9757529222788452
1623 3.7771826978538945
1624 3.7771826978538945
1625 3.2525009068289865
1626 3.2525009068289865
1627 2.529995104601905
1628 2.529995104601905
1629 3.267378890324962
1630 3.267378890324962
1631 3.1501723213215422
1632 3.1501723213215422
1633 1.7174178495096455
1634 1.7174178495096455
1635 2.832156810825617
1636 2.832156810825617
1637 3.319633952506466
1638 3.319633952506466
1639 1.7304642724969237
1640 1.7304642724969237
1641 2.7124889635225697
1642 2.7124889635225697
1643 2.8699172312779506
1644 2.8699172312779506
1645 2.3731441916466256
1646 2.3731441916466256
1647 1.3116415079848522
1648 1.3116415079848522
1649 2.621559318179047
1650 2.621559318179047
1651 2.4668768556004643
1652 2.4668768556004643
1653 2.6163260086089215
1654 2.6163260086089215
1655 1.5025802860205688
1656 1.5025802860205688
1657 1.4569613386683258
1658 1.4569613386683258
1659 1.239972425067066
1660 1.239972425067066
1661 2.0349389645562797
1662 2.0349389645562797
1663 1.5673246542177222
1664 1.5673246542177222
1665 1.7214227257190382
1666 1.7214227257190382
1667 1.55653027475726
1668 1.55653027475726
1669 1.7567852696776276
1670 1.7567852696776276
1671 1.5675768706715432
1672 1.5675768706715432
1673 1.7573695839431684
1674 1.7573695839431684
1675 1.3055850236833162
1676 1.3055850236833162
1677 1.9990453500286993
1678 1.9990453500286993
1679 1.1864787957012566
1680 1.1864787957012566
1681 1.3540140239578553
1682 1.3540140239578553
1683 1.3884195327607234
1684 1.3884195327607234
1685 1.1889096442150948
1686 1.1889096442150948
1687 1.4141060709499194
1688 1.4141060709499194
1689 1.4254339304472539
1690 1.4254339304472539
1691 1.7119037641539865
1692 1.7119037641539865
1693 1.7792045878399718
1694 1.7792045878399718
1695 1.7592106203054687
1696 1.7592106203054687
1697 2.0110454194747986
1698 2.0110454194747986
1699 1.415148545764678
1700 1.415148545764678
1701 1.7955378189530982
1702 1.7955378189530982
1703 1.9390234324205229
1704 1.9390234324205229
1705 1.6503702654873473
1706 1.6503702654873473
1707 1.50487204243839
1708 1.50487204243839
1709 1.6616322739519565
1710 2.1376834909999385
1711 2.1376834909999385
1712 1.9371427857525483
1713 1.9371427857525483
1714 2.25289036841823
1715 2.25289036841823
1716 1.8747650771488393
1717 1.8747650771488393
1718 2.6811217603859085
1719 2.6811217603859085
1720 2.29079179175711
1721 2.29079179175711
1722 2.308974187896878
1723 2.308974187896878
1724 2.9097479246572755
1725 2.9097479246572755
1726 2.76749319326366
1727 2.76749319326366
1728 0.6839465588012777
1729 0.6839465588012777
1730 0.6653216817676822
1731 0.6653216817676822
1732 0.4675937316054925
1733 0.4675937316054925
1734 0.7850050851559613
1735 0.7850050851559613
1736 0.5712462750061397
1737 0.5712462750061397
1738 0.7463825965345114
1739 0.7463825965345114
1740 0.6191236536879483
1741 0.6191236536879483
1742 2.8848413971697537
1743 2.331620557205089
1744 2.331620557205089
1745 1.5863971640144954
1746 1.5863971640144954
1747 1.908035498005574
1748 1.908035498005574
1749 2.6879642668662806
1750 2.6879642668662806
1751 2.0775611501527433
1752 2.0775611501527433
1753 1.8992547668745137
1754 1.8992547668745137
1755 1.6603395546885917
1756 1.6603395546885917
1757 2.2102754044716
1758 2.2102754044716
1759 2.812222664680858
1760 2.812222664680858
1761 2.461582224900973
1762 2.461582224900973
1763 2.495685649684943
1764 1.1872618990379806
1765 1.1872618990379806
1766 1.4401484054600395
1767 1.4401484054600395
1768 1.4957751048834786
1769 1.4957751048834786
1770 1.3215462111900416
1771 1.3215462111900416
1772 1.1456914373488452
1773 1.1456914373488452
1774 0.8411465357334713
1775 0.8411465357334713
1776 1.2305659603002792
1777 1.2305659603002792
1778 0.9376204964883312
1779 0.9376204964883312
1780 1.090938522923958
1781 1.090938522923958
1782 0.2542990297855028
1783 0.2542990297855028
1784 0.21713213419913238
1785 0.21713213419913238
1786 0.26131342003104785
1787 0.26131342003104785
1788 0.19322524927339088
1789 0.19322524927339088
1790 0.1554868232200325
1791 0.1554868232200325
1792 0.16873635496151784
1793 0.16873635496151784
1794 0.1931965264605903
1795 0.1931965264605903
1796 0.21709660875066988
1797 0.21709660875066988
1798 0.17726637159146708
1799 1.1061772819908204
1800 1.1061772819908204
1801 1.1960396250099163
1802 1.1960396250099163
1803 1.4901010428190764
1804 1.4901010428190764
1805 1.1305651543508217
1806 1.1305651543508217
1807 2.9011644159372567
1808 2.9011644159372567
1809 2.035012765037268
1810 2.035012765037268
1811 2.7149560407609283
1812 2.7149560407609283
1813 2.5996469190369083
1814 2.5996469190369083
1815 3.1819598300353986
1816 3.1819598300353986
1817 3.0761589248853647
1818 3.0761589248853647
1819 4.2194441728767575
1820 4.2194441728767575
1821 3.6972974163006347
1822 3.6972974163006347
1823 2.430961405070059
1824 2.430961405070059
1825 2.8199844794237077
1826 2.8199844794237077
1827 2.9569430389429203
1828 2.9569430389429203
1829 2.230201534740551
1830 2.230201534740551
1831 2.3938103767629655
1832 1.5809520211146035
1833 1.5809520211146035
1834 1.7655271203499443
1835 1.7655271203499443
1836 2.1052030116146887
1837 2.1052030116146887
1838 2.0706430860045146
1839 2.0706430860045146
1840 2.2268069170224685
1841 2.2268069170224685
1842 2.1414446733491936
1843 2.1414446733491936
1844 1.7579532389030772
1845 1.7579532389030772
1846 2.896787793556193
1847 2.896787793556193
1848 1.1450861973904836
1849 1.1450861973904836
1850 1.591395805641369
1851 1.591395805641369
1852 2.2539419596060384
1853 2.2539419596060384
1854 2.1651024695641707
1855 2.1651024695641707
1856 2.054393925358656
1857 2.054393925358656
1858 1.9768189836767283
1859 1.9768189836767283
1860 2.109995416471742
1861 2.109995416471742
1862 2.224758875760421
1863 2.224758875760421
1864 2.3152312917080886
1865 2.3152312917080886
1866 2.2364770500342264
1867 2.2364770500342264
1868 1.910841065938068
1869 1.910841065938068
1870 2.244966216956444
1871 2.244966216956444
1872 1.8388180141178174
1873 1.8388180141178174
1874 1.9187264150194543
1875 1.9187264150194543
1876 1.7842338756393272
1877 1.7842338756393272
1878 2.4803921156414916
1879 2.4764997072637023
1880 2.4764997072637023
1881 3.1144061925315336
1882 3.1144061925315336
1883 2.5692003805110177
1884 2.5692003805110177
1885 0.905723447649647
1886 0.905723447649647
1887 1.3460549924189427
1888 1.3460549924189427
1889 0.9414275049091865
1890 0.9414275049091865
1891 0.9298210154714326
1892 3.24554928038877
1893 3.24554928038877
1894 1.7358561575434162
1895 1.7358561575434162
1896 1.952138913188321
1897 1.952138913188321
1898 2.4855283699691775
1899 2.4855283699691775
1900 3.1205035617389414
1901 3.1205035617389414
1902 2.438248728881817
1903 1.2240184762759136
1904 4.064841335073367
1905 4.064841335073367
1906 2.860505159985655
1907 2.860505159985655
1908 3.957225319017324
1909 3.957225319017324
1910 3.6795117024870154
1911 3.6795117024870154
1912 4.073387461155148
1913 4.073387461155148
1914 2.910695187997333
1915 2.910695187997333
1916 3.8993495968626997
1917 3.8993495968626997
1918 4.794649321829835
1919 4.794649321829835
1920 3.021927851613706
1921 3.021927851613706
1922 3.3247402732114413
1923 3.3247402732114413
1924 3.1994494108434934
1925 3.1994494108434934
1926 4.2912601385377185
1927 4.2912601385377185
1928 2.991008526915662
1929 2.991008526915662
1930 2.8992224136317586
1931 2.8992224136317586
1932 2.6875651354057783
1933 2.6875651354057783
1934 2.568196282259562
1935 2.568196282259562
1936 3.905177683246476
1937 3.905177683246476
1938 3.089784038504831
1939 3.089784038504831
1940 2.9844089264697717
1941 2.9844089264697717
1942 3.3905084365444362
1943 3.3905084365444362
1944 3.9246453024879373
1945 3.9246453024879373
1946 3.343318946103365
1947 3.343318946103365
1948 3.0062997724570693
1949 3.0062997724570693
1950 3.144714426573725
1951 1.3307866386901537
1952 1.3307866386901537
1953 1.3622211458175935
1954 1.3622211458175935
1955 0.9487808430521749
1956 0.9487808430521749
1957 1.1158285801992558
1958 1.1158285801992558
1959 1.1565832146966575
1960 1.1565832146966575
1961 0.969394726615178
1962 0.969394726615178
1963 1.3862574590765258
1964 1.3862574590765258
1965 1.0381155717282335
1966 1.0381155717282335
1967 1.0692203896974073
1968 1.0692203896974073
1969 1.5360409338206695
1970 1.5360409338206695
1971 0.7316533774925196
1972 0.7316533774925196
1973 0.9814926354348712
1974 0.9814926354348712
1975 1.0632202477303485
1976 2.8700135306050267
1977 2.8700135306050267
1978 6.017638796918306
1979 6.017638796918306
1980 3.9237247458451465
1981 3.9237247458451465
1982 5.050491858699063
1983 5.050491858699063
1984 3.6905322934677267
1985 3.6905322934677267
1986 2.926339937004291
1987 2.926339937004291
1988 3.0453643741690923
1989 3.0453643741690923
1990 3.711803335305424
1991 3.711803335305424
1992 3.340667924225022
1993 3.340667924225022
1994 2.4210832648785092
1995 1.8614982938603752
1996 1.8614982938603752
1997 1.7838837533520966
1998 3.309913625235421
1999 3.309913625235421
