0 0.6207670052300402
1 4.55754847429054
2 4.55754847429054
3 4.55754847429054
4 4.55754847429054
5 4.55754847429054
6 3.8328458196136643
7 3.8328458196136643
8 3.8328458196136643
9 3.8328458196136643
10 3.8328458196136643
11 1.6838561104335517
12 1.6838561104335517
13 1.6838561104335517
14 1.6838561104335517
15 1.6838561104335517
16 2.701278718704248
17 2.701278718704248
18 2.701278718704248
19 2.701278718704248
20 2.701278718704248
21 2.640528509772955
22 2.640528509772955
23 2.640528509772955
24 0.6759243460803348
25 0.6759243460803348
26 0.6759243460803348
27 0.6759243460803348
28 0.6759243460803348
29 1.9744820941733963
30 1.9744820941733963
31 1.9744820941733963
32 1.9744820941733963
33 1.9744820941733963
34 2.708284629713486
35 2.708284629713486
36 2.708284629713486
37 2.708284629713486
38 2.708284629713486
39 2.3157904211266516
40 2.3157904211266516
41 2.3157904211266516
42 2.3157904211266516
43 2.3157904211266516
44 1.4817101916859148
45 1.4817101916859148
46 1.4817101916859148
47 1.4817101916859148
48 1.4817101916859148
49 1.386618563701922
50 1.386618563701922
51 1.386618563701922
52 1.386618563701922
53 1.386618563701922
54 2.363628403672399
55 2.363628403672399
56 2.363628403672399
57 2.363628403672399
58 2.363628403672399
59 1.4503766881500049
60 1.4503766881500049
61 1.4503766881500049
62 1.4503766881500049
63 1.4503766881500049
64 2.4075382212249687
65 2.4075382212249687
66 2.4075382212249687
67 2.4075382212249687
68 2.4075382212249687
69 1.9342087098917184
70 1.9342087098917184
71 1.9342087098917184
72 1.9342087098917184
73 1.9342087098917184
74 1.420967272692919
75 1.420967272692919
76 1.420967272692919
77 1.420967272692919
78 1.420967272692919
79 2.142846036925868
80 2.142846036925868
81 2.142846036925868
82 2.142846036925868
83 2.142846036925868
84 1.1514969549224963
85 1.1514969549224963
86 1.1514969549224963
87 1.1514969549224963
88 1.1514969549224963
89 2.640501592702678
90 4.332225348535914
91 4.332225348535914
92 2.9546900995567715
93 2.9546900995567715
94 2.9546900995567715
95 2.9546900995567715
96 2.9546900995567715
97 1.9596841368558255
98 1.9596841368558255
99 1.9596841368558255
100 1.9596841368558255
101 1.9596841368558255
102 0.8901208621322225
103 0.8901208621322225
104 0.8901208621322225
105 0.8901208621322225
106 0.8901208621322225
107 1.872716192682386
108 1.872716192682386
109 1.872716192682386
110 1.872716192682386
111 1.872716192682386
112 1.365732382660286
113 1.365732382660286
114 1.365732382660286
115 1.365732382660286
116 1.365732382660286
117 1.4684188417278845
118 1.4684188417278845
119 1.4684188417278845
120 1.4684188417278845
121 1.4684188417278845
122 2.6244784484859114
123 2.6244784484859114
124 2.6244784484859114
125 2.6244784484859114
126 2.6244784484859114
127 1.9179586733180571
128 1.9179586733180571
129 1.9179586733180571
130 1.9179586733180571
131 1.9179586733180571
132 1.6684346601598634
133 1.6684346601598634
134 1.6684346601598634
135 1.6684346601598634
136 2.23176826149989
137 2.23176826149989
138 2.23176826149989
139 2.23176826149989
140 2.23176826149989
141 5.0367677627802925
142 5.0367677627802925
143 5.0367677627802925
144 5.0367677627802925
145 5.0367677627802925
146 1.9119675313718518
147 1.9119675313718518
148 1.9119675313718518
149 1.9119675313718518
150 2.1369301097063866
151 2.1369301097063866
152 2.0961304513996857
153 2.0961304513996857
154 2.0961304513996857
155 2.0961304513996857
156 2.0961304513996857
157 1.9343954479062455
158 1.9343954479062455
159 1.9343954479062455
160 1.9343954479062455
161 1.9343954479062455
162 1.8977921864165754
163 1.8977921864165754
164 1.8977921864165754
165 1.4923985469643781
166 1.4923985469643781
167 1.4923985469643781
168 1.4923985469643781
169 1.4923985469643781
170 0.7035487701822938
171 0.7035487701822938
172 0.7035487701822938
173 0.7035487701822938
174 0.7035487701822938
175 1.2066591009793237
176 1.2066591009793237
177 1.2066591009793237
178 1.2066591009793237
179 1.2066591009793237
180 1.217692349547438
181 1.217692349547438
182 3.0301198458246676
183 3.0301198458246676
184 3.0301198458246676
185 3.0301198458246676
186 0.7003633645642329
187 0.7003633645642329
188 0.7003633645642329
189 0.7003633645642329
190 0.7003633645642329
191 0.5804539535653621
192 0.5804539535653621
193 0.5804539535653621
194 0.5804539535653621
195 0.5804539535653621
196 0.6515007361639461
197 0.6515007361639461
198 0.6515007361639461
199 0.6515007361639461
200 2.4904611337856912
201 2.4904611337856912
202 2.4904611337856912
203 2.4904611337856912
204 2.4904611337856912
205 2.106494163153407
206 2.106494163153407
207 2.106494163153407
208 2.106494163153407
209 2.106494163153407
210 4.228944782008526
211 4.228944782008526
212 4.228944782008526
213 4.228944782008526
214 4.228944782008526
215 4.673780841812228
216 0.727020713594797
217 0.727020713594797
218 0.727020713594797
219 0.727020713594797
220 0.727020713594797
221 0.19431950738362744
222 0.19431950738362744
223 0.19431950738362744
224 0.19431950738362744
225 0.19431950738362744
226 0.21639399390798483
227 0.21639399390798483
228 0.21639399390798483
229 0.21639399390798483
230 0.21639399390798483
231 0.20714470271914875
232 0.20714470271914875
233 0.20714470271914875
234 0.20714470271914875
235 0.20714470271914875
236 0.1836706327356809
237 0.1836706327356809
238 0.1836706327356809
239 0.1836706327356809
240 0.1836706327356809
241 0.2833618092877724
242 0.2833618092877724
243 0.2833618092877724
244 0.2833618092877724
245 1.5243463540168176
246 1.5243463540168176
247 1.5243463540168176
248 1.5243463540168176
249 1.5243463540168176
250 3.388292556762966
251 2.67645751471982
252 2.67645751471982
253 2.67645751471982
254 2.67645751471982
255 2.67645751471982
256 1.703012392740175
257 1.703012392740175
258 1.703012392740175
259 1.703012392740175
260 1.703012392740175
261 2.2772658030997346
262 2.2772658030997346
263 2.2772658030997346
264 2.2772658030997346
265 2.2772658030997346
266 1.5891832797146392
267 0.30351249624599536
268 0.30351249624599536
269 0.30351249624599536
270 0.30351249624599536
271 0.30351249624599536
272 0.26428532143365
273 0.26428532143365
274 0.26428532143365
275 0.26428532143365
276 0.26428532143365
277 0.1797154205616743
278 0.1797154205616743
279 0.1797154205616743
280 0.1797154205616743
281 0.1797154205616743
282 0.24213725218122858
283 0.24213725218122858
284 0.24213725218122858
285 0.24213725218122858
286 0.24213725218122858
287 0.24619753621360124
288 0.24619753621360124
289 0.24619753621360124
290 0.24619753621360124
291 0.24619753621360124
292 0.18579821619090867
293 0.5577457538899366
294 0.5577457538899366
295 0.5577457538899366
296 0.5577457538899366
297 0.5577457538899366
298 0.6905161195766336
299 0.6905161195766336
300 0.6905161195766336
301 0.6905161195766336
302 0.8618263314854072
303 0.8618263314854072
304 0.8618263314854072
305 0.8618263314854072
306 0.8618263314854072
307 0.8876396147589096
308 0.8876396147589096
309 1.3104719573228534
310 1.3104719573228534
311 1.3104719573228534
312 1.3104719573228534
313 1.3104719573228534
314 0.7006250194469419
315 0.7006250194469419
316 0.7006250194469419
317 0.7006250194469419
318 0.7006250194469419
319 0.7499685976886494
320 0.7499685976886494
321 0.7499685976886494
322 0.7499685976886494
323 0.7499685976886494
324 0.5128601593799123
325 0.5128601593799123
326 0.5128601593799123
327 0.5128601593799123
328 0.5128601593799123
329 0.4190601843800969
330 0.4190601843800969
331 0.4190601843800969
332 0.4190601843800969
333 0.4190601843800969
334 1.009634010771535
335 1.009634010771535
336 1.009634010771535
337 1.009634010771535
338 1.009634010771535
339 0.8685503298854198
340 0.8685503298854198
341 0.8685503298854198
342 0.8685503298854198
343 0.8685503298854198
344 0.6017584359392568
345 0.6017584359392568
346 0.6017584359392568
347 0.6017584359392568
348 0.6017584359392568
349 0.4260924487609652
350 0.4260924487609652
351 0.4260924487609652
352 0.4260924487609652
353 0.4260924487609652
354 0.3486588044729872
355 0.3486588044729872
356 0.3486588044729872
357 0.3486588044729872
358 0.3486588044729872
359 0.7432129100044885
360 0.7432129100044885
361 0.7432129100044885
362 0.7432129100044885
363 0.7432129100044885
364 0.8078669130811578
365 3.9391925664779195
366 3.9391925664779195
367 3.9391925664779195
368 3.9391925664779195
369 3.9391925664779195
370 3.4793110243969263
371 3.4793110243969263
372 3.4793110243969263
373 3.4793110243969263
374 3.4793110243969263
375 3.2337966918861842
376 3.2337966918861842
377 3.2337966918861842
378 3.2337966918861842
379 3.2337966918861842
380 1.7546467194899966
381 1.7546467194899966
382 1.7546467194899966
383 1.7546467194899966
384 1.7546467194899966
385 2.1267744772355335
386 2.1267744772355335
387 2.1267744772355335
388 2.1267744772355335
389 2.1267744772355335
390 3.663615598323568
391 3.663615598323568
392 3.663615598323568
393 3.663615598323568
394 3.663615598323568
395 4.3977256245155045
396 4.3977256245155045
397 3.1092528054308666
398 3.1092528054308666
399 3.1092528054308666
400 3.1092528054308666
401 3.1092528054308666
402 1.1825710271521024
403 1.1825710271521024
404 1.1825710271521024
405 1.1825710271521024
406 1.1825710271521024
407 0.6890673296902037
408 0.6890673296902037
409 0.6890673296902037
410 0.6890673296902037
411 0.6890673296902037
412 1.5849195188196765
413 1.5849195188196765
414 2.3801265932814144
415 2.3801265932814144
416 2.3801265932814144
417 2.3801265932814144
418 2.3801265932814144
419 2.482696748709451
420 2.482696748709451
421 2.482696748709451
422 2.482696748709451
423 2.482696748709451
424 3.4297190986865735
425 3.4297190986865735
426 3.4297190986865735
427 3.4297190986865735
428 3.4297190986865735
429 3.2612178534445784
430 3.2612178534445784
431 4.453637719991236
432 4.453637719991236
433 4.453637719991236
434 4.453637719991236
435 2.5170986795443615
436 2.5170986795443615
437 2.5170986795443615
438 2.5170986795443615
439 2.5170986795443615
440 1.7385493084894263
441 1.7385493084894263
442 1.7385493084894263
443 1.7385493084894263
444 4.507554071487731
445 4.507554071487731
446 3.267476380154219
447 3.267476380154219
448 3.267476380154219
449 4.8522315598686205
450 4.8522315598686205
451 4.8522315598686205
452 4.8522315598686205
453 4.8522315598686205
454 3.816016829179681
455 3.816016829179681
456 3.816016829179681
457 3.816016829179681
458 3.816016829179681
459 3.6587044603205623
460 3.6587044603205623
461 3.6587044603205623
462 3.6587044603205623
463 3.6587044603205623
464 3.3870091337032444
465 3.3870091337032444
466 3.3870091337032444
467 4.605770359408386
468 4.605770359408386
469 4.605770359408386
470 4.605770359408386
471 4.605770359408386
472 3.9308879622991992
473 3.9308879622991992
474 3.9308879622991992
475 3.9308879622991992
476 3.9308879622991992
477 4.346065721775952
478 4.346065721775952
479 5.347569669490364
480 5.347569669490364
481 5.347569669490364
482 5.347569669490364
483 5.347569669490364
484 2.0629021563148697
485 2.0629021563148697
486 2.0629021563148697
487 2.0629021563148697
488 0.25740582861596417
489 0.25740582861596417
490 0.25740582861596417
491 0.25740582861596417
492 0.25740582861596417
493 0.834386591279245
494 0.834386591279245
495 0.834386591279245
496 0.834386591279245
497 0.834386591279245
498 1.5124921913412606
499 1.5124921913412606
500 1.5124921913412606
501 1.5124921913412606
502 1.5124921913412606
503 1.7836454202224383
504 1.7836454202224383
505 1.7836454202224383
506 1.7836454202224383
507 1.7836454202224383
508 0.9293010344914379
509 0.9293010344914379
510 0.9293010344914379
511 0.9293010344914379
512 0.9293010344914379
513 1.036930139772564
514 1.036930139772564
515 1.036930139772564
516 1.036930139772564
517 1.0324206401942773
518 1.0324206401942773
519 1.0324206401942773
520 1.0324206401942773
521 1.0324206401942773
522 4.984187003190421
523 4.984187003190421
524 4.984187003190421
525 4.984187003190421
526 4.984187003190421
527 0.8835009687865822
528 0.8835009687865822
529 0.8835009687865822
530 0.8835009687865822
531 0.8835009687865822
532 3.089428893219287
533 3.089428893219287
534 3.089428893219287
535 3.089428893219287
536 3.089428893219287
537 4.605573885789989
538 4.605573885789989
539 4.605573885789989
540 4.605573885789989
541 4.605573885789989
542 3.029495633271247
543 3.029495633271247
544 3.029495633271247
545 3.029495633271247
546 3.029495633271247
547 3.2528519332733095
548 3.2528519332733095
549 3.2528519332733095
550 3.2528519332733095
551 3.2528519332733095
552 4.7261580819842175
553 1.0830991129124259
554 1.0830991129124259
555 1.0830991129124259
556 1.0830991129124259
557 1.0830991129124259
558 1.7200428461360109
559 1.7200428461360109
560 1.7200428461360109
561 1.7200428461360109
562 1.7200428461360109
563 1.3835270212634907
564 1.3835270212634907
565 1.3835270212634907
566 1.3835270212634907
567 1.3835270212634907
568 1.7969892362741735
569 1.7969892362741735
570 0.1415529628280423
571 0.1415529628280423
572 0.1415529628280423
573 0.1415529628280423
574 0.1415529628280423
575 0.16980889019472317
576 0.16980889019472317
577 0.16980889019472317
578 0.16980889019472317
579 1.6949359798861983
580 1.6949359798861983
581 1.6949359798861983
582 1.6949359798861983
583 1.6949359798861983
584 2.1489229299679997
585 2.1489229299679997
586 2.1489229299679997
587 2.1489229299679997
588 2.1489229299679997
589 1.9117329910671585
590 1.9117329910671585
591 1.9117329910671585
592 1.9117329910671585
593 1.9117329910671585
594 2.1715408556494595
595 2.1715408556494595
596 2.1715408556494595
597 2.1715408556494595
598 2.1715408556494595
599 1.4002652373727353
600 1.4002652373727353
601 1.2203557282618536
602 1.2203557282618536
603 1.2203557282618536
604 1.2203557282618536
605 1.2203557282618536
606 2.18630943457406
607 2.18630943457406
608 2.18630943457406
609 2.18630943457406
610 2.18630943457406
611 1.2797973709872346
612 1.2797973709872346
613 1.2797973709872346
614 1.2797973709872346
615 1.2797973709872346
616 1.4701741275290199
617 1.4701741275290199
618 1.4701741275290199
619 1.4701741275290199
620 1.4701741275290199
621 0.692368071269834
622 0.692368071269834
623 0.692368071269834
624 0.692368071269834
625 0.692368071269834
626 0.6190302429186743
627 0.6190302429186743
628 2.166129824908397
629 2.166129824908397
630 2.166129824908397
631 2.166129824908397
632 2.166129824908397
633 2.1935219051353014
634 2.1935219051353014
635 2.1935219051353014
636 2.1935219051353014
637 2.1935219051353014
638 1.3595170680017166
639 1.3595170680017166
640 1.3595170680017166
641 1.3595170680017166
642 3.8338462382556933
643 3.8338462382556933
644 3.8338462382556933
645 3.8338462382556933
646 3.8338462382556933
647 2.8485790292802937
648 2.8485790292802937
649 2.8485790292802937
650 2.8485790292802937
651 2.8485790292802937
652 2.5363805414695917
653 2.5363805414695917
654 2.5363805414695917
655 2.5363805414695917
656 2.5363805414695917
657 3.134813278415608
658 3.134813278415608
659 3.134813278415608
660 3.134813278415608
661 3.134813278415608
662 3.516379183372139
663 3.516379183372139
664 3.516379183372139
665 3.516379183372139
666 3.516379183372139
667 4.341418154968823
668 4.341418154968823
669 4.341418154968823
670 4.341418154968823
671 4.341418154968823
672 5.071434321533111
673 5.071434321533111
674 5.071434321533111
675 5.071434321533111
676 5.071434321533111
677 4.601421492964262
678 4.601421492964262
679 4.601421492964262
680 4.601421492964262
681 4.601421492964262
682 1.5853036514196426
683 1.5853036514196426
684 1.5853036514196426
685 1.5853036514196426
686 1.5853036514196426
687 3.5290104443726227
688 3.5290104443726227
689 3.5290104443726227
690 3.5290104443726227
691 3.5290104443726227
692 1.8621327835575248
693 1.8621327835575248
694 1.8621327835575248
695 1.8621327835575248
696 1.8621327835575248
697 3.734958338817118
698 0.6402676529455322
699 0.6402676529455322
700 0.6402676529455322
701 0.6402676529455322
702 0.6402676529455322
703 0.4249300839740877
704 0.4249300839740877
705 0.4249300839740877
706 0.4249300839740877
707 0.4249300839740877
708 3.044794108745863
709 3.044794108745863
710 3.044794108745863
711 3.044794108745863
712 3.044794108745863
713 2.5705945277274957
714 2.5705945277274957
715 2.5705945277274957
716 2.5705945277274957
717 2.5705945277274957
718 4.260455728159592
719 4.260455728159592
720 0.9337612164866951
721 0.9337612164866951
722 0.9337612164866951
723 0.9337612164866951
724 0.9337612164866951
725 0.7341895600147919
726 0.7341895600147919
727 0.7341895600147919
728 0.7341895600147919
729 0.7341895600147919
730 1.1675879320770919
731 1.1675879320770919
732 1.1675879320770919
733 1.1675879320770919
734 1.1675879320770919
735 0.6993680031138394
736 0.6993680031138394
737 0.6993680031138394
738 0.6993680031138394
739 0.6993680031138394
740 0.5529760986709357
741 0.5529760986709357
742 0.5529760986709357
743 0.5529760986709357
744 0.5529760986709357
745 0.5792456154611073
746 0.5792456154611073
747 0.5792456154611073
748 0.5792456154611073
749 0.5792456154611073
750 0.7791808446716267
751 0.7791808446716267
752 0.7791808446716267
753 0.7791808446716267
754 0.7791808446716267
755 0.7170346871950957
756 0.7170346871950957
757 0.7170346871950957
758 0.7170346871950957
759 0.7170346871950957
760 0.6364842610616556
761 0.6364842610616556
762 0.6364842610616556
763 0.6364842610616556
764 0.6364842610616556
765 0.6874183386509647
766 0.6874183386509647
767 0.6874183386509647
768 0.6874183386509647
769 0.6874183386509647
770 0.7171244654306672
771 2.8468440681221074
772 0.7405832099568681
773 0.7405832099568681
774 0.7405832099568681
775 0.7405832099568681
776 0.7405832099568681
777 1.6480279844200947
778 1.6480279844200947
779 1.6480279844200947
780 1.6480279844200947
781 1.6480279844200947
782 1.6896843028010782
783 1.6896843028010782
784 1.6896843028010782
785 1.6896843028010782
786 1.6896843028010782
787 1.1763388276323758
788 1.1763388276323758
789 1.1763388276323758
790 1.1763388276323758
791 1.1763388276323758
792 0.8496773069863603
793 0.8496773069863603
794 0.8496773069863603
795 2.473977452607718
796 2.473977452607718
797 2.473977452607718
798 2.473977452607718
799 2.473977452607718
800 3.623403560689788
801 3.623403560689788
802 3.623403560689788
803 3.623403560689788
804 3.623403560689788
805 2.3739291796134303
806 2.3739291796134303
807 2.3739291796134303
808 2.3739291796134303
809 2.3739291796134303
810 1.7648598357162237
811 1.7648598357162237
812 1.7648598357162237
813 1.7648598357162237
814 1.7648598357162237
815 2.8242212073035153
816 2.8242212073035153
817 2.8242212073035153
818 2.8242212073035153
819 2.8242212073035153
820 3.836813743049962
821 3.836813743049962
822 3.836813743049962
823 3.836813743049962
824 3.836813743049962
825 2.942570555584538
826 2.942570555584538
827 2.942570555584538
828 2.942570555584538
829 2.942570555584538
830 3.17954674191465
831 3.17954674191465
832 3.17954674191465
833 3.17954674191465
834 3.17954674191465
835 3.014285286395349
836 3.014285286395349
837 3.014285286395349
838 3.014285286395349
839 3.014285286395349
840 3.733628828849318
841 3.733628828849318
842 3.733628828849318
843 3.733628828849318
844 3.733628828849318
845 2.860313127922998
846 2.860313127922998
847 2.860313127922998
848 2.860313127922998
849 2.860313127922998
850 2.414120499893722
851 2.414120499893722
852 2.414120499893722
853 1.079996315123719
854 1.079996315123719
855 1.079996315123719
856 1.079996315123719
857 1.079996315123719
858 0.8597249635903363
859 0.8597249635903363
860 0.8597249635903363
861 0.8597249635903363
862 0.8597249635903363
863 2.04708243815637
864 2.04708243815637
865 2.04708243815637
866 2.04708243815637
867 2.04708243815637
868 0.950584177423
869 0.950584177423
870 0.950584177423
871 0.950584177423
872 0.950584177423
873 1.112053130497114
874 1.112053130497114
875 1.112053130497114
876 1.112053130497114
877 1.112053130497114
878 1.1040638496438486
879 1.1040638496438486
880 1.1040638496438486
881 1.1040638496438486
882 1.1040638496438486
883 0.6100858370607741
884 0.6100858370607741
885 0.6100858370607741
886 0.6100858370607741
887 0.6100858370607741
888 1.140480709654395
889 1.140480709654395
890 1.140480709654395
891 1.140480709654395
892 1.140480709654395
893 1.1866193721456662
894 1.1866193721456662
895 1.1866193721456662
896 1.1866193721456662
897 1.1866193721456662
898 2.596253941528685
899 2.596253941528685
900 2.596253941528685
901 2.596253941528685
902 2.596253941528685
903 3.0034781525265632
904 3.0034781525265632
905 3.0034781525265632
906 3.0034781525265632
907 3.0034781525265632
908 2.3023692718552446
909 2.3023692718552446
910 2.3023692718552446
911 2.3023692718552446
912 2.3023692718552446
913 3.5549455828200744
914 2.003396874102831
915 2.003396874102831
916 2.003396874102831
917 2.003396874102831
918 2.003396874102831
919 1.0952579905229713
920 1.0952579905229713
921 1.0952579905229713
922 1.0952579905229713
923 1.0952579905229713
924 1.4629313038311644
925 1.4629313038311644
926 1.4629313038311644
927 1.4629313038311644
928 1.4629313038311644
929 1.321301918611396
930 1.321301918611396
931 1.321301918611396
932 1.321301918611396
933 1.321301918611396
934 1.6190958843921093
935 1.6190958843921093
936 1.6190958843921093
937 1.6190958843921093
938 1.6190958843921093
939 1.879616427629908
940 1.879616427629908
941 1.879616427629908
942 1.879616427629908
943 1.879616427629908
944 1.0154212805548242
945 1.0154212805548242
946 1.0154212805548242
947 1.0154212805548242
948 2.2162477729256143
949 2.2162477729256143
950 2.2162477729256143
951 2.2162477729256143
952 2.2162477729256143
953 2.3436908833033376
954 2.3436908833033376
955 2.3436908833033376
956 2.3436908833033376
957 1.7771930587326137
958 1.7771930587326137
959 1.7771930587326137
960 1.7771930587326137
961 1.7771930587326137
962 1.666526064373534
963 1.666526064373534
964 1.666526064373534
965 1.666526064373534
966 1.666526064373534
967 1.5184689203548656
968 1.5184689203548656
969 1.5184689203548656
970 1.5184689203548656
971 1.5184689203548656
972 1.064793680654795
973 1.064793680654795
974 1.064793680654795
975 1.064793680654795
976 1.064793680654795
977 1.6903424716610898
978 1.6903424716610898
979 1.6903424716610898
980 1.6903424716610898
981 1.6903424716610898
982 1.426618680173054
983 1.426618680173054
984 1.426618680173054
985 1.426618680173054
986 1.426618680173054
987 0.8899846613159035
988 0.8899846613159035
989 0.8899846613159035
990 0.8899846613159035
991 0.8899846613159035
992 1.0572492952359003
993 1.0572492952359003
994 1.0572492952359003
995 1.0572492952359003
996 1.0572492952359003
997 1.253278230082377
998 1.253278230082377
999 1.253278230082377
1000 1.253278230082377
1001 1.253278230082377
1002 1.2784904896817357
1003 1.2784904896817357
1004 1.034286315970288
1005 1.034286315970288
1006 1.034286315970288
1007 1.034286315970288
1008 1.034286315970288
1009 0.893129156158216
1010 0.893129156158216
1011 0.893129156158216
1012 0.893129156158216
1013 0.893129156158216
1014 1.186692268334833
1015 1.186692268334833
1016 1.186692268334833
1017 1.186692268334833
1018 1.7215763123351817
1019 1.7215763123351817
1020 1.7215763123351817
1021 4.218353289618774
1022 4.218353289618774
1023 4.218353289618774
1024 4.218353289618774
1025 4.218353289618774
1026 4.696454612320537
1027 4.696454612320537
1028 4.696454612320537
1029 4.696454612320537
1030 4.696454612320537
1031 5.221069312136668
1032 5.221069312136668
1033 5.221069312136668
1034 5.221069312136668
1035 5.221069312136668
1036 5.243297777425681
1037 5.243297777425681
1038 5.243297777425681
1039 5.243297777425681
1040 5.243297777425681
1041 4.657679476000193
1042 3.2041712983028745
1043 3.2041712983028745
1044 3.2041712983028745
1045 3.2041712983028745
1046 3.2041712983028745
1047 3.564728164009329
1048 3.564728164009329
1049 3.564728164009329
1050 3.564728164009329
1051 3.564728164009329
1052 2.388541515507339
1053 2.7204466535998573
1054 2.7204466535998573
1055 0.9937214346293639
1056 0.9937214346293639
1057 0.9937214346293639
1058 0.9937214346293639
1059 0.9937214346293639
1060 0.8189223573791433
1061 0.8189223573791433
1062 0.8189223573791433
1063 0.8189223573791433
1064 0.8189223573791433
1065 0.8360694832120958
1066 0.8360694832120958
1067 0.8360694832120958
1068 0.8360694832120958
1069 0.8360694832120958
1070 0.7023821838747348
1071 0.7023821838747348
1072 0.7023821838747348
1073 0.7023821838747348
1074 0.7023821838747348
1075 0.2181565112923171
1076 0.2181565112923171
1077 0.2181565112923171
1078 0.2181565112923171
1079 0.2181565112923171
1080 0.8991058155709251
1081 0.8991058155709251
1082 0.8991058155709251
1083 0.8991058155709251
1084 0.8991058155709251
1085 0.7263062508791525
1086 0.7263062508791525
1087 0.7263062508791525
1088 0.7263062508791525
1089 1.3997097142502648
1090 1.3997097142502648
1091 3.010129177367685
1092 3.010129177367685
1093 3.010129177367685
1094 3.010129177367685
1095 3.010129177367685
1096 1.962655889598411
1097 1.962655889598411
1098 1.962655889598411
1099 1.962655889598411
1100 1.962655889598411
1101 2.3312745300584714
1102 2.3312745300584714
1103 2.3312745300584714
1104 2.3312745300584714
1105 2.3312745300584714
1106 2.7259244412694508
1107 2.7259244412694508
1108 2.7259244412694508
1109 2.7259244412694508
1110 2.7259244412694508
1111 3.843515711055444
1112 3.843515711055444
1113 3.843515711055444
1114 3.843515711055444
1115 3.843515711055444
1116 0.5475903212938273
1117 0.5475903212938273
1118 0.5475903212938273
1119 0.5475903212938273
1120 0.5475903212938273
1121 0.664177622174676
1122 0.664177622174676
1123 0.664177622174676
1124 0.664177622174676
1125 0.664177622174676
1126 0.8663159159190017
1127 0.8663159159190017
1128 0.8663159159190017
1129 0.8663159159190017
1130 0.8663159159190017
1131 0.8150666564830904
1132 3.14290269403961
1133 3.14290269403961
1134 3.14290269403961
1135 3.14290269403961
1136 3.14290269403961
1137 2.8618145609875523
1138 2.8618145609875523
1139 2.8618145609875523
1140 2.8618145609875523
1141 2.8618145609875523
1142 2.132420801073029
1143 2.132420801073029
1144 2.132420801073029
1145 2.132420801073029
1146 2.132420801073029
1147 3.1243545905255026
1148 3.1243545905255026
1149 3.1243545905255026
1150 3.1243545905255026
1151 3.1243545905255026
1152 2.858099485888354
1153 2.858099485888354
1154 2.858099485888354
1155 2.858099485888354
1156 2.858099485888354
1157 3.620409433693331
1158 3.620409433693331
1159 3.620409433693331
1160 3.620409433693331
1161 3.620409433693331
1162 2.3454851054868993
1163 2.3454851054868993
1164 2.3454851054868993
1165 2.3454851054868993
1166 2.3454851054868993
1167 2.4477786672161126
1168 2.4477786672161126
1169 2.4477786672161126
1170 2.4477786672161126
1171 2.4477786672161126
1172 3.9275418299139737
1173 3.9275418299139737
1174 3.9275418299139737
1175 3.9275418299139737
1176 3.9275418299139737
1177 6.264342062930504
1178 6.264342062930504
1179 6.264342062930504
1180 6.264342062930504
1181 6.264342062930504
1182 2.0019395447205266
1183 2.0019395447205266
1184 2.0019395447205266
1185 2.0019395447205266
1186 2.0019395447205266
1187 4.303774478994639
1188 4.303774478994639
1189 4.303774478994639
1190 4.303774478994639
1191 4.303774478994639
1192 3.172619600854488
1193 3.172619600854488
1194 3.172619600854488
1195 3.172619600854488
1196 3.172619600854488
1197 1.0728212162789936
1198 1.0728212162789936
1199 1.0728212162789936
1200 1.0728212162789936
1201 1.0728212162789936
1202 1.508014566627147
1203 1.508014566627147
1204 1.508014566627147
1205 1.508014566627147
1206 1.508014566627147
1207 0.47371024393660965
1208 0.47371024393660965
1209 0.47371024393660965
1210 0.47371024393660965
1211 0.47371024393660965
1212 0.7334014949495481
1213 0.7334014949495481
1214 0.7334014949495481
1215 0.7334014949495481
1216 0.7334014949495481
1217 0.6054054205945454
1218 0.6054054205945454
1219 0.6054054205945454
1220 0.6054054205945454
1221 0.6054054205945454
1222 0.8987137321567874
1223 0.8987137321567874
1224 0.8987137321567874
1225 0.8987137321567874
1226 0.8987137321567874
1227 0.3126568639549429
1228 0.3126568639549429
1229 0.3126568639549429
1230 1.4689200683494592
1231 1.4689200683494592
1232 1.4689200683494592
1233 1.4689200683494592
1234 1.4689200683494592
1235 1.7749467921265782
1236 1.7749467921265782
1237 1.7749467921265782
1238 1.7749467921265782
1239 1.7749467921265782
1240 1.8030452092176974
1241 1.8030452092176974
1242 1.8030452092176974
1243 1.8030452092176974
1244 1.8030452092176974
1245 2.8270253303912543
1246 2.8270253303912543
1247 2.8270253303912543
1248 2.8270253303912543
1249 2.8270253303912543
1250 3.8255720334249874
1251 3.8255720334249874
1252 3.8255720334249874
1253 3.8255720334249874
1254 3.8255720334249874
1255 1.6742042343414634
1256 1.6742042343414634
1257 1.6742042343414634
1258 1.6742042343414634
1259 1.6742042343414634
1260 1.9598034310145245
1261 1.9598034310145245
1262 0.783457664810776
1263 0.783457664810776
1264 0.783457664810776
1265 0.783457664810776
1266 0.783457664810776
1267 0.9318129247338552
1268 0.9318129247338552
1269 0.9318129247338552
1270 0.9318129247338552
1271 0.9318129247338552
1272 0.8636203863218892
1273 0.8636203863218892
1274 0.8636203863218892
1275 0.8636203863218892
1276 0.8636203863218892
1277 1.265317959208611
1278 1.265317959208611
1279 1.265317959208611
1280 1.265317959208611
1281 1.265317959208611
1282 0.75279681040341
1283 0.75279681040341
1284 0.75279681040341
1285 0.75279681040341
1286 0.75279681040341
1287 1.2805333338470204
1288 1.2805333338470204
1289 1.2805333338470204
1290 1.2805333338470204
1291 1.2805333338470204
1292 0.799661614363381
1293 0.799661614363381
1294 0.799661614363381
1295 0.799661614363381
1296 0.799661614363381
1297 1.7506317576805
1298 2.9468473061798472
1299 2.9468473061798472
1300 2.9468473061798472
1301 2.9468473061798472
1302 2.9468473061798472
1303 3.04167372921742
1304 3.04167372921742
1305 3.04167372921742
1306 3.04167372921742
1307 3.04167372921742
1308 2.4326177886391527
1309 2.4326177886391527
1310 2.6704629667876247
1311 2.6704629667876247
1312 2.6704629667876247
1313 2.6704629667876247
1314 2.6704629667876247
1315 1.655407413372331
1316 1.655407413372331
1317 1.655407413372331
1318 1.655407413372331
1319 1.655407413372331
1320 3.8059822529490983
1321 0.5377378147936428
1322 0.5377378147936428
1323 0.5377378147936428
1324 0.5377378147936428
1325 0.5377378147936428
1326 0.7893752216395671
1327 0.7893752216395671
1328 0.7893752216395671
1329 1.7068407533890317
1330 1.7068407533890317
1331 1.7068407533890317
1332 1.7068407533890317
1333 1.7068407533890317
1334 1.6204181166098803
1335 1.6204181166098803
1336 1.6204181166098803
1337 1.6204181166098803
1338 1.6204181166098803
1339 1.290715529796765
1340 1.290715529796765
1341 1.290715529796765
1342 1.290715529796765
1343 2.73448648420253
1344 2.73448648420253
1345 2.73448648420253
1346 2.73448648420253
1347 2.73448648420253
1348 4.13374023289916
1349 4.13374023289916
1350 4.13374023289916
1351 4.13374023289916
1352 4.13374023289916
1353 5.2588202775176995
1354 5.2588202775176995
1355 5.2588202775176995
1356 5.2588202775176995
1357 5.2588202775176995
1358 2.567894122107099
1359 2.567894122107099
1360 2.567894122107099
1361 2.567894122107099
1362 2.567894122107099
1363 3.671629296057295
1364 3.671629296057295
1365 3.671629296057295
1366 3.671629296057295
1367 3.671629296057295
1368 3.4550637438710847
1369 3.4550637438710847
1370 3.4550637438710847
1371 3.4550637438710847
1372 0.4041455047343822
1373 0.4041455047343822
1374 0.4041455047343822
1375 0.4041455047343822
1376 0.4041455047343822
1377 2.7731298676851455
1378 2.7731298676851455
1379 1.2239469322943157
1380 1.2239469322943157
1381 1.2239469322943157
1382 1.2239469322943157
1383 1.2239469322943157
1384 0.9526921899268688
1385 0.9526921899268688
1386 0.9526921899268688
1387 0.9526921899268688
1388 0.9526921899268688
1389 0.4028007429615408
1390 0.4028007429615408
1391 0.4028007429615408
1392 0.4028007429615408
1393 0.4028007429615408
1394 1.635474613756676
1395 1.635474613756676
1396 1.635474613756676
1397 1.635474613756676
1398 1.635474613756676
1399 1.312155110410818
1400 1.312155110410818
1401 1.312155110410818
1402 1.312155110410818
1403 1.312155110410818
1404 1.198694420360377
1405 1.198694420360377
1406 1.198694420360377
1407 1.198694420360377
1408 1.198694420360377
1409 0.5778077017059979
1410 0.5778077017059979
1411 0.5778077017059979
1412 0.5778077017059979
1413 0.5778077017059979
1414 1.2032685143183814
1415 1.2032685143183814
1416 1.2032685143183814
1417 1.2032685143183814
1418 1.2032685143183814
1419 0.8402268456305537
1420 1.6211687871712295
1421 1.6211687871712295
1422 1.6211687871712295
1423 1.6211687871712295
1424 1.6211687871712295
1425 2.81446506548484
1426 2.81446506548484
1427 2.81446506548484
1428 2.81446506548484
1429 2.81446506548484
1430 1.6456041322295085
1431 1.6456041322295085
1432 1.6456041322295085
1433 1.6456041322295085
1434 1.6456041322295085
1435 1.7403769846341852
1436 1.7403769846341852
1437 1.7403769846341852
1438 1.7403769846341852
1439 1.7403769846341852
1440 2.036011661095764
1441 2.036011661095764
1442 2.036011661095764
1443 2.036011661095764
1444 2.036011661095764
1445 0.7494264357925196
1446 0.7494264357925196
1447 0.7494264357925196
1448 0.7494264357925196
1449 0.7494264357925196
1450 2.025008588175099
1451 2.025008588175099
1452 2.025008588175099
1453 2.025008588175099
1454 2.025008588175099
1455 1.876916352977139
1456 1.876916352977139
1457 1.876916352977139
1458 1.876916352977139
1459 1.876916352977139
1460 1.4380401188103207
1461 1.4380401188103207
1462 1.4380401188103207
1463 1.4380401188103207
1464 1.4380401188103207
1465 1.839193146328722
1466 1.839193146328722
1467 1.839193146328722
1468 1.839193146328722
1469 1.839193146328722
1470 2.0078578708951658
1471 2.0078578708951658
1472 2.0078578708951658
1473 2.0078578708951658
1474 2.0078578708951658
1475 2.099327493759751
1476 2.099327493759751
1477 2.099327493759751
1478 2.099327493759751
1479 2.099327493759751
1480 2.5207694037634374
1481 2.5207694037634374
1482 2.5207694037634374
1483 2.5207694037634374
1484 2.5207694037634374
1485 2.079818487186057
1486 2.079818487186057
1487 2.079818487186057
1488 2.079818487186057
1489 1.9830892733246948
1490 1.9830892733246948
1491 1.9830892733246948
1492 1.9830892733246948
1493 1.9830892733246948
1494 0.7777966971035941
1495 0.7777966971035941
1496 0.7777966971035941
1497 0.7777966971035941
1498 0.7777966971035941
1499 0.9180704609455154
1500 0.9180704609455154
1501 0.9180704609455154
1502 0.9180704609455154
1503 0.9180704609455154
1504 1.2894543301385508
1505 1.2894543301385508
1506 1.2894543301385508
1507 1.2894543301385508
1508 4.081185643054709
1509 4.081185643054709
1510 4.081185643054709
1511 4.081185643054709
1512 4.081185643054709
1513 2.3872626919294806
1514 2.3872626919294806
1515 2.3872626919294806
1516 2.3872626919294806
1517 2.3872626919294806
1518 3.69300719109424
1519 3.69300719109424
1520 3.69300719109424
1521 3.69300719109424
1522 3.69300719109424
1523 5.1529519922857325
1524 5.1529519922857325
1525 5.1529519922857325
1526 5.1529519922857325
1527 5.1529519922857325
1528 4.295711480882483
1529 4.295711480882483
1530 4.295711480882483
1531 4.295711480882483
1532 4.295711480882483
1533 4.4321650012914136
1534 4.4321650012914136
1535 2.9945230914926606
1536 2.9945230914926606
1537 2.9945230914926606
1538 2.9945230914926606
1539 2.9945230914926606
1540 5.963190195395987
1541 5.963190195395987
1542 5.963190195395987
1543 5.963190195395987
1544 5.963190195395987
1545 3.2074498049912927
1546 3.2074498049912927
1547 3.2074498049912927
1548 3.2074498049912927
1549 3.2074498049912927
1550 5.169974575325789
1551 5.169974575325789
1552 5.169974575325789
1553 5.169974575325789
1554 5.169974575325789
1555 4.142895559633099
1556 4.142895559633099
1557 4.142895559633099
1558 4.142895559633099
1559 4.142895559633099
1560 2.2026438966132567
1561 2.2026438966132567
1562 2.2026438966132567
1563 2.2026438966132567
1564 1.4862869027941874
1565 1.4862869027941874
1566 1.4862869027941874
1567 1.4862869027941874
1568 1.4862869027941874
1569 0.6761005839573941
1570 2.9056705693197147
1571 2.9056705693197147
1572 2.9056705693197147
1573 2.9056705693197147
1574 2.9056705693197147
1575 3.218992575204408
1576 3.218992575204408
1577 3.218992575204408
1578 3.218992575204408
1579 3.218992575204408
1580 3.642231242131226
1581 3.642231242131226
1582 3.642231242131226
1583 4.582572112539216
1584 4.582572112539216
1585 4.582572112539216
1586 4.582572112539216
1587 4.582572112539216
1588 4.074623290114533
1589 4.074623290114533
1590 4.074623290114533
1591 4.074623290114533
1592 4.074623290114533
1593 4.812995827619194
1594 4.812995827619194
1595 4.812995827619194
1596 4.812995827619194
1597 1.7674624262925682
1598 1.7674624262925682
1599 1.7674624262925682
1600 1.7674624262925682
1601 1.7674624262925682
1602 2.0843842239208037
1603 5.09345298268705
1604 5.09345298268705
1605 5.09345298268705
1606 5.09345298268705
1607 5.09345298268705
1608 4.30101224959686
1609 4.30101224959686
1610 1.9150574226810688
1611 1.9150574226810688
1612 1.9150574226810688
1613 1.9150574226810688
1614 1.9150574226810688
1615 1.1274863504362884
1616 1.1274863504362884
1617 1.1274863504362884
1618 1.1274863504362884
1619 1.1274863504362884
1620 2.765930711121413
1621 2.765930711121413
1622 2.765930711121413
1623 2.765930711121413
1624 2.765930711121413
1625 2.0516182669121017
1626 2.0516182669121017
1627 2.0516182669121017
1628 2.0516182669121017
1629 2.0516182669121017
1630 1.4438091109170594
1631 1.4438091109170594
1632 1.4438091109170594
1633 1.4438091109170594
1634 1.4438091109170594
1635 1.1996980047751897
1636 1.1996980047751897
1637 1.1996980047751897
1638 1.1996980047751897
1639 1.1996980047751897
1640 2.002754530769068
1641 2.002754530769068
1642 2.002754530769068
1643 2.002754530769068
1644 2.002754530769068
1645 2.3313582913942987
1646 2.3313582913942987
1647 2.3313582913942987
1648 2.3313582913942987
1649 2.3313582913942987
1650 1.4057168952179495
1651 1.4057168952179495
1652 1.4057168952179495
1653 2.7187567703867965
1654 2.7187567703867965
1655 2.7187567703867965
1656 2.7187567703867965
1657 2.7187567703867965
1658 3.05898624935858
1659 3.05898624935858
1660 3.05898624935858
1661 3.05898624935858
1662 3.05898624935858
1663 3.328639820845033
1664 3.328639820845033
1665 3.328639820845033
1666 3.328639820845033
1667 3.328639820845033
1668 4.001485647700997
1669 4.001485647700997
1670 4.001485647700997
1671 4.001485647700997
1672 4.001485647700997
1673 3.8685727720423073
1674 3.8685727720423073
1675 3.8685727720423073
1676 3.8685727720423073
1677 3.8685727720423073
1678 3.6800972001874435
1679 3.6800972001874435
1680 3.6800972001874435
1681 1.3550695831789263
1682 1.3550695831789263
1683 1.3550695831789263
1684 1.3550695831789263
1685 1.3550695831789263
1686 1.2557739708866777
1687 1.2557739708866777
1688 1.2557739708866777
1689 1.2557739708866777
1690 1.2557739708866777
1691 1.330301313568741
1692 1.330301313568741
1693 1.330301313568741
1694 1.330301313568741
1695 1.330301313568741
1696 3.788885467349684
1697 3.788885467349684
1698 3.788885467349684
1699 3.788885467349684
1700 3.788885467349684
1701 3.520428748519568
1702 3.520428748519568
1703 3.520428748519568
1704 3.520428748519568
1705 3.520428748519568
1706 1.7691517255998988
1707 1.7691517255998988
1708 1.7691517255998988
1709 1.7691517255998988
1710 1.7691517255998988
1711 2.5680911926203094
1712 2.5680911926203094
1713 2.5680911926203094
1714 2.5680911926203094
1715 2.5680911926203094
1716 4.7763036740068685
1717 4.7763036740068685
1718 4.7763036740068685
1719 4.7763036740068685
1720 4.7763036740068685
1721 2.5359686520340823
1722 2.5359686520340823
1723 2.5359686520340823
1724 2.5359686520340823
1725 2.5359686520340823
1726 2.4648148454302166
1727 2.4648148454302166
1728 2.4648148454302166
1729 3.626534969413173
1730 3.626534969413173
1731 3.626534969413173
1732 3.626534969413173
1733 3.626534969413173
1734 4.3852901637839325
1735 4.3852901637839325
1736 4.3852901637839325
1737 4.3852901637839325
1738 4.3852901637839325
1739 3.8633352915707864
1740 3.8633352915707864
1741 3.8633352915707864
1742 3.8633352915707864
1743 3.8633352915707864
1744 3.9467202883234194
1745 3.9467202883234194
1746 3.9467202883234194
1747 3.9467202883234194
1748 3.9467202883234194
1749 5.208901092065517
1750 5.208901092065517
1751 5.208901092065517
1752 5.208901092065517
1753 5.208901092065517
1754 3.0405279342224443
1755 3.0405279342224443
1756 2.5882699647130845
1757 2.5882699647130845
1758 2.5882699647130845
1759 2.5882699647130845
1760 2.5882699647130845
1761 3.306527128366536
1762 3.306527128366536
1763 3.306527128366536
1764 3.306527128366536
1765 3.306527128366536
1766 1.8497724175490557
1767 1.8497724175490557
1768 1.8497724175490557
1769 1.8497724175490557
1770 1.8497724175490557
1771 1.9456312249214174
1772 1.9456312249214174
1773 1.9456312249214174
1774 1.9456312249214174
1775 1.9456312249214174
1776 1.6121304713128322
1777 1.6121304713128322
1778 1.6121304713128322
1779 1.6121304713128322
1780 1.6121304713128322
1781 3.1128808288485845
1782 3.1128808288485845
1783 3.1128808288485845
1784 3.1128808288485845
1785 3.1128808288485845
1786 5.295685969764242
1787 5.295685969764242
1788 5.295685969764242
1789 5.295685969764242
1790 5.295685969764242
1791 0.987147736953653
1792 0.987147736953653
1793 0.987147736953653
1794 0.987147736953653
1795 0.987147736953653
1796 3.33992943362923
1797 3.33992943362923
1798 3.33992943362923
1799 3.33992943362923
1800 3.33992943362923
1801 2.665485897218892
1802 2.665485897218892
1803 2.665485897218892
1804 2.665485897218892
1805 2.665485897218892
1806 2.676721492290295
1807 2.676721492290295
1808 2.676721492290295
1809 2.676721492290295
1810 2.676721492290295
1811 2.532035325516113
1812 2.532035325516113
1813 2.532035325516113
1814 2.532035325516113
1815 2.532035325516113
1816 3.782147239595273
1817 3.782147239595273
1818 3.782147239595273
1819 3.782147239595273
1820 3.782147239595273
1821 3.3474936113099245
1822 3.3474936113099245
1823 3.3474936113099245
1824 3.3474936113099245
1825 3.3474936113099245
1826 2.3605943278387693
1827 2.3605943278387693
1828 2.3605943278387693
1829 2.3605943278387693
1830 2.3605943278387693
1831 3.2357794479265714
1832 3.2357794479265714
1833 3.2357794479265714
1834 3.2357794479265714
1835 3.2357794479265714
1836 3.455013460678216
1837 3.455013460678216
1838 3.455013460678216
1839 3.455013460678216
1840 3.455013460678216
1841 2.43367963599232
1842 3.908802501669246
1843 3.908802501669246
1844 3.908802501669246
1845 1.9067743731461597
1846 1.9067743731461597
1847 1.9067743731461597
1848 1.9067743731461597
1849 1.9067743731461597
1850 1.5553322716461178
1851 1.5553322716461178
1852 1.5553322716461178
1853 1.5553322716461178
1854 1.5553322716461178
1855 1.7281913747737578
1856 1.7281913747737578
1857 1.7281913747737578
1858 1.7281913747737578
1859 1.7281913747737578
1860 1.8461640588853498
1861 1.8461640588853498
1862 1.8461640588853498
1863 1.8461640588853498
1864 1.8461640588853498
1865 1.5306910490486276
1866 1.5306910490486276
1867 1.5306910490486276
1868 1.5306910490486276
1869 1.5306910490486276
1870 1.2683984727312896
1871 1.2683984727312896
1872 1.2683984727312896
1873 1.2683984727312896
1874 1.2683984727312896
1875 0.960367900934542
1876 0.960367900934542
1877 0.960367900934542
1878 0.960367900934542
1879 0.960367900934542
1880 1.546944022955717
1881 1.546944022955717
1882 1.546944022955717
1883 1.546944022955717
1884 2.7161236653808705
1885 2.7161236653808705
1886 2.7161236653808705
1887 2.7161236653808705
1888 2.7161236653808705
1889 3.1906441660823064
1890 2.4482275629310157
1891 2.4482275629310157
1892 2.4482275629310157
1893 2.4482275629310157
1894 2.4482275629310157
1895 1.204139570801305
1896 1.204139570801305
1897 1.204139570801305
1898 1.204139570801305
1899 1.204139570801305
1900 0.5195520629999156
1901 0.5195520629999156
1902 0.5195520629999156
1903 0.5195520629999156
1904 0.5195520629999156
1905 0.8186747444783882
1906 0.8186747444783882
1907 0.8186747444783882
1908 0.8186747444783882
1909 0.8186747444783882
1910 0.5441712406633619
1911 0.5441712406633619
1912 0.5441712406633619
1913 0.959290303010341
1914 3.6349192294433847
1915 3.6349192294433847
1916 3.6349192294433847
1917 3.6349192294433847
1918 3.6349192294433847
1919 4.928406292586498
1920 4.928406292586498
1921 4.928406292586498
1922 4.928406292586498
1923 4.928406292586498
1924 6.177537009402078
1925 6.177537009402078
1926 6.177537009402078
1927 6.177537009402078
1928 6.177537009402078
1929 0.5994199101511837
1930 0.5994199101511837
1931 0.5994199101511837
1932 0.5994199101511837
1933 0.5994199101511837
1934 1.6198025544752201
1935 1.6198025544752201
1936 1.6198025544752201
1937 1.6198025544752201
1938 1.6198025544752201
1939 2.136084629498545
1940 2.136084629498545
1941 2.136084629498545
1942 2.136084629498545
1943 2.136084629498545
1944 1.4396180315765066
1945 1.4396180315765066
1946 2.912201255860438
1947 2.912201255860438
1948 2.912201255860438
1949 2.912201255860438
1950 2.912201255860438
1951 2.361513009407023
1952 2.361513009407023
1953 2.361513009407023
1954 2.361513009407023
1955 2.361513009407023
1956 2.1608889288352016
1957 2.1608889288352016
1958 0.19937625614107182
1959 0.19937625614107182
1960 0.19937625614107182
1961 0.19937625614107182
1962 0.19937625614107182
1963 0.13115218558942993
1964 0.13115218558942993
1965 0.13115218558942993
1966 0.13115218558942993
1967 0.13115218558942993
1968 0.2634025040494987
1969 0.2634025040494987
1970 0.2634025040494987
1971 0.2634025040494987
1972 0.2634025040494987
1973 0.17016585300898093
1974 0.17016585300898093
1975 0.17016585300898093
1976 0.17016585300898093
1977 0.17016585300898093
1978 0.23482039158089496
1979 0.23482039158089496
1980 0.23482039158089496
1981 0.23482039158089496
1982 0.23482039158089496
1983 0.22503379676610447
1984 0.22503379676610447
1985 0.22503379676610447
1986 0.22503379676610447
1987 3.118487182056834
1988 3.118487182056834
1989 3.118487182056834
1990 3.118487182056834
1991 2.688348906685381
1992 2.688348906685381
1993 2.688348906685381
1994 2.688348906685381
1995 2.688348906685381
1996 3.1324111434930093
1997 3.1324111434930093
1998 3.4263705131557627
1999 3.4263705131557627
