0 0.24634396095433467
1 0.24634396095433467
2 0.23408728018495278
3 0.23408728018495278
4 0.3243785297890939
5 0.3243785297890939
6 0.24892227827952598
7 0.24892227827952598
8 0.2952705450050533
9 0.2952705450050533
10 0.23039104658666107
11 0.23039104658666107
12 0.29246775637307915
13 0.29246775637307915
14 0.12417443193535517
15 0.12417443193535517
16 0.18341773775805936
17 0.18341773775805936
18 0.5084578526345092
19 0.5084578526345092
20 0.260732083545542
21 0.260732083545542
22 0.34655554758265733
23 0.34655554758265733
24 0.1
25 0.1
26 0.11896168657455806
27 0.11896168657455806
28 0.20817953276506312
29 0.20817953276506312
30 0.22742414347728057
31 0.22742414347728057
32 0.23660893948430814
33 0.23660893948430814
34 0.1421155456579732
35 0.1421155456579732
36 0.1
37 0.1
38 0.23067888825729713
39 0.23067888825729713
40 0.20120018073471196
41 0.20120018073471196
42 0.2463507848854649
43 0.2463507848854649
44 0.2726812948905427
45 0.2726812948905427
46 0.2007596919925377
47 0.2007596919925377
48 0.2673727315999843
49 0.2673727315999843
50 0.1
51 3.3641333413896684
52 3.3641333413896684
53 1.8005863287226198
54 1.8005863287226198
55 2.089555742615179
56 2.089555742615179
57 2.889223926573042
58 2.889223926573042
59 4.46663198196912
60 4.46663198196912
61 3.9857047468015687
62 3.9857047468015687
63 2.784497950147488
64 2.784497950147488
65 2.358273095619759
66 2.358273095619759
67 5.3102576853007175
68 5.3102576853007175
69 1.5863925383419235
70 1.5863925383419235
71 2.277425893023088
72 2.277425893023088
73 2.7630359603885513
74 2.7630359603885513
75 2.2170945097236237
76 2.2170945097236237
77 2.0679853839922515
78 2.0679853839922515
79 3.211283532343349
80 3.211283532343349
81 3.4580239065477216
82 3.4580239065477216
83 4.472944172877597
84 4.472944172877597
85 3.216691700690788
86 3.216691700690788
87 5.382386307551924
88 5.382386307551924
89 3.5447846610214793
90 3.5447846610214793
91 0.9394497965233708
92 0.9394497965233708
93 2.4418190736492384
94 2.4418190736492384
95 2.234038291155891
96 2.234038291155891
97 2.54846205058104
98 2.54846205058104
99 2.093790925091012
100 2.093790925091012
101 2.3395582153695305
102 2.3395582153695305
103 3.991308636628564
104 3.991308636628564
105 2.3714062928119692
106 2.3714062928119692
107 2.136792943815114
108 2.136792943815114
109 2.789055409084459
110 2.789055409084459
111 3.7455523902791823
112 3.7455523902791823
113 1.1755137759475738
114 1.1755137759475738
115 2.3890615641429203
116 2.3890615641429203
117 3.2127768136433033
118 3.2127768136433033
119 1.8136689250280367
120 1.8136689250280367
121 2.346686868014584
122 2.346686868014584
123 3.9776626408305504
124 3.9776626408305504
125 1.0643592704379012
126 1.0643592704379012
127 0.8998987381255605
128 0.8998987381255605
129 2.2883118624927343
130 2.2883118624927343
131 3.108803830883692
132 3.108803830883692
133 1.6115603573998634
134 1.6115603573998634
135 1.4074760733584344
136 1.4074760733584344
137 2.9875254516683207
138 2.9875254516683207
139 3.7203162801955765
140 3.7203162801955765
141 2.288376477860436
142 2.288376477860436
143 1.7250771335677508
144 1.7250771335677508
145 2.338072749132512
146 2.338072749132512
147 1.7780442276438029
148 1.7780442276438029
149 4.447882278993565
150 4.447882278993565
151 2.721662897795643
152 2.721662897795643
153 1.352549357905459
154 1.352549357905459
155 2.946178058877597
156 2.946178058877597
157 4.101465868162969
158 4.101465868162969
159 2.301901705976453
160 2.301901705976453
161 3.8141637023569874
162 3.8141637023569874
163 0.1
164 0.1
165 3.347728781593257
166 3.347728781593257
167 4.623227980103778
168 4.623227980103778
169 0.8092257043411359
170 0.8092257043411359
171 1.802438900082576
172 1.802438900082576
173 1.2533767190216016
174 1.2533767190216016
175 1.146341253040779
176 1.146341253040779
177 1.4781057411429948
178 1.4781057411429948
179 2.1445938962201465
180 2.1445938962201465
181 2.931773683296319
182 2.931773683296319
183 0.17725902095057888
184 0.17725902095057888
185 2.0428054868198355
186 2.0428054868198355
187 5.171333608740517
188 5.171333608740517
189 2.6002928465082853
190 2.6002928465082853
191 1.1179621538571987
192 1.1179621538571987
193 3.278407064912865
194 3.278407064912865
195 2.47654872442738
196 2.47654872442738
197 1.265721951512704
198 1.265721951512704
199 2.8179328715119274
200 2.8179328715119274
201 2.8936337806488774
202 2.8936337806488774
203 2.4253582302987544
204 2.4253582302987544
205 1.808659543730152
206 1.808659543730152
207 2.6982473096076935
208 2.6982473096076935
209 3.6505202475442307
210 3.6505202475442307
211 0.4104404804096826
212 0.4104404804096826
213 4.340880180220778
214 4.340880180220778
215 2.9816622354285887
216 2.9816622354285887
217 4.738117346952952
218 4.738117346952952
219 1.5667649377233899
220 1.5667649377233899
221 2.816806460148901
222 2.816806460148901
223 0.7881802160554454
224 0.7881802160554454
225 3.9455651342183318
226 3.9455651342183318
227 3.069187953712432
228 3.069187953712432
229 3.518443610714061
230 3.518443610714061
231 3.7237290844901683
232 3.7237290844901683
233 1.842867147265248
234 1.842867147265248
235 1.0595911344652789
236 1.0595911344652789
237 3.7703669838876346
238 3.7703669838876346
239 3.5932881386566096
240 3.5932881386566096
241 2.9975998243570188
242 2.9975998243570188
243 2.0487532541100646
244 2.0487532541100646
245 3.9134593706391656
246 3.9134593706391656
247 2.2673906927418144
248 2.2673906927418144
249 1.6229750777523342
250 1.6229750777523342
251 1.0360497514029017
252 1.0360497514029017
253 3.8955081374747564
254 3.8955081374747564
255 1.7837691747500393
256 1.7837691747500393
257 0.3160168826073604
258 0.3160168826073604
259 1.0106661353380442
260 1.0106661353380442
261 2.0244507624971093
262 2.0244507624971093
263 2.5667179272544347
264 2.5667179272544347
265 1.0451687024537928
266 1.0451687024537928
267 0.9785663578116335
268 0.9785663578116335
269 1.6238398234803455
270 1.6238398234803455
271 0.47503147134326706
272 0.47503147134326706
273 3.8281844960792
274 3.8281844960792
275 3.305252093889562
276 3.305252093889562
277 5.533828091973593
278 5.533828091973593
279 0.1
280 0.1
281 1.1608978109289636
282 1.1608978109289636
283 3.2568703304906648
284 3.2568703304906648
285 3.068534333828083
286 3.068534333828083
287 4.088079276856476
288 4.088079276856476
289 0.6238349279445174
290 0.6238349279445174
291 2.2377137754177623
292 2.2377137754177623
293 2.874374243386259
294 2.874374243386259
295 2.443408338196658
296 2.443408338196658
297 2.4474426601236234
298 2.4474426601236234
299 2.9174926184487986
300 2.9174926184487986
301 2.0416127885381745
302 2.0416127885381745
303 2.206128997287152
304 2.206128997287152
305 3.3334968897498136
306 3.3334968897498136
307 2.5450769880402926
308 2.5450769880402926
309 0.25420493975425984
310 0.25420493975425984
311 2.4683125516340834
312 2.4683125516340834
313 0.8410557160563763
314 0.8410557160563763
315 3.1399732072261695
316 3.1399732072261695
317 2.237985265397384
318 2.237985265397384
319 2.6259807409363507
320 2.6259807409363507
321 0.42643804945553354
322 0.42643804945553354
323 1.3951611063920484
324 1.3951611063920484
325 3.1870171200185475
326 3.1870171200185475
327 1.1748804505266843
328 1.1748804505266843
329 3.308949603563637
330 3.308949603563637
331 3.8007463932499297
332 7.957989117053127
333 7.957989117053127
334 6.444532097505932
335 6.444532097505932
336 1.83576121762382
337 1.83576121762382
338 5.058096708942063
339 5.058096708942063
340 0.4141614434300367
341 0.4141614434300367
342 0.2045285886728503
343 0.2045285886728503
344 2.4595170709398664
345 2.4595170709398664
346 1.0032791403844477
347 1.0032791403844477
348 0.5068570560639547
349 0.5068570560639547
350 1.1136436855672724
351 1.1136436855672724
352 1.4295000341677824
353 1.4295000341677824
354 1.3563550983385526
355 1.3563550983385526
356 3.5090903140483025
357 3.5090903140483025
358 1.8457840653782902
359 1.8457840653782902
360 3.7040391249697597
361 3.7040391249697597
362 1.1511515289777314
363 1.1511515289777314
364 1.4539871107811326
365 1.4539871107811326
366 1.890470485033143
367 1.890470485033143
368 1.3135638137297487
369 1.3135638137297487
370 2.271921578968104
371 2.271921578968104
372 0.7575911357283663
373 0.7575911357283663
374 2.341954229064667
375 2.341954229064667
376 1.5632749898455762
377 1.5632749898455762
378 0.6687356892911184
379 0.6687356892911184
380 0.9055479760387184
381 0.9055479760387184
382 1.0982978958704628
383 1.0982978958704628
384 0.1
385 0.1
386 2.0337629026535455
387 2.0337629026535455
388 1.3612237152619286
389 1.3612237152619286
390 0.44937977914454774
391 0.44937977914454774
392 1.6347231678433625
393 1.6347231678433625
394 0.6183570801242863
395 0.6183570801242863
396 1.9489745853239722
397 1.9489745853239722
398 0.9286324826945555
399 0.9286324826945555
400 2.25599129101664
401 2.25599129101664
402 2.419847748880101
403 2.419847748880101
404 2.5580269659425126
405 2.5580269659425126
406 0.9148807824996124
407 0.9148807824996124
408 1.3340462236049715
409 1.3340462236049715
410 1.0776820582750781
411 1.0776820582750781
412 2.963768485007022
413 2.963768485007022
414 2.469372659102519
415 2.469372659102519
416 1.6705257160280418
417 1.6705257160280418
418 1.324991395005115
419 1.324991395005115
420 2.9778227410473184
421 2.9778227410473184
422 1.5654124651414352
423 1.5654124651414352
424 2.3702892427216327
425 2.3702892427216327
426 1.0811462752340253
427 1.0811462752340253
428 1.6931870218447411
429 1.6931870218447411
430 1.006773302975089
431 1.006773302975089
432 2.502984643287232
433 2.502984643287232
434 1.1393342261752264
435 1.1393342261752264
436 1.3712306398321696
437 1.3712306398321696
438 2.365129620106406
439 2.365129620106406
440 1.916219836183026
441 1.916219836183026
442 1.811969495853149
443 1.811969495853149
444 1.7932824059876897
445 1.7932824059876897
446 2.993210599763323
447 2.993210599763323
448 1.9845163649595734
449 1.9845163649595734
450 2.2142912555264167
451 2.2142912555264167
452 0.5134902743462311
453 0.5134902743462311
454 1.098354443271836
455 1.098354443271836
456 1.9807191374203879
457 1.9807191374203879
458 3.5366299760636792
459 3.5366299760636792
460 1.5783458044866696
461 1.5783458044866696
462 0.9567086949369316
463 0.9567086949369316
464 0.1
465 0.1
466 2.5459824221014142
467 2.5459824221014142
468 1.9246824225172459
469 1.9246824225172459
470 0.1
471 0.1
472 1.0977086403143308
473 1.0977086403143308
474 1.2648555871706397
475 1.2648555871706397
476 0.8271444469943111
477 0.8271444469943111
478 1.7554713394065282
479 1.7554713394065282
480 1.600829276613708
481 1.600829276613708
482 0.5329671622613392
483 0.5329671622613392
484 1.2196616504223585
485 1.2196616504223585
486 0.973437246380427
487 0.973437246380427
488 3.1423955734986255
489 3.1423955734986255
490 2.0643224362987924
491 2.0643224362987924
492 1.4276933542239882
493 1.4276933542239882
494 2.654107813443794
495 2.654107813443794
496 1.4399325226550619
497 1.4399325226550619
498 0.8515786671405522
499 0.8515786671405522
500 1.9034482925889866
501 1.9034482925889866
502 0.589101627855525
503 0.589101627855525
504 0.7844966908973446
505 0.7844966908973446
506 0.492093359607112
507 0.492093359607112
508 1.7713470310667256
509 1.7713470310667256
510 1.7657280152113726
511 1.7657280152113726
512 0.8325113575858631
513 0.8325113575858631
514 0.51561178839526
515 0.51561178839526
516 1.4326637882515327
517 1.4326637882515327
518 0.24749181671121911
519 0.24749181671121911
520 1.3364503556043068
521 1.3364503556043068
522 0.5756578014821789
523 0.5756578014821789
524 1.7315213970314787
525 1.7315213970314787
526 0.7581359709321389
527 0.7581359709321389
528 1.5942113703761398
529 1.5942113703761398
530 0.5132441499484283
531 0.5132441499484283
532 1.914768335429999
533 1.914768335429999
534 0.9931378737533776
535 0.9931378737533776
536 1.7136283672344335
537 1.7136283672344335
538 0.5697399713840073
539 0.5697399713840073
540 0.9945555583088369
541 0.9945555583088369
542 1.2395406254127217
543 1.2395406254127217
544 3.105411361961954
545 3.105411361961954
546 2.7055595124955505
547 2.7055595124955505
548 2.771852022936173
549 2.771852022936173
550 1.1602640114079321
551 1.1602640114079321
552 1.7278869949131581
553 1.7278869949131581
554 3.6527892476772434
555 3.6527892476772434
556 5.355739248945787
557 5.355739248945787
558 5.909116059721789
559 5.909116059721789
560 3.1416508087607236
561 3.1416508087607236
562 5.057182384467825
563 5.057182384467825
564 3.6726200214617806
565 3.6726200214617806
566 4.750789682737755
567 4.750789682737755
568 6.192696644341736
569 6.192696644341736
570 6.038383418826432
571 0.6890387589333199
572 0.6890387589333199
573 0.24055515696507834
574 0.24055515696507834
575 0.11151678797988618
576 0.11151678797988618
577 0.6894701562614044
578 0.6894701562614044
579 0.6836485296606015
580 0.6836485296606015
581 0.3596681123182609
582 0.3596681123182609
583 0.5115321617081676
584 0.5115321617081676
585 0.8982324566940196
586 0.8982324566940196
587 0.7624848534745767
588 0.7624848534745767
589 0.3743014898104663
590 0.3743014898104663
591 0.3703015114609551
592 0.3703015114609551
593 0.8471803555975873
594 0.8471803555975873
595 1.2323290068647714
596 1.2323290068647714
597 1.1513094670190982
598 1.1513094670190982
599 0.802593032948724
600 0.802593032948724
601 0.3361803634729636
602 0.3361803634729636
603 0.5769507888089036
604 0.5769507888089036
605 1.3333576544115882
606 1.3333576544115882
607 1.063992590546032
608 1.063992590546032
609 0.9831824216544478
610 0.9831824216544478
611 0.91729101663514
612 0.91729101663514
613 0.34076887246285026
614 0.34076887246285026
615 1.2736259000220818
616 1.2736259000220818
617 0.7378132992233544
618 0.7378132992233544
619 0.2882093152788424
620 0.2882093152788424
621 0.7196601142571193
622 0.7196601142571193
623 0.32148359452465725
624 0.32148359452465725
625 0.45879335075216543
626 0.45879335075216543
627 0.5701210850155434
628 0.5701210850155434
629 0.6897548092697754
630 0.6897548092697754
631 0.13955307251347315
632 0.13955307251347315
633 0.1
634 0.1
635 0.7553057816256653
636 0.7553057816256653
637 1.1418647025459463
638 1.1418647025459463
639 1.2283195711291892
640 1.2283195711291892
641 0.10458765952045523
642 0.10458765952045523
643 0.8530142558322502
644 0.8530142558322502
645 0.1
646 0.1
647 0.5752772361681752
648 0.5752772361681752
649 0.4567319147034734
650 0.4567319147034734
651 0.539641818333827
652 0.539641818333827
653 0.9237819404127039
654 0.9237819404127039
655 0.669088461143504
656 0.669088461143504
657 0.9632985579775188
658 0.9632985579775188
659 0.4449813017096126
660 0.4449813017096126
661 0.4213382070635846
662 0.4213382070635846
663 0.6008173045211751
664 0.6008173045211751
665 0.9786849468520435
666 0.9786849468520435
667 0.1702741992460755
668 0.1702741992460755
669 0.16733395915429844
670 0.16733395915429844
671 1.0018722247567324
672 1.0018722247567324
673 0.9802026859669468
674 0.9802026859669468
675 0.6763862583984876
676 0.6763862583984876
677 0.3121737751501575
678 0.3121737751501575
679 0.22966675253120372
680 0.22966675253120372
681 0.9215561921714975
682 0.9215561921714975
683 0.7852850321499825
684 0.7852850321499825
685 0.5626317368899184
686 0.5626317368899184
687 0.7119626020269234
688 0.7119626020269234
689 0.7950389035489198
690 0.7950389035489198
691 0.2184055892101947
692 0.2184055892101947
693 1.2020376978621785
694 1.2020376978621785
695 0.26681101939063334
696 0.26681101939063334
697 0.9446762078747006
698 0.9446762078747006
699 0.4470977046324085
700 0.4470977046324085
701 0.6156600936201381
702 0.6156600936201381
703 3.977384477805389
704 3.977384477805389
705 4.4844733309074085
706 4.4844733309074085
707 4.719581229891732
708 4.719581229891732
709 5.683560371672315
710 5.683560371672315
711 0.1
712 0.1
713 2.886893439601445
714 2.886893439601445
715 2.6490817983608075
716 2.6490817983608075
717 2.0341071078889716
718 2.0341071078889716
719 6.518311001821347
720 6.518311001821347
721 2.600477047538492
722 2.600477047538492
723 1.750818467717448
724 1.750818467717448
725 0.6207542767937997
726 0.6207542767937997
727 3.683932694974857
728 3.683932694974857
729 3.3984218320122164
730 3.3984218320122164
731 4.406503927615925
732 4.406503927615925
733 3.0559856047715246
734 3.0559856047715246
735 0.1
736 0.1
737 5.157685119462575
738 5.157685119462575
739 3.012072058703054
740 0.1
741 0.1
742 1.1410745263174358
743 1.1410745263174358
744 0.21503537582634918
745 0.21503537582634918
746 1.0750577718292835
747 1.0750577718292835
748 0.1
749 0.1
750 0.7020504902829774
751 0.7020504902829774
752 0.39661940696742337
753 0.39661940696742337
754 0.5733619866892093
755 0.5733619866892093
756 0.9968719784909901
757 0.9968719784909901
758 0.9441752559601988
759 0.9441752559601988
760 0.3100961572670715
761 0.3100961572670715
762 0.6569954804225162
763 0.6569954804225162
764 0.8234701249705071
765 0.8234701249705071
766 0.6216302365834486
767 0.6216302365834486
768 0.8150460098755077
769 0.8150460098755077
770 1.1873732831596882
771 1.1873732831596882
772 0.973602246077782
773 0.973602246077782
774 0.3324954315349955
775 0.3324954315349955
776 0.1
777 0.1
778 0.2766176594431297
779 0.2766176594431297
780 0.10914466032961279
781 0.10914466032961279
782 0.3710095796999128
783 0.3710095796999128
784 0.8619904756822427
785 0.8619904756822427
786 0.48034931703837647
787 0.48034931703837647
788 0.7309049670542138
789 0.7309049670542138
790 0.44456650502582007
791 0.44456650502582007
792 0.7109867866867287
793 0.7109867866867287
794 0.41654785192495414
795 0.41654785192495414
796 1.2248443185399616
797 1.2248443185399616
798 0.5658985132816821
799 0.5658985132816821
800 0.1
801 0.1
802 0.4323092386932788
803 0.4323092386932788
804 0.34037439092226157
805 0.34037439092226157
806 0.1
807 0.1
808 0.9024393367085712
809 0.9024393367085712
810 0.34489380856097723
811 0.34489380856097723
812 0.4110459461250518
813 0.4110459461250518
814 0.15260852862062135
815 0.15260852862062135
816 0.49005485585706365
817 0.49005485585706365
818 1.0673484803881492
819 1.0673484803881492
820 0.5914755630483383
821 0.5914755630483383
822 0.5524310593489332
823 0.5524310593489332
824 0.8787849359261805
825 0.8787849359261805
826 0.16658046734837612
827 0.16658046734837612
828 0.37814820188585335
829 0.37814820188585335
830 0.8490923380699462
831 0.8490923380699462
832 1.0298136345871332
833 1.0298136345871332
834 0.751506091328151
835 0.751506091328151
836 0.7067768249310183
837 0.7067768249310183
838 0.18650372416678285
839 0.18650372416678285
840 0.608064370933804
841 0.608064370933804
842 0.41710549331673696
843 0.41710549331673696
844 0.6453363378729464
845 0.6453363378729464
846 0.15698176819287263
847 0.15698176819287263
848 0.9969023085073782
849 0.9969023085073782
850 1.4818578176349928
851 1.4818578176349928
852 0.560852879349456
853 0.560852879349456
854 0.1
855 2.174921467478313
856 2.174921467478313
857 1.025388127761004
858 1.025388127761004
859 2.2849269382558672
860 2.2849269382558672
861 1.8536777311085846
862 1.8536777311085846
863 1.2380080338474517
864 1.2380080338474517
865 2.33367596104659
866 2.33367596104659
867 0.36354035744830027
868 0.36354035744830027
869 1.5099743102855356
870 1.5099743102855356
871 1.9951931074820917
872 1.9951931074820917
873 0.9804398778042223
874 0.9804398778042223
875 2.2831146222405723
876 2.2831146222405723
877 1.2357525016823476
878 1.2357525016823476
879 1.0271144243995693
880 1.0271144243995693
881 1.2196823089187274
882 1.2196823089187274
883 1.091695976723607
884 1.091695976723607
885 1.2363900836798576
886 1.2363900836798576
887 2.505700414872578
888 2.505700414872578
889 1.2785104241492324
890 1.2785104241492324
891 1.0533135999030336
892 1.0533135999030336
893 2.8875975365190616
894 2.8875975365190616
895 1.2789460687847596
896 1.2789460687847596
897 0.6509553010176725
898 0.6509553010176725
899 1.5713957416973037
900 1.5713957416973037
901 2.462044356084731
902 2.462044356084731
903 1.9796665306698222
904 1.9796665306698222
905 0.1
906 0.1
907 1.522713753811916
908 1.522713753811916
909 1.003927493795838
910 1.003927493795838
911 0.5229863498770297
912 0.5229863498770297
913 2.1308497250135607
914 2.1308497250135607
915 1.019630174288344
916 1.019630174288344
917 0.9002926835113102
918 0.9002926835113102
919 1.2161759573879294
920 1.2161759573879294
921 0.6558553053049535
922 0.6558553053049535
923 0.41211819409680706
924 0.41211819409680706
925 0.7746106585527132
926 0.7746106585527132
927 0.7287304469255917
928 0.7287304469255917
929 1.2252062270729924
930 1.2252062270729924
931 1.0419618373928543
932 1.0419618373928543
933 0.38527208213248865
934 0.38527208213248865
935 2.4436719691233417
936 2.4436719691233417
937 1.3332665409894926
938 1.3332665409894926
939 1.4202837660628282
940 1.4202837660628282
941 1.581264853467647
942 1.581264853467647
943 2.250931472296228
944 2.250931472296228
945 1.9855418747180864
946 1.9855418747180864
947 1.2280521117650998
948 1.2280521117650998
949 1.4437380727633258
950 1.4437380727633258
951 2.1078003877988625
952 2.1078003877988625
953 1.159720528163431
954 1.159720528163431
955 2.257975459592875
956 2.257975459592875
957 0.718121227536099
958 0.718121227536099
959 2.1150536688374
960 2.1150536688374
961 1.6577578311808678
962 1.6577578311808678
963 4.035537277766862
964 4.035537277766862
965 4.916643069126742
966 4.916643069126742
967 0.36584460941148755
968 0.36584460941148755
969 2.5893515707790247
970 2.5893515707790247
971 0.6584775024355398
972 0.6584775024355398
973 3.9560203552291786
974 3.9560203552291786
975 3.959281082988164
976 3.959281082988164
977 0.5335268874485393
978 0.5335268874485393
979 1.9003787487782529
980 1.9003787487782529
981 3.824894833616046
982 3.824894833616046
983 3.9425421533802183
984 3.9425421533802183
985 1.1666322257372972
986 1.1666322257372972
987 1.683979266993715
988 1.683979266993715
989 4.407715861976956
990 4.407715861976956
991 0.1
992 0.1
993 1.914988195980166
994 1.914988195980166
995 6.2710287806301395
996 6.2710287806301395
997 6.9323945199610275
998 6.9323945199610275
999 3.1473450633232565
1000 3.1473450633232565
1001 0.42350959220557804
1002 0.42350959220557804
1003 4.034221172904074
1004 4.034221172904074
1005 2.8101968423816377
1006 2.8101968423816377
1007 1.9344318567915062
1008 1.9344318567915062
1009 4.534060086944031
1010 4.534060086944031
1011 4.426998116819542
1012 4.426998116819542
1013 3.756997743745567
1014 3.756997743745567
1015 0.9893983020457711
1016 0.9893983020457711
1017 5.888861872067443
1018 5.888861872067443
1019 4.217542245693013
1020 4.217542245693013
1021 1.6393596741990684
1022 1.6393596741990684
1023 3.2670205166898283
1024 3.2670205166898283
1025 4.391234592848182
1026 4.391234592848182
1027 6.3915616030468705
1028 6.3915616030468705
1029 2.815851431220338
1030 2.815851431220338
1031 3.4367970211902046
1032 3.4367970211902046
1033 2.146227051584967
1034 2.146227051584967
1035 5.471295556900226
1036 5.471295556900226
1037 3.9533979156963643
1038 3.9533979156963643
1039 2.446430656235199
1040 2.446430656235199
1041 6.782159879361027
1042 6.782159879361027
1043 4.3797869247667025
1044 4.3797869247667025
1045 1.3808041316482735
1046 1.3808041316482735
1047 0.602923291435316
1048 0.602923291435316
1049 5.444696959963676
1050 5.444696959963676
1051 3.0493404954939756
1052 3.0493404954939756
1053 5.211772545039094
1054 5.211772545039094
1055 3.8222089874124765
1056 3.8222089874124765
1057 2.651445224504946
1058 2.651445224504946
1059 3.987880954515045
1060 3.987880954515045
1061 5.452282243293726
1062 5.452282243293726
1063 0.9515210904622089
1064 0.9515210904622089
1065 2.703671922305914
1066 2.703671922305914
1067 3.5674813332584776
1068 3.5674813332584776
1069 5.453787912244911
1070 5.453787912244911
1071 8.248177582990927
1072 8.248177582990927
1073 1.5020710507082762
1074 1.5020710507082762
1075 5.069589412883127
1076 5.069589412883127
1077 1.0294281933781
1078 1.0294281933781
1079 1.8434547346051828
1080 1.8434547346051828
1081 4.278486758232716
1082 4.278486758232716
1083 3.445920696715114
1084 3.445920696715114
1085 4.014372050504933
1086 4.014372050504933
1087 2.0575360588893434
1088 2.0575360588893434
1089 3.600068747156211
1090 3.600068747156211
1091 3.494010193480483
1092 3.494010193480483
1093 3.092476303597432
1094 3.092476303597432
1095 4.768327880432841
1096 4.768327880432841
1097 4.361590216498836
1098 4.361590216498836
1099 2.1707517810585637
1100 2.1707517810585637
1101 4.995172419563334
1102 4.995172419563334
1103 0.1
1104 0.1
1105 2.261332593177488
1106 0.9256124844789044
1107 0.9256124844789044
1108 3.720752781447584
1109 3.720752781447584
1110 4.674361957772824
1111 4.674361957772824
1112 1.8777657444675557
1113 1.8777657444675557
1114 2.4954125271083045
1115 2.4954125271083045
1116 1.7725288657587255
1117 1.7725288657587255
1118 1.7127142959016435
1119 1.7127142959016435
1120 3.4266435874333894
1121 3.4266435874333894
1122 5.845831078508982
1123 5.845831078508982
1124 3.5742183214212093
1125 3.5742183214212093
1126 3.0229816050984986
1127 3.0229816050984986
1128 1.6329239705176584
1129 1.6329239705176584
1130 1.2532959173872265
1131 1.2532959173872265
1132 2.5404202833342158
1133 2.5404202833342158
1134 4.469190484719846
1135 4.469190484719846
1136 3.77545070237983
1137 3.77545070237983
1138 3.108346490564595
1139 3.108346490564595
1140 5.7818234795878105
1141 5.7818234795878105
1142 3.2129990317873247
1143 3.2129990317873247
1144 3.689279482566353
1145 3.689279482566353
1146 3.1461410165983876
1147 3.1461410165983876
1148 2.3679465706064216
1149 2.3679465706064216
1150 2.07431290533157
1151 2.07431290533157
1152 2.5703271806475767
1153 2.5703271806475767
1154 2.0071656438555343
1155 2.0071656438555343
1156 4.790268604543383
1157 4.790268604543383
1158 4.062749771017428
1159 4.062749771017428
1160 4.4676535344363515
1161 4.4676535344363515
1162 3.3695853096271122
1163 3.3695853096271122
1164 2.0425698626203137
1165 2.0425698626203137
1166 1.767671360131785
1167 1.767671360131785
1168 3.822934409363931
1169 1.875154530739703
1170 1.875154530739703
1171 0.6012447433312731
1172 0.6012447433312731
1173 1.4728974146813039
1174 1.4728974146813039
1175 1.5037931454848956
1176 1.5037931454848956
1177 0.765747750875067
1178 0.765747750875067
1179 1.9322855796069578
1180 1.9322855796069578
1181 0.5181216679739492
1182 0.5181216679739492
1183 1.749468932370295
1184 1.749468932370295
1185 1.1572197941395852
1186 1.1572197941395852
1187 1.7425865453232459
1188 1.7425865453232459
1189 0.6668670985472261
1190 0.6668670985472261
1191 1.718368672404647
1192 1.718368672404647
1193 1.3633111889787717
1194 1.3633111889787717
1195 0.8778156876254947
1196 0.8778156876254947
1197 0.7180661670844547
1198 0.7180661670844547
1199 1.0411865148954875
1200 1.0411865148954875
1201 0.9431985607263134
1202 0.9431985607263134
1203 0.43920743401824314
1204 0.43920743401824314
1205 1.4004009367165877
1206 1.4004009367165877
1207 1.7772222602437746
1208 1.7772222602437746
1209 1.9763267696722377
1210 1.9763267696722377
1211 1.5300313217074755
1212 1.5300313217074755
1213 0.11697578437353984
1214 0.11697578437353984
1215 0.1
1216 0.1
1217 0.5193316744337317
1218 0.5193316744337317
1219 1.161233377455156
1220 1.161233377455156
1221 0.5736212126528026
1222 0.5736212126528026
1223 0.8798494996878219
1224 0.8798494996878219
1225 0.9426378428837151
1226 0.9426378428837151
1227 0.4149092168482913
1228 0.4149092168482913
1229 1.9941156138006026
1230 1.9941156138006026
1231 1.5686642934458916
1232 1.5686642934458916
1233 1.3450256197863388
1234 1.3450256197863388
1235 0.17703431740944808
1236 0.17703431740944808
1237 0.8146648454963321
1238 0.8146648454963321
1239 1.6108134391213251
1240 1.6108134391213251
1241 1.859467134690846
1242 1.859467134690846
1243 1.3026624013373056
1244 1.3026624013373056
1245 0.9901919647809446
1246 0.9901919647809446
1247 0.1
1248 0.1
1249 1.0108015612192052
1250 1.0108015612192052
1251 0.48532379461711617
1252 0.48532379461711617
1253 0.1
1254 0.1
1255 1.7740709594062523
1256 1.7740709594062523
1257 0.7975962557481431
1258 0.7975962557481431
1259 1.2836749836614445
1260 1.2836749836614445
1261 1.0455965120985002
1262 1.0455965120985002
1263 0.3848289627870717
1264 0.3848289627870717
1265 0.48160915888642397
1266 0.48160915888642397
1267 0.7794968164813447
1268 0.7794968164813447
1269 1.504290621151244
1270 1.504290621151244
1271 0.9934432934655737
1272 0.9934432934655737
1273 1.1021829442210709
1274 1.1021829442210709
1275 1.3394301236256005
1276 1.3394301236256005
1277 1.7246229922246787
1278 1.7246229922246787
1279 2.1475855094625422
1280 2.1475855094625422
1281 1.6896967241647558
1282 1.6896967241647558
1283 1.3566904396792525
1284 1.3566904396792525
1285 0.6985379226321797
1286 0.6985379226321797
1287 0.8802217965106998
1288 0.8802217965106998
1289 1.4160032822318087
1290 1.4160032822318087
1291 1.0088346979296723
1292 1.0088346979296723
1293 1.593210975085136
1294 1.593210975085136
1295 0.7817924336203961
1296 0.7817924336203961
1297 2.8606125990506244
1298 2.8606125990506244
1299 2.33267636226004
1300 3.266658108783761
1301 3.266658108783761
1302 3.090809157827558
1303 3.090809157827558
1304 2.014996050839883
1305 2.014996050839883
1306 4.594410959313603
1307 4.594410959313603
1308 3.745281416626704
1309 3.745281416626704
1310 3.122863569488578
1311 3.122863569488578
1312 2.8575594751393707
1313 2.8575594751393707
1314 1.1402133697281243
1315 1.1402133697281243
1316 2.68415553389464
1317 2.68415553389464
1318 5.053809844169212
1319 5.053809844169212
1320 3.154437412887574
1321 3.154437412887574
1322 3.8509155810845113
1323 3.8509155810845113
1324 4.671271783728955
1325 4.671271783728955
1326 3.240335529439135
1327 3.240335529439135
1328 2.621008758068344
1329 2.621008758068344
1330 5.998302497003289
1331 5.998302497003289
1332 2.179423067991544
1333 2.179423067991544
1334 1.1536569194984077
1335 1.1536569194984077
1336 4.499162990430918
1337 4.499162990430918
1338 5.2392861687304535
1339 5.2392861687304535
1340 6.808040693757196
1341 6.808040693757196
1342 3.5869324240529217
1343 3.5869324240529217
1344 3.8139300775954617
1345 3.8139300775954617
1346 3.8238055649974005
1347 3.8238055649974005
1348 4.491366690917877
1349 4.491366690917877
1350 5.116500279246242
1351 5.116500279246242
1352 3.2945025487973236
1353 3.2945025487973236
1354 4.497666875977853
1355 4.497666875977853
1356 2.0795849281945435
1357 2.0795849281945435
1358 5.551172189659441
1359 5.551172189659441
1360 4.914901716555595
1361 4.914901716555595
1362 3.1007964358045133
1363 3.1007964358045133
1364 3.7529326181136478
1365 3.7529326181136478
1366 2.589434318119908
1367 2.589434318119908
1368 4.424563068798804
1369 4.424563068798804
1370 2.618899393214515
1371 2.618899393214515
1372 4.40462044840691
1373 4.40462044840691
1374 2.6165190477708506
1375 2.6165190477708506
1376 0.639609284134715
1377 0.639609284134715
1378 1.1421932388260532
1379 1.1421932388260532
1380 4.336130860872565
1381 4.336130860872565
1382 3.2034321162484716
1383 3.2034321162484716
1384 1.251620097220606
1385 1.251620097220606
1386 0.7547543240410599
1387 0.7547543240410599
1388 5.1811232887382115
1389 5.1811232887382115
1390 2.199389912392471
1391 2.199389912392471
1392 2.6638433265083368
1393 2.6638433265083368
1394 2.079529200232197
1395 2.079529200232197
1396 5.218496852345394
1397 0.6763253370330323
1398 0.6763253370330323
1399 0.46894554049913056
1400 0.46894554049913056
1401 1.010984123320673
1402 1.010984123320673
1403 1.3187103632656005
1404 1.3187103632656005
1405 0.6377003480644509
1406 0.6377003480644509
1407 0.3473742658744814
1408 0.3473742658744814
1409 0.6066283902500283
1410 0.6066283902500283
1411 0.7591532834712298
1412 0.7591532834712298
1413 0.6760255707209689
1414 0.6760255707209689
1415 0.22077916197298875
1416 0.22077916197298875
1417 0.4794142266531669
1418 0.4794142266531669
1419 0.1
1420 0.1
1421 0.1
1422 0.1
1423 0.3802912739663752
1424 0.3802912739663752
1425 0.7769619575302088
1426 0.7769619575302088
1427 0.689678850679364
1428 0.689678850679364
1429 0.1
1430 0.1
1431 0.5647588872659942
1432 0.5647588872659942
1433 0.5587804831827128
1434 0.5587804831827128
1435 0.18012370684100992
1436 0.18012370684100992
1437 1.0227510094549823
1438 1.0227510094549823
1439 1.333084051808176
1440 1.333084051808176
1441 1.3225766734467141
1442 1.3225766734467141
1443 2.0201963302350725
1444 2.0201963302350725
1445 0.8459085627986523
1446 0.8459085627986523
1447 1.389210192362475
1448 1.389210192362475
1449 2.1164391138516363
1450 2.1164391138516363
1451 1.1225955719434606
1452 1.1225955719434606
1453 2.5495904869036368
1454 2.5495904869036368
1455 1.1657736677229167
1456 1.1657736677229167
1457 0.8085988967133518
1458 0.8085988967133518
1459 2.148956445094711
1460 2.148956445094711
1461 2.337528059140509
1462 2.337528059140509
1463 0.6938884653717851
1464 0.6938884653717851
1465 2.064121644415083
1466 2.064121644415083
1467 1.1953131352011703
1468 1.1953131352011703
1469 0.6037467197137912
1470 0.6037467197137912
1471 0.6110203218226306
1472 0.6110203218226306
1473 2.5293847350431773
1474 2.5293847350431773
1475 0.7734641720813328
1476 0.7734641720813328
1477 2.3764445481453578
1478 2.3764445481453578
1479 2.6783037922437987
1480 2.6783037922437987
1481 1.055457638754894
1482 1.055457638754894
1483 2.015338181212625
1484 2.015338181212625
1485 3.452389487374958
1486 3.452389487374958
1487 1.171820159370831
1488 1.171820159370831
1489 1.275298245726054
1490 1.275298245726054
1491 1.1712868273640609
1492 1.1712868273640609
1493 1.1137237425243456
1494 1.1137237425243456
1495 1.1479909653869624
1496 1.1479909653869624
1497 0.8617719236858239
1498 0.8617719236858239
1499 2.804310542128335
1500 2.804310542128335
1501 2.6809067354568876
1502 2.6809067354568876
1503 0.3964735620585029
1504 0.3964735620585029
1505 0.1
1506 0.1
1507 2.3693053894178995
1508 2.3693053894178995
1509 1.240692256266824
1510 1.240692256266824
1511 2.865032651134083
1512 2.865032651134083
1513 1.057640595502481
1514 1.057640595502481
1515 1.449199538090118
1516 1.449199538090118
1517 0.524108917246968
1518 1.5096067412724659
1519 1.5096067412724659
1520 0.616404940650769
1521 0.616404940650769
1522 3.0452077084913123
1523 3.0452077084913123
1524 4.01685119070483
1525 4.01685119070483
1526 0.49456186161979865
1527 0.49456186161979865
1528 3.641193765576794
1529 3.641193765576794
1530 3.1620563908854846
1531 3.1620563908854846
1532 1.1463292529788602
1533 1.1463292529788602
1534 2.119407439670593
1535 2.119407439670593
1536 1.6720592525418856
1537 1.6720592525418856
1538 2.1673387015432732
1539 2.1673387015432732
1540 5.372293543596928
1541 5.372293543596928
1542 2.5896687060475996
1543 2.5896687060475996
1544 3.5775303691258564
1545 3.5775303691258564
1546 0.7053916160169975
1547 0.7053916160169975
1548 1.1906094604101387
1549 1.1906094604101387
1550 4.859079428858806
1551 4.859079428858806
1552 2.5148427579868806
1553 2.5148427579868806
1554 1.8668196735805629
1555 1.8668196735805629
1556 1.6774814089254837
1557 1.6774814089254837
1558 4.643024889520257
1559 4.643024889520257
1560 2.82918906942142
1561 2.82918906942142
1562 6.140348217317921
1563 6.140348217317921
1564 3.5159730080581486
1565 3.5159730080581486
1566 1.3740359846128931
1567 1.3740359846128931
1568 0.1
1569 0.1
1570 2.144499161620358
1571 2.144499161620358
1572 1.0776380687300473
1573 1.0776380687300473
1574 1.6312562556173564
1575 1.6312562556173564
1576 4.729649530049227
1577 4.729649530049227
1578 1.8551372900782193
1579 1.8551372900782193
1580 1.3712367959573026
1581 1.3712367959573026
1582 3.8024217158780944
1583 3.8024217158780944
1584 1.9789015866998652
1585 1.9789015866998652
1586 2.4999364816611607
1587 2.4999364816611607
1588 1.8165519820462253
1589 1.8165519820462253
1590 3.4096538495321687
1591 3.4096538495321687
1592 2.20302699049676
1593 2.20302699049676
1594 4.092095319387543
1595 4.092095319387543
1596 3.052619788919467
1597 3.052619788919467
1598 4.8505363516180555
1599 4.8505363516180555
1600 4.201944563245042
1601 4.201944563245042
1602 3.9322779717748846
1603 3.9322779717748846
1604 4.235388056672964
1605 4.235388056672964
1606 0.8445493640385839
1607 0.8445493640385839
1608 3.629245002737036
1609 3.629245002737036
1610 2.9088342904403652
1611 2.9088342904403652
1612 3.946481413614581
1613 3.946481413614581
1614 1.315859334517177
1615 1.315859334517177
1616 4.892969421172988
1617 4.892969421172988
1618 0.8995956272520433
1619 0.8995956272520433
1620 4.7450507869429135
1621 4.7450507869429135
1622 4.678279749947134
1623 4.678279749947134
1624 1.5604910113087205
1625 1.5604910113087205
1626 3.117267009851948
1627 3.117267009851948
1628 1.5525054020535447
1629 1.5525054020535447
1630 2.591403620811371
1631 2.591403620811371
1632 4.253631093560698
1633 4.253631093560698
1634 1.5714784805017012
1635 1.5714784805017012
1636 4.809947895261852
1637 4.809947895261852
1638 5.42422462170671
1639 5.42422462170671
1640 2.315987053967236
1641 2.315987053967236
1642 5.005291283874763
1643 5.005291283874763
1644 6.753790023265965
1645 6.753790023265965
1646 5.195325428820755
1647 5.195325428820755
1648 2.841012557926674
1649 2.841012557926674
1650 2.8332798453579042
1651 2.8332798453579042
1652 0.8622545419054459
1653 0.8622545419054459
1654 0.7546651675067015
1655 0.7546651675067015
1656 2.4754746666495304
1657 2.4754746666495304
1658 1.3969278855688028
1659 1.3969278855688028
1660 2.0755734600338522
1661 2.0755734600338522
1662 0.7289297579250902
1663 3.7049971103853254
1664 3.7049971103853254
1665 3.4912290348584234
1666 3.4912290348584234
1667 1.498892495883557
1668 1.498892495883557
1669 2.361937419535307
1670 2.361937419535307
1671 2.5974921854006148
1672 2.5974921854006148
1673 3.6834095123539345
1674 3.6834095123539345
1675 5.414041848502553
1676 5.414041848502553
1677 0.1
1678 0.1
1679 3.845649028518644
1680 3.845649028518644
1681 4.236454111744187
1682 4.236454111744187
1683 5.085988555517396
1684 5.085988555517396
1685 4.900277042300431
1686 4.900277042300431
1687 2.089824519560195
1688 2.089824519560195
1689 2.628447883001392
1690 2.628447883001392
1691 1.4130624391536801
1692 1.4130624391536801
1693 2.7567800193350727
1694 2.7567800193350727
1695 4.746282198548929
1696 4.746282198548929
1697 3.049408317511247
1698 3.049408317511247
1699 0.8654976691683549
1700 0.8654976691683549
1701 4.090977983491594
1702 4.090977983491594
1703 2.3876184456107135
1704 3.947262844323708
1705 3.947262844323708
1706 3.340582345245113
1707 3.340582345245113
1708 5.021014738663596
1709 5.021014738663596
1710 3.436103683139451
1711 3.436103683139451
1712 3.7311246739801405
1713 3.7311246739801405
1714 3.474176619008243
1715 3.474176619008243
1716 3.336548833187047
1717 3.336548833187047
1718 2.4455197513020583
1719 2.4455197513020583
1720 3.2532580209512574
1721 3.2532580209512574
1722 4.375230962475908
1723 4.375230962475908
1724 1.1941840239715822
1725 1.1941840239715822
1726 1.3518526919248595
1727 1.3518526919248595
1728 2.2392175029229464
1729 2.2392175029229464
1730 3.215710860973872
1731 3.215710860973872
1732 1.3057340873482273
1733 1.3057340873482273
1734 1.4136886594281273
1735 1.4136886594281273
1736 1.771834459542689
1737 1.771834459542689
1738 5.79160560783991
1739 5.79160560783991
1740 3.8462739043472722
1741 3.8462739043472722
1742 5.053079002301095
1743 5.053079002301095
1744 1.7245154769054025
1745 1.7245154769054025
1746 2.2288987017851367
1747 2.2288987017851367
1748 0.8301008586188419
1749 0.8301008586188419
1750 1.9359557985648363
1751 1.9359557985648363
1752 2.554136224832771
1753 2.554136224832771
1754 0.5795197892142903
1755 0.5795197892142903
1756 3.267008853558439
1757 3.267008853558439
1758 1.1635056072965795
1759 1.1635056072965795
1760 3.7773218707102734
1761 3.7773218707102734
1762 4.2209633694519235
1763 4.2209633694519235
1764 1.3154516597243264
1765 1.3154516597243264
1766 2.571334789895451
1767 2.571334789895451
1768 3.9325522956720307
1769 3.9325522956720307
1770 3.314825812718958
1771 3.314825812718958
1772 3.0933922309924764
1773 3.0933922309924764
1774 1.6787630878091693
1775 1.6787630878091693
1776 3.040990088249073
1777 3.040990088249073
1778 0.5742569152526027
1779 0.5742569152526027
1780 0.1
1781 0.1
1782 2.37412583294854
1783 2.37412583294854
1784 1.4346495381762903
1785 1.4346495381762903
1786 2.7357932499193165
1787 2.7357932499193165
1788 3.772227156183334
1789 3.772227156183334
1790 3.2800558569562246
1791 3.2800558569562246
1792 1.9350374231998932
1793 1.9350374231998932
1794 1.9490168933521135
1795 1.9490168933521135
1796 2.7588135927574267
1797 2.7588135927574267
1798 3.865574875879064
1799 3.865574875879064
1800 3.16271989430481
1801 3.16271989430481
1802 0.43534614332291666
1803 0.43534614332291666
1804 5.263168885458386
1805 5.263168885458386
1806 2.974005445973056
1807 2.974005445973056
1808 3.29997064593039
1809 3.29997064593039
1810 1.8586305454607108
1811 1.8586305454607108
1812 3.7359002747641745
1813 3.7359002747641745
1814 4.421292935730752
1815 4.421292935730752
1816 2.0609868723883102
1817 2.0609868723883102
1818 3.918217857470369
1819 3.918217857470369
1820 2.5399350151610873
1821 2.5399350151610873
1822 4.820629681953628
1823 4.820629681953628
1824 0.1
1825 0.1
1826 3.9159940098815857
1827 3.9159940098815857
1828 2.1797039606790998
1829 2.1797039606790998
1830 1.1774861312755365
1831 1.1774861312755365
1832 4.166428850234937
1833 4.166428850234937
1834 4.322415867359021
1835 4.322415867359021
1836 4.936015250783733
1837 4.936015250783733
1838 5.620208373503392
1839 3.668284946716866
1840 3.668284946716866
1841 2.4228679983146844
1842 2.4228679983146844
1843 3.06715236982234
1844 3.06715236982234
1845 2.2080155550168494
1846 2.2080155550168494
1847 0.8941375852416291
1848 0.8941375852416291
1849 2.213077915901448
1850 2.213077915901448
1851 1.857517719532975
1852 1.857517719532975
1853 0.7190349367026803
1854 0.7190349367026803
1855 2.6307910713079803
1856 2.6307910713079803
1857 3.0482155591724327
1858 3.0482155591724327
1859 1.4956280596895424
1860 1.4956280596895424
1861 1.3297193476354487
1862 1.3297193476354487
1863 3.1886493009968406
1864 3.1886493009968406
1865 1.8286861566147803
1866 1.8286861566147803
1867 3.0416593299695385
1868 3.0416593299695385
1869 3.8254454605782193
1870 3.8254454605782193
1871 0.4088370750406545
1872 0.4088370750406545
1873 2.7657688901942565
1874 2.7657688901942565
1875 2.8155492157371595
1876 2.8155492157371595
1877 2.65853071802428
1878 2.65853071802428
1879 1.7289014404272989
1880 1.7289014404272989
1881 0.8631176351270293
1882 0.8631176351270293
1883 0.957305784655945
1884 0.957305784655945
1885 2.5709664705994477
1886 2.5709664705994477
1887 1.022669450170611
1888 1.022669450170611
1889 2.9793950730696688
1890 2.9793950730696688
1891 3.0380303739173575
1892 3.0380303739173575
1893 1.3681429420577724
1894 1.3681429420577724
1895 2.1446274998698014
1896 2.1446274998698014
1897 1.2397713519145104
1898 1.2397713519145104
1899 2.766382986384997
1900 2.766382986384997
1901 2.2365015345481183
1902 2.2365015345481183
1903 1.6576956313625122
1904 1.6576956313625122
1905 1.8441977095620414
1906 1.8441977095620414
1907 2.272363634138565
1908 2.272363634138565
1909 1.1921265241737973
1910 1.1921265241737973
1911 2.3970928945633623
1912 2.3970928945633623
1913 2.6739570054467983
1914 2.6739570054467983
1915 3.2191009748333035
1916 3.2191009748333035
1917 1.333832130985905
1918 1.333832130985905
1919 0.1
1920 0.1
1921 0.7241941043299793
1922 0.7241941043299793
1923 1.6877340892268968
1924 1.6877340892268968
1925 1.0991928539905644
1926 1.0991928539905644
1927 1.2268344882572009
1928 1.2268344882572009
1929 3.9288913878883696
1930 1.8506954290259254
1931 1.8506954290259254
1932 2.8814111347337326
1933 2.8814111347337326
1934 1.3599318850747495
1935 1.3599318850747495
1936 0.4873089415776901
1937 0.4873089415776901
1938 1.7275453913616405
1939 1.7275453913616405
1940 0.9430377769858549
1941 0.9430377769858549
1942 1.5800321542275266
1943 1.5800321542275266
1944 2.5998728214903726
1945 2.5998728214903726
1946 1.2714911605060266
1947 1.2714911605060266
1948 2.1209660613506425
1949 2.1209660613506425
1950 5.746319983043245
1951 5.746319983043245
1952 6.013947238205423
1953 6.013947238205423
1954 4.597871478761375
1955 4.597871478761375
1956 1.6577043091725154
1957 1.6577043091725154
1958 2.515815807623962
1959 2.515815807623962
1960 1.6665308211862635
1961 1.6665308211862635
1962 5.117849309788172
1963 5.117849309788172
1964 2.5265873345971985
1965 2.5265873345971985
1966 2.5614714269267487
1967 2.5614714269267487
1968 4.13542789957917
1969 4.13542789957917
1970 3.675506526381879
1971 3.675506526381879
1972 1.930222021492316
1973 1.930222021492316
1974 1.4612714764813455
1975 1.4612714764813455
1976 2.94686450915993
1977 2.94686450915993
1978 0.9932307803005092
1979 0.9932307803005092
1980 2.958290129369274
1981 2.958290129369274
1982 1.1904658332376632
1983 1.1904658332376632
1984 2.396327940769301
1985 2.396327940769301
1986 2.8730945423721703
1987 2.8730945423721703
1988 5.192889894089108
1989 5.192889894089108
1990 1.451941647589723
1991 1.451941647589723
1992 3.1466131064690477
1993 3.1466131064690477
1994 4.530394682602065
1995 4.530394682602065
1996 5.9634188759361315
1997 5.9634188759361315
1998 0.8547604228418462
1999 0.8547604228418462
