0 1.3553450869624248
1 1.3553450869624248
2 0.9219185509756913
3 0.9219185509756913
4 2.720770768451942
5 2.720770768451942
6 1.8172770490019552
7 1.8172770490019552
8 2.359194535850733
9 2.359194535850733
10 1.012518363611097
11 1.012518363611097
12 1.95629513569527
13 1.95629513569527
14 0.8319361476769448
15 0.8319361476769448
16 1.365188336989337
17 1.365188336989337
18 1.768232790888478
19 1.768232790888478
20 1.4010645711384915
21 1.4010645711384915
22 2.202844294844743
23 2.202844294844743
24 2.873626283109468
25 2.873626283109468
26 3.7333827029586106
27 3.7333827029586106
28 0.3378089849507908
29 0.3378089849507908
30 1.2857648181630719
31 1.2857648181630719
32 0.7022674092070311
33 0.7022674092070311
34 2.619629234728021
35 2.619629234728021
36 1.628782565925585
37 1.628782565925585
38 1.0555614781121037
39 1.0555614781121037
40 1.562572383987584
41 1.562572383987584
42 2.6477390860102394
43 2.6477390860102394
44 2.370388981215609
45 2.370388981215609
46 3.2324838734029813
47 3.2324838734029813
48 2.80469784677277
49 2.80469784677277
50 1.7911104352808878
51 1.7911104352808878
52 2.7269987013544235
53 2.7269987013544235
54 3.454536918909787
55 3.454536918909787
56 2.8055767260580757
57 2.8055767260580757
58 1.8201454570781335
59 1.8201454570781335
60 1.5586168636342637
61 1.5586168636342637
62 2.310444679994509
63 2.310444679994509
64 1.8234615915584205
65 1.8234615915584205
66 2.194920092569356
67 2.194920092569356
68 2.876059803432907
69 2.876059803432907
70 2.0385828688786223
71 2.0385828688786223
72 2.283314239670211
73 2.283314239670211
74 1.8670079617487083
75 1.8670079617487083
76 3.3265663611829375
77 3.3265663611829375
78 6.178324866732623
79 6.178324866732623
80 4.281381287668629
81 4.281381287668629
82 2.4663179758957563
83 2.4663179758957563
84 2.8391914526278215
85 2.8391914526278215
86 2.911752655468053
87 2.911752655468053
88 4.2717128614743345
89 4.2717128614743345
90 0.1
91 0.1
92 2.4004771393023563
93 2.4004771393023563
94 3.39113361572631
95 3.39113361572631
96 2.142198284709132
97 2.142198284709132
98 3.1263854300951794
99 3.1263854300951794
100 1.240657944512802
101 2.26129654580385
102 2.26129654580385
103 2.4813711702427677
104 2.4813711702427677
105 2.8609193448190333
106 2.8609193448190333
107 2.2670408759601783
108 2.2670408759601783
109 3.895721372243223
110 3.895721372243223
111 4.051677851579733
112 4.051677851579733
113 1.5030037202245223
114 1.5030037202245223
115 3.0653638041540217
116 3.0653638041540217
117 4.0470410423212515
118 4.0470410423212515
119 0.8545693290578522
120 0.8545693290578522
121 5.734435673299783
122 5.734435673299783
123 1.4012833155598576
124 3.1927476829955506
125 3.1927476829955506
126 4.161198704111449
127 4.161198704111449
128 2.604934910884234
129 2.604934910884234
130 5.717413743005071
131 1.6391060891057372
132 1.6391060891057372
133 4.095654097447831
134 4.095654097447831
135 5.1929084117298725
136 5.1929084117298725
137 3.20246181908238
138 3.20246181908238
139 3.00264708019127
140 3.00264708019127
141 3.619331824383381
142 3.619331824383381
143 4.046625166846088
144 4.046625166846088
145 3.4841685663744504
146 3.4841685663744504
147 5.0233784986144805
148 5.0233784986144805
149 1.0683773660648503
150 1.0683773660648503
151 3.954352732187064
152 0.8255807970347264
153 0.8255807970347264
154 0.38263997504167363
155 0.38263997504167363
156 0.30495495069010375
157 0.30495495069010375
158 2.211957484794506
159 2.211957484794506
160 3.6132175757597143
161 3.6132175757597143
162 2.99039129336596
163 2.99039129336596
164 4.598015343147091
165 4.598015343147091
166 5.729167504354374
167 5.729167504354374
168 1.0272978123715428
169 1.0272978123715428
170 3.606224129325635
171 3.606224129325635
172 6.001811867160521
173 6.001811867160521
174 4.669101760925044
175 4.669101760925044
176 4.198723691163827
177 4.198723691163827
178 4.541504894581748
179 4.541504894581748
180 4.12583404404284
181 4.12583404404284
182 3.666871362550922
183 3.666871362550922
184 4.840572989299644
185 4.840572989299644
186 4.309139808714987
187 4.309139808714987
188 3.420568602720631
189 3.420568602720631
190 1.8520985075079097
191 1.8520985075079097
192 4.5588381439277175
193 4.5588381439277175
194 3.1914191266002376
195 3.1914191266002376
196 1.6102475348673853
197 1.6102475348673853
198 0.1
199 0.1
200 4.9881635105014155
201 4.9881635105014155
202 3.780039740347481
203 3.780039740347481
204 1.7117722645917617
205 1.7117722645917617
206 3.4298192633304727
207 3.4298192633304727
208 4.591020608522122
209 4.591020608522122
210 3.132320460505139
211 3.132320460505139
212 3.9893598148233638
213 3.9893598148233638
214 2.729910071196283
215 2.729910071196283
216 3.978418863202362
217 3.978418863202362
218 3.9273867041734816
219 3.9273867041734816
220 1.9625344481624913
221 1.9625344481624913
222 1.6505205352743713
223 1.6505205352743713
224 3.2486787566282533
225 3.2486787566282533
226 3.269441651512818
227 3.269441651512818
228 2.287773180018762
229 2.287773180018762
230 4.300356425082082
231 4.300356425082082
232 4.157161025908422
233 4.157161025908422
234 4.570284992831819
235 4.570284992831819
236 1.3842577814294326
237 1.3842577814294326
238 1.8873765618328806
239 1.8873765618328806
240 4.201410411167348
241 4.201410411167348
242 1.9558367152122869
243 1.9558367152122869
244 3.2264960408403516
245 3.2264960408403516
246 2.334574615287451
247 2.334574615287451
248 3.3488841614374496
249 3.3488841614374496
250 3.380953890574904
251 3.380953890574904
252 2.370187744443723
253 2.370187744443723
254 0.1
255 0.1
256 4.905053156846305
257 4.905053156846305
258 2.7383922972427754
259 2.7383922972427754
260 2.394594915453224
261 2.394594915453224
262 3.2987408320701097
263 3.2987408320701097
264 1.3211446923270527
265 1.3211446923270527
266 3.5655341251040937
267 3.5655341251040937
268 1.764778835008201
269 1.764778835008201
270 1.8693896465054234
271 1.8693896465054234
272 1.6869070460622564
273 1.6869070460622564
274 2.462920409099457
275 2.462920409099457
276 3.23068338441726
277 0.9781703083126778
278 0.9781703083126778
279 0.7374730281574124
280 0.7374730281574124
281 0.5543184039923794
282 0.5543184039923794
283 0.5721299403904305
284 0.5721299403904305
285 0.6799790500754629
286 0.6799790500754629
287 0.7814883043429287
288 0.7814883043429287
289 2.480202294875635
290 2.480202294875635
291 1.6292531862409705
292 1.6292531862409705
293 4.173646847014212
294 4.173646847014212
295 2.666541012192722
296 2.666541012192722
297 2.065864984479439
298 2.065864984479439
299 2.3102407604440733
300 1.6238886380648268
301 1.6238886380648268
302 0.7736454247736451
303 6.809829144826909
304 6.809829144826909
305 2.791241440507232
306 2.791241440507232
307 3.0535079168691563
308 3.0535079168691563
309 4.5065243750923525
310 4.5065243750923525
311 6.448860653588445
312 6.448860653588445
313 5.04977784010333
314 5.04977784010333
315 4.799117237898248
316 4.799117237898248
317 2.222768338113127
318 2.222768338113127
319 1.6895483220049898
320 1.6895483220049898
321 2.7910572070510966
322 2.7910572070510966
323 2.2611127763448065
324 2.2611127763448065
325 3.207943840376447
326 3.207943840376447
327 1.450045522135213
328 1.450045522135213
329 4.570490431784657
330 4.570490431784657
331 3.5964395340468602
332 3.5964395340468602
333 2.364373292095771
334 0.9620386239684995
335 0.9620386239684995
336 1.1115590960170625
337 1.1115590960170625
338 0.9550703203430481
339 0.9550703203430481
340 0.9291326307671297
341 0.9291326307671297
342 0.615869838339558
343 0.615869838339558
344 4.383287720357433
345 4.383287720357433
346 1.1773309830356433
347 1.1773309830356433
348 2.6413747667182315
349 2.6413747667182315
350 3.0379203030974553
351 3.0379203030974553
352 3.6396140703317883
353 3.6396140703317883
354 3.4364292115174613
355 3.4364292115174613
356 1.522843101034451
357 1.522843101034451
358 2.0447660417929265
359 2.0447660417929265
360 1.084895874048868
361 1.084895874048868
362 1.7702253894361675
363 1.7702253894361675
364 1.9312104035694628
365 1.9312104035694628
366 0.3079120363483041
367 0.3079120363483041
368 1.123516550446365
369 1.123516550446365
370 1.858011233082575
371 1.858011233082575
372 1.8515872624805771
373 1.8515872624805771
374 2.0723937083426787
375 2.0723937083426787
376 1.7721162833866904
377 1.7721162833866904
378 1.8489463758450606
379 1.8489463758450606
380 1.2094864866059845
381 1.2094864866059845
382 0.27789738771962447
383 0.27789738771962447
384 1.9445313376501927
385 1.5012834069893246
386 1.5012834069893246
387 1.264077729053361
388 1.264077729053361
389 0.1
390 0.1
391 0.5490484921786951
392 0.5490484921786951
393 1.146232530369526
394 1.146232530369526
395 1.7022824258510703
396 1.7022824258510703
397 1.431702365623513
398 1.431702365623513
399 1.228262233884936
400 1.228262233884936
401 1.9583853313009327
402 1.9583853313009327
403 0.39331368845945447
404 0.39331368845945447
405 0.4662956357013839
406 0.4662956357013839
407 1.5075042642352516
408 1.5075042642352516
409 1.5663545269267865
410 1.5663545269267865
411 0.5022263484575119
412 0.5022263484575119
413 1.0591937456813663
414 1.0591937456813663
415 1.249028178851292
416 1.249028178851292
417 0.5033245484009271
418 0.5033245484009271
419 0.9864152345746825
420 0.9864152345746825
421 2.0756412272112046
422 2.0756412272112046
423 1.339378918880607
424 1.339378918880607
425 1.8726970064934696
426 1.8726970064934696
427 0.4754245863680844
428 0.4754245863680844
429 1.5587137701136458
430 1.5587137701136458
431 0.6410443553544609
432 0.6410443553544609
433 1.0670782645291133
434 1.0670782645291133
435 1.6039519342669983
436 1.6039519342669983
437 1.2599989366985938
438 1.2599989366985938
439 0.49204903455445304
440 0.49204903455445304
441 0.8352601048317307
442 0.8352601048317307
443 1.5082816686331744
444 1.5082816686331744
445 2.180832621091701
446 2.180832621091701
447 2.0391436440822144
448 2.0391436440822144
449 2.4513832348207245
450 2.4513832348207245
451 2.5110366271891187
452 2.5110366271891187
453 0.23717130795059418
454 0.23717130795059418
455 0.2624733476352111
456 0.2624733476352111
457 0.1651989723946674
458 0.1651989723946674
459 0.24098255523160148
460 0.24098255523160148
461 0.1968067644911749
462 0.1968067644911749
463 0.331995588154291
464 0.331995588154291
465 0.322553207216672
466 0.322553207216672
467 0.1359100082480314
468 0.1359100082480314
469 0.1
470 0.1
471 0.15457615342861764
472 0.15457615342861764
473 0.1925810790249451
474 0.1925810790249451
475 0.14426444785103934
476 0.14426444785103934
477 0.1584220275722104
478 0.1584220275722104
479 0.1
480 0.1
481 2.398461064847856
482 3.6531740194670865
483 3.6531740194670865
484 6.613405593148185
485 6.613405593148185
486 2.242435171978695
487 2.242435171978695
488 5.946898009676883
489 5.946898009676883
490 5.388321472320876
491 5.388321472320876
492 4.161782708137174
493 4.161782708137174
494 4.08280913949657
495 4.08280913949657
496 0.21034600179936014
497 0.21034600179936014
498 3.185482107687787
499 3.185482107687787
500 2.280145352636607
501 2.280145352636607
502 5.108335454346488
503 5.108335454346488
504 6.281969383277611
505 6.281969383277611
506 3.4693827564651896
507 3.4693827564651896
508 6.701309794164614
509 6.701309794164614
510 2.0433139594476444
511 2.0433139594476444
512 2.057264522500266
513 2.057264522500266
514 1.9083164862352007
515 1.9083164862352007
516 1.8522710932262765
517 1.8522710932262765
518 3.8823464371644847
519 3.8823464371644847
520 1.3316234361196706
521 1.3316234361196706
522 1.6857247777839248
523 1.6857247777839248
524 3.9842357075695465
525 3.9842357075695465
526 2.4185746454726744
527 2.4185746454726744
528 1.4124193151594928
529 1.4124193151594928
530 3.1789076940833247
531 3.1789076940833247
532 1.5485877183026697
533 1.5485877183026697
534 4.393263497353567
535 4.393263497353567
536 0.1
537 0.1
538 3.388821542481064
539 3.388821542481064
540 1.7973935996545167
541 1.7973935996545167
542 1.5029833990340151
543 1.5029833990340151
544 0.20480835633176908
545 0.20480835633176908
546 1.5629017395491316
547 0.8886313107827419
548 0.8886313107827419
549 2.961497577904668
550 2.961497577904668
551 2.1572609460910024
552 2.1572609460910024
553 0.9514674486688455
554 0.9514674486688455
555 2.9053494939736
556 2.9053494939736
557 1.145176849302804
558 1.145176849302804
559 3.1958554524510143
560 3.1958554524510143
561 1.3175063357321875
562 1.3175063357321875
563 3.018990875000436
564 3.018990875000436
565 1.9435548702318899
566 1.9435548702318899
567 3.3224205148411263
568 3.3224205148411263
569 2.1236909443879193
570 2.1236909443879193
571 2.3216863891609854
572 2.3216863891609854
573 2.141531193529443
574 2.141531193529443
575 2.3094009273237885
576 2.3094009273237885
577 2.4284219119368875
578 2.4284219119368875
579 0.5019992225378853
580 0.5019992225378853
581 0.7375258198938224
582 0.7375258198938224
583 1.0646922578536488
584 1.0646922578536488
585 2.9711428987416353
586 5.234529159680712
587 5.234529159680712
588 3.771030821729929
589 3.771030821729929
590 1.6573878044568193
591 1.6573878044568193
592 2.7529685277715976
593 2.7529685277715976
594 1.515093771757975
595 1.515093771757975
596 7.993454600678181
597 7.993454600678181
598 1.5001593566973583
599 1.5001593566973583
600 1.8579140720791103
601 1.8579140720791103
602 5.200736761805182
603 5.200736761805182
604 4.155852445956355
605 4.155852445956355
606 3.6010996478402935
607 3.6010996478402935
608 1.1821303025775785
609 1.1821303025775785
610 5.28978969984402
611 5.28978969984402
612 0.9177901882800703
613 0.9177901882800703
614 1.7129444702476522
615 1.7129444702476522
616 0.7937690371956316
617 0.7937690371956316
618 2.596589628078756
619 2.596589628078756
620 2.638366843803326
621 2.638366843803326
622 2.976773614973109
623 2.976773614973109
624 2.71173762198685
625 2.71173762198685
626 2.2565360837625676
627 2.2565360837625676
628 3.406488269656993
629 3.406488269656993
630 2.3669415929288244
631 2.3669415929288244
632 1.0221847926436174
633 1.0221847926436174
634 1.524373481275671
635 1.524373481275671
636 0.5859461667621042
637 0.5859461667621042
638 2.6270026769352133
639 2.6270026769352133
640 3.372242480033779
641 3.372242480033779
642 1.446440790938849
643 1.446440790938849
644 1.1825626843904185
645 1.1825626843904185
646 2.013390702770289
647 2.013390702770289
648 3.876864538854285
649 3.876864538854285
650 0.582744401469484
651 0.582744401469484
652 4.027544520597285
653 4.027544520597285
654 3.1074343391790205
655 3.1074343391790205
656 3.7508917118774643
657 3.7508917118774643
658 1.3347391966283408
659 1.3347391966283408
660 2.6337606724130627
661 2.6337606724130627
662 2.548930017030298
663 2.548930017030298
664 0.8420560684245304
665 0.8420560684245304
666 2.352282930860091
667 2.352282930860091
668 1.8855307212910264
669 1.8855307212910264
670 2.501341932950732
671 2.501341932950732
672 3.841919716240408
673 3.841919716240408
674 3.217572241202331
675 3.217572241202331
676 4.050933038153166
677 4.050933038153166
678 0.18276659679349105
679 0.18276659679349105
680 2.154717327018389
681 2.154717327018389
682 2.2093096869476643
683 2.2093096869476643
684 2.4890927738804987
685 2.4890927738804987
686 0.2019462295481691
687 0.2019462295481691
688 1.5577940085552806
689 1.5577940085552806
690 1.6124422569644334
691 1.6124422569644334
692 2.0540540316141778
693 2.0540540316141778
694 1.3438908827968987
695 1.3438908827968987
696 2.3684052264876607
697 2.3684052264876607
698 1.6436459640095584
699 1.6436459640095584
700 0.9222245991381297
701 0.9222245991381297
702 0.8315031259537556
703 0.8315031259537556
704 2.48146692284697
705 2.48146692284697
706 1.0902700402426069
707 1.0902700402426069
708 1.671520029756675
709 1.671520029756675
710 2.014230573143547
711 2.014230573143547
712 1.2486923706092923
713 1.2486923706092923
714 1.9614938261468053
715 1.7460397501820117
716 1.7460397501820117
717 2.586137883037202
718 2.586137883037202
719 1.6796335298464027
720 1.6796335298464027
721 2.904936349004989
722 2.904936349004989
723 1.6227510121354598
724 1.6227510121354598
725 2.491570350129223
726 2.491570350129223
727 3.7194888694307275
728 3.7194888694307275
729 0.9804981746829788
730 0.9804981746829788
731 2.117585369072337
732 2.117585369072337
733 2.210791800140031
734 2.210791800140031
735 1.953222002937513
736 1.953222002937513
737 1.5576305293755737
738 1.5576305293755737
739 1.219161214437209
740 1.219161214437209
741 3.0420745489058385
742 3.0420745489058385
743 2.7067520846305513
744 2.7067520846305513
745 2.4641998562840968
746 2.4641998562840968
747 2.4908017585097166
748 2.4908017585097166
749 1.9976595781384507
750 1.9976595781384507
751 1.525520419750062
752 1.525520419750062
753 1.735226430127356
754 1.735226430127356
755 2.3468861623593433
756 2.3468861623593433
757 0.9600100358812846
758 0.9600100358812846
759 2.8230039908003057
760 2.8230039908003057
761 1.4960030702816753
762 1.4960030702816753
763 1.417553013436112
764 1.417553013436112
765 1.189437111798727
766 1.189437111798727
767 1.309971920905876
768 1.309971920905876
769 0.7034561458505573
770 0.7034561458505573
771 1.2667543658920692
772 1.2667543658920692
773 3.270118903414791
774 3.270118903414791
775 1.8609648093051114
776 1.8609648093051114
777 0.24691549971920201
778 0.24691549971920201
779 2.000232791436616
780 2.000232791436616
781 1.568513215386644
782 1.568513215386644
783 0.7007209206102181
784 0.7007209206102181
785 3.0609860357590444
786 3.0609860357590444
787 1.6057470755123109
788 1.6057470755123109
789 1.1281263187690427
790 1.1281263187690427
791 0.926556327637619
792 0.926556327637619
793 4.047009272953196
794 4.047009272953196
795 2.7020489659984337
796 2.7020489659984337
797 2.0241667063764304
798 2.0241667063764304
799 2.054904050502936
800 2.054904050502936
801 1.7793345377798864
802 1.7793345377798864
803 3.0278483513055816
804 3.0278483513055816
805 2.2273836918868692
806 2.2273836918868692
807 2.0157683688742956
808 2.0157683688742956
809 1.9437656218095372
810 1.9437656218095372
811 3.2876766303629186
812 3.2876766303629186
813 1.806341135752536
814 1.806341135752536
815 3.845490321852627
816 3.845490321852627
817 0.3831133703198142
818 0.3831133703198142
819 2.206457263667745
820 2.206457263667745
821 1.0343400131476497
822 1.0343400131476497
823 2.6680371159845833
824 2.6680371159845833
825 1.1060570050860483
826 0.23394974004991026
827 0.23394974004991026
828 0.7449902100649315
829 0.7449902100649315
830 0.9435835735288736
831 0.9435835735288736
832 0.693332143957884
833 0.693332143957884
834 0.5146369111412022
835 0.5146369111412022
836 0.7446180731122909
837 0.7446180731122909
838 0.724861983185532
839 0.724861983185532
840 2.443301235606582
841 2.443301235606582
842 3.869454741237749
843 3.869454741237749
844 2.8159499906245222
845 2.8159499906245222
846 0.45954653343673524
847 0.45954653343673524
848 1.6464170406181309
849 1.6464170406181309
850 0.1
851 0.1
852 1.7381939859560571
853 1.7381939859560571
854 0.9021208846372148
855 0.9021208846372148
856 3.4879305996551553
857 3.4879305996551553
858 2.7849102705253306
859 2.7849102705253306
860 1.966892776602314
861 1.966892776602314
862 4.632276985872096
863 4.632276985872096
864 0.3669823257671583
865 0.3669823257671583
866 4.56908187922269
867 4.56908187922269
868 2.610386729224192
869 2.610386729224192
870 2.4093471444550625
871 2.4093471444550625
872 2.8046745531300443
873 2.8046745531300443
874 2.3535091747630075
875 2.3535091747630075
876 3.5346088493949983
877 3.5346088493949983
878 2.1178525277840197
879 2.1178525277840197
880 3.1051575264567264
881 3.1051575264567264
882 0.3762101999071765
883 2.8074118931836005
884 2.8074118931836005
885 2.6219636625661207
886 2.6219636625661207
887 3.1851524061525955
888 3.1851524061525955
889 1.645467653935594
890 1.645467653935594
891 4.799189887996098
892 4.799189887996098
893 0.6141586203417893
894 0.6141586203417893
895 2.849125831669924
896 2.849125831669924
897 3.2979455054038436
898 3.2979455054038436
899 1.6042438653390017
900 1.6042438653390017
901 1.1566875579531932
902 1.1566875579531932
903 1.0364996263886495
904 1.0364996263886495
905 2.295103655356213
906 2.295103655356213
907 1.481669062206722
908 1.481669062206722
909 3.962023327885907
910 3.962023327885907
911 0.6629889670947207
912 0.6629889670947207
913 3.824177750200606
914 3.824177750200606
915 0.4953500114291143
916 0.4953500114291143
917 4.537389047882094
918 4.537389047882094
919 5.240380920138139
920 5.240380920138139
921 0.6371773518020452
922 0.6371773518020452
923 1.3894257888649553
924 1.3894257888649553
925 1.7233787996378145
926 1.7233787996378145
927 2.4766387094834372
928 2.4766387094834372
929 4.200839717287247
930 4.200839717287247
931 3.336462788628586
932 3.336462788628586
933 4.371291913251958
934 4.371291913251958
935 2.546579273770865
936 2.546579273770865
937 4.429754456720195
938 4.429754456720195
939 4.205767071133016
940 4.205767071133016
941 5.288778643370851
942 5.288778643370851
943 3.333002069336665
944 3.333002069336665
945 3.1939579188911384
946 3.1939579188911384
947 0.55408780269219
948 0.55408780269219
949 2.890307715702554
950 2.890307715702554
951 0.1
952 0.1
953 4.072583786079969
954 4.072583786079969
955 2.7069929624628974
956 2.7069929624628974
957 5.415652726233435
958 5.415652726233435
959 2.453173143293915
960 2.453173143293915
961 5.307480032469641
962 5.307480032469641
963 3.9747716363394936
964 3.9747716363394936
965 3.3837415571116853
966 3.3837415571116853
967 2.392351454768056
968 2.392351454768056
969 2.9012309620460117
970 2.9012309620460117
971 5.689215877766994
972 5.689215877766994
973 2.056487741388854
974 2.056487741388854
975 3.5963071596662894
976 3.5963071596662894
977 3.066440817391693
978 3.066440817391693
979 4.686022577511581
980 4.686022577511581
981 3.295986095285913
982 3.295986095285913
983 6.506718951513372
984 6.506718951513372
985 4.345471809579637
986 4.345471809579637
987 1.4638930566368562
988 1.4638930566368562
989 6.40162439428498
990 6.40162439428498
991 2.182594442238475
992 2.182594442238475
993 4.946004484274821
994 4.946004484274821
995 2.842904540007239
996 2.842904540007239
997 1.9009217608800195
998 1.9009217608800195
999 0.5560124756951765
1000 0.5560124756951765
1001 6.550916407726078
1002 5.600086158409893
1003 5.600086158409893
1004 6.165256907718178
1005 6.165256907718178
1006 4.198472165194275
1007 4.198472165194275
1008 7.1752104414018145
1009 7.1752104414018145
1010 1.2656220941817877
1011 1.2656220941817877
1012 4.328972082660395
1013 4.328972082660395
1014 4.512938026069571
1015 4.512938026069571
1016 5.03075353258902
1017 5.03075353258902
1018 2.5970249489964417
1019 2.5970249489964417
1020 4.4143157623486875
1021 4.4143157623486875
1022 3.6409453547764525
1023 3.6409453547764525
1024 5.9284778909346025
1025 5.9284778909346025
1026 7.3699116143836765
1027 7.3699116143836765
1028 3.757154659350469
1029 3.757154659350469
1030 2.9167159755473726
1031 2.9167159755473726
1032 5.882689188926497
1033 5.882689188926497
1034 2.170619679155391
1035 2.170619679155391
1036 6.759365325484348
1037 6.759365325484348
1038 1.4985086111088308
1039 1.4985086111088308
1040 5.826716961501791
1041 5.826716961501791
1042 0.45443280564306354
1043 0.45443280564306354
1044 3.7257487571874144
1045 3.7257487571874144
1046 1.1795031064918422
1047 1.1795031064918422
1048 3.2482917878633892
1049 3.2482917878633892
1050 3.4447482688545152
1051 3.4447482688545152
1052 2.533135874554962
1053 2.533135874554962
1054 4.328405911317998
1055 4.328405911317998
1056 1.6326404313340883
1057 1.6326404313340883
1058 3.478267634531478
1059 3.478267634531478
1060 2.881946218864743
1061 2.881946218864743
1062 2.0112150156113047
1063 2.0112150156113047
1064 3.8451261280236135
1065 3.8451261280236135
1066 2.6707030278295094
1067 2.6707030278295094
1068 3.590558247011241
1069 3.590558247011241
1070 4.11743262119036
1071 4.11743262119036
1072 2.1753460303828436
1073 2.1753460303828436
1074 4.851318401304227
1075 4.851318401304227
1076 8.214935734216967
1077 8.214935734216967
1078 3.3942818664521504
1079 3.3942818664521504
1080 1.5629749746605497
1081 1.5629749746605497
1082 1.9088479422931308
1083 1.7422079225579692
1084 1.7422079225579692
1085 1.3119183980970888
1086 1.3119183980970888
1087 0.9404676789360207
1088 0.9404676789360207
1089 2.294136546403479
1090 2.294136546403479
1091 0.26497817116055045
1092 0.26497817116055045
1093 0.8024807243634733
1094 0.8024807243634733
1095 0.885542595055533
1096 0.885542595055533
1097 1.352690467573735
1098 1.352690467573735
1099 1.1771728076714907
1100 1.1771728076714907
1101 0.7486095991453761
1102 0.7486095991453761
1103 2.16223534104299
1104 2.16223534104299
1105 1.5014803558734446
1106 1.5014803558734446
1107 1.3266913219758085
1108 1.3266913219758085
1109 1.5507886964723048
1110 1.5507886964723048
1111 0.9084619262718779
1112 0.9084619262718779
1113 0.6570119455789787
1114 0.6570119455789787
1115 0.2959138740369638
1116 0.2959138740369638
1117 4.736244956291901
1118 4.736244956291901
1119 5.191435977271387
1120 0.6103663259787424
1121 0.6103663259787424
1122 0.3280172702912224
1123 0.3280172702912224
1124 0.8832477875759791
1125 0.8832477875759791
1126 0.21788207881465715
1127 0.21788207881465715
1128 0.7050552959343298
1129 0.7050552959343298
1130 0.638903024517244
1131 0.638903024517244
1132 0.8938563530295337
1133 0.8938563530295337
1134 0.11279059554016091
1135 0.11279059554016091
1136 0.5295129764745018
1137 0.5295129764745018
1138 1.1084626973307505
1139 1.1084626973307505
1140 0.7529583130000513
1141 0.7529583130000513
1142 0.5031510406453454
1143 0.5031510406453454
1144 0.7092342097503113
1145 0.7092342097503113
1146 0.6569105319970969
1147 0.6569105319970969
1148 0.7999800640612827
1149 0.7999800640612827
1150 1.0827778037802054
1151 1.0827778037802054
1152 1.0764473924954419
1153 1.0764473924954419
1154 0.9011861846118141
1155 0.9011861846118141
1156 0.7558575079671603
1157 0.7558575079671603
1158 0.6885120380847682
1159 0.6885120380847682
1160 1.3559779333325708
1161 1.3559779333325708
1162 0.7413387743131329
1163 0.7413387743131329
1164 0.7410833637458187
1165 0.7410833637458187
1166 0.4155656690646081
1167 0.4155656690646081
1168 0.7489845206771041
1169 0.7489845206771041
1170 0.4141614948181505
1171 0.4141614948181505
1172 0.682932359796494
1173 0.682932359796494
1174 1.0738088900150293
1175 1.0738088900150293
1176 0.5865707688412302
1177 0.5865707688412302
1178 0.40411836188130884
1179 0.40411836188130884
1180 0.9919295169568003
1181 0.9919295169568003
1182 0.6707518546711262
1183 0.6707518546711262
1184 0.8364860717944058
1185 0.8364860717944058
1186 0.5786725586265327
1187 0.5786725586265327
1188 0.801473981163275
1189 0.801473981163275
1190 0.48132775655428506
1191 0.48132775655428506
1192 1.9768527774066715
1193 1.9768527774066715
1194 2.9701705074516584
1195 2.9701705074516584
1196 2.971509034712561
1197 2.971509034712561
1198 0.15954746957002675
1199 0.15954746957002675
1200 3.6637454168088466
1201 3.6637454168088466
1202 2.3358781712802594
1203 2.3358781712802594
1204 2.2044595101317954
1205 2.2044595101317954
1206 1.4795687485295077
1207 1.4795687485295077
1208 2.924167431113478
1209 2.924167431113478
1210 2.1621371962813054
1211 2.1621371962813054
1212 1.5387904544989381
1213 1.5387904544989381
1214 1.332851997200466
1215 1.332851997200466
1216 1.9317436932124796
1217 1.9317436932124796
1218 4.000484743364404
1219 4.000484743364404
1220 2.0691689179912185
1221 2.0691689179912185
1222 2.6700627956643013
1223 2.6700627956643013
1224 2.6778426964958677
1225 2.6778426964958677
1226 1.9790122255283233
1227 1.9790122255283233
1228 4.164909450533106
1229 4.164909450533106
1230 4.1710998466234335
1231 4.1710998466234335
1232 3.450057846888535
1233 3.450057846888535
1234 2.0276638823716633
1235 2.0276638823716633
1236 2.3828348223777285
1237 2.3828348223777285
1238 1.359354675707055
1239 1.359354675707055
1240 1.4571535107480047
1241 1.4571535107480047
1242 2.488340161650455
1243 2.488340161650455
1244 4.056679764125594
1245 4.056679764125594
1246 2.2484084210812187
1247 2.2484084210812187
1248 4.83050394639855
1249 4.83050394639855
1250 5.666528441459109
1251 5.666528441459109
1252 6.063029559854838
1253 6.063029559854838
1254 3.821197865126753
1255 3.821197865126753
1256 4.362788619497022
1257 7.591095492191493
1258 7.591095492191493
1259 0.8163189000995699
1260 0.8163189000995699
1261 5.676432622976257
1262 5.676432622976257
1263 6.291655262630183
1264 6.291655262630183
1265 3.5463571381447285
1266 3.5463571381447285
1267 4.029666728065253
1268 4.029666728065253
1269 8.03042434812554
1270 8.03042434812554
1271 2.527631491268896
1272 2.527631491268896
1273 2.540143493514835
1274 2.540143493514835
1275 6.969932813426329
1276 6.969932813426329
1277 7.300126663072547
1278 7.300126663072547
1279 1.3520499656036118
1280 1.3520499656036118
1281 7.832309584836907
1282 7.832309584836907
1283 2.6543712437243707
1284 2.6543712437243707
1285 4.048870692430858
1286 4.048870692430858
1287 3.5811811269765492
1288 3.5811811269765492
1289 5.769479594491118
1290 5.769479594491118
1291 4.292005882199687
1292 0.15068026985824745
1293 0.15068026985824745
1294 1.2093243391419894
1295 0.2761028094933343
1296 0.2761028094933343
1297 0.19834599900479508
1298 0.19834599900479508
1299 0.18973075841625073
1300 0.18973075841625073
1301 0.2909392814721968
1302 0.2909392814721968
1303 0.343911807903231
1304 0.343911807903231
1305 0.17134932627664207
1306 0.17134932627664207
1307 0.30979229356163296
1308 0.30979229356163296
1309 0.12530246474395623
1310 0.12530246474395623
1311 0.22624727473396175
1312 0.22624727473396175
1313 0.25156427388586816
1314 0.25156427388586816
1315 0.1760283004474563
1316 0.1760283004474563
1317 0.3812913580709003
1318 2.7680879302112156
1319 2.7680879302112156
1320 2.129523074389761
1321 2.129523074389761
1322 3.044366037231181
1323 3.044366037231181
1324 2.67379665111462
1325 2.67379665111462
1326 3.297593984037795
1327 3.297593984037795
1328 3.197776295606949
1329 3.197776295606949
1330 0.21419127143089423
1331 0.21419127143089423
1332 2.8331642991993387
1333 2.8331642991993387
1334 0.692384636930131
1335 0.692384636930131
1336 3.097656171850511
1337 3.097656171850511
1338 3.9292215113975377
1339 3.9292215113975377
1340 2.041112739898886
1341 2.041112739898886
1342 4.029705175606114
1343 4.029705175606114
1344 1.26022751804648
1345 1.26022751804648
1346 1.9797764418985435
1347 1.9797764418985435
1348 3.9773084457170813
1349 3.9773084457170813
1350 4.935674392616492
1351 4.935674392616492
1352 0.871564445003091
1353 1.930420962643783
1354 1.930420962643783
1355 3.078352997943669
1356 3.078352997943669
1357 1.8044256915266486
1358 1.8044256915266486
1359 1.9663833267395907
1360 1.9663833267395907
1361 1.442244616286229
1362 1.442244616286229
1363 1.803326294859163
1364 1.803326294859163
1365 1.6020410387691597
1366 1.6020410387691597
1367 1.2281505027403992
1368 1.2281505027403992
1369 2.303482841050105
1370 2.303482841050105
1371 3.832423039882326
1372 1.9027539921489232
1373 1.9027539921489232
1374 1.3487703059745544
1375 1.3487703059745544
1376 0.7640829935505916
1377 0.7640829935505916
1378 0.9517267379658791
1379 0.9517267379658791
1380 1.8474957942821066
1381 0.31636915147402744
1382 0.31636915147402744
1383 7.32214864341964
1384 7.32214864341964
1385 4.195784111102329
1386 4.195784111102329
1387 3.9327631444267697
1388 3.9327631444267697
1389 2.3041837453415086
1390 2.3041837453415086
1391 4.464302476971124
1392 4.464302476971124
1393 5.386553171163051
1394 5.386553171163051
1395 0.7785561292747456
1396 0.7785561292747456
1397 2.3073375407082226
1398 2.3073375407082226
1399 0.9213320295934099
1400 0.9213320295934099
1401 2.197941980952107
1402 2.197941980952107
1403 1.3470130451425169
1404 1.3470130451425169
1405 1.679889181933812
1406 1.679889181933812
1407 1.2365660205909461
1408 1.2365660205909461
1409 1.5431515602433992
1410 1.5431515602433992
1411 1.8543316522355282
1412 1.8543316522355282
1413 1.6574641886999513
1414 1.6574641886999513
1415 0.37859570588966696
1416 0.37859570588966696
1417 2.1534100337638735
1418 2.1534100337638735
1419 2.0087366686228973
1420 2.0087366686228973
1421 2.476004563873871
1422 4.168428099860409
1423 4.168428099860409
1424 4.149520110602137
1425 4.149520110602137
1426 3.2952508594284224
1427 3.2952508594284224
1428 0.9732091812750676
1429 0.9732091812750676
1430 4.594425234479128
1431 4.594425234479128
1432 2.0007295499444644
1433 2.0007295499444644
1434 2.740076778271476
1435 2.740076778271476
1436 5.57420085589151
1437 5.57420085589151
1438 2.935961779507114
1439 2.935961779507114
1440 4.9719754857626235
1441 4.9719754857626235
1442 4.393843403047167
1443 4.393843403047167
1444 2.8522947372075316
1445 2.8522947372075316
1446 3.6412516709198908
1447 3.6412516709198908
1448 2.382344230428049
1449 2.382344230428049
1450 4.926134086732913
1451 4.926134086732913
1452 2.437053595636465
1453 2.437053595636465
1454 0.9447289925979518
1455 0.9447289925979518
1456 4.4862222475947355
1457 4.4862222475947355
1458 4.296305655878754
1459 4.296305655878754
1460 3.018226266521681
1461 3.018226266521681
1462 4.851782713875796
1463 4.851782713875796
1464 4.24331004437179
1465 4.24331004437179
1466 3.906388203544639
1467 3.906388203544639
1468 3.2261099374137765
1469 3.2261099374137765
1470 3.3884781272038427
1471 3.3884781272038427
1472 5.914602075407821
1473 5.914602075407821
1474 3.3689915479537063
1475 3.3689915479537063
1476 2.428451664705269
1477 2.428451664705269
1478 5.523193475678615
1479 5.523193475678615
1480 8.108756578062211
1481 8.108756578062211
1482 3.5919232871492723
1483 3.5919232871492723
1484 1.2118130630572845
1485 2.131727167639291
1486 2.131727167639291
1487 0.9001729705531405
1488 0.9001729705531405
1489 1.2394403783265038
1490 1.2394403783265038
1491 1.233305179419994
1492 1.233305179419994
1493 1.4009474980282264
1494 1.4009474980282264
1495 1.0094897885911123
1496 1.0094897885911123
1497 1.0827950583449226
1498 1.0827950583449226
1499 1.3405062442819309
1500 1.3405062442819309
1501 1.0333485234574131
1502 1.0333485234574131
1503 0.7651276557285656
1504 0.7651276557285656
1505 1.3760702283741701
1506 1.3760702283741701
1507 0.6087197821751864
1508 0.6087197821751864
1509 0.2722424662811971
1510 0.2722424662811971
1511 0.10526178156375611
1512 0.10526178156375611
1513 0.16556868467581853
1514 0.16556868467581853
1515 0.1
1516 0.1
1517 0.20242165444163926
1518 0.20242165444163926
1519 0.2911015514198416
1520 0.2911015514198416
1521 0.21083122996921094
1522 0.21083122996921094
1523 0.28376724077215093
1524 0.28376724077215093
1525 0.1995948965869686
1526 0.1995948965869686
1527 0.33054709947783245
1528 0.33054709947783245
1529 0.1
1530 0.1
1531 0.22621325593546293
1532 0.22621325593546293
1533 0.1283976130773144
1534 0.1283976130773144
1535 0.2174237228741206
1536 0.2174237228741206
1537 0.2114346477347837
1538 0.2114346477347837
1539 0.27970115087920966
1540 0.27970115087920966
1541 0.11148040205133553
1542 0.11148040205133553
1543 0.13872269047578112
1544 0.13872269047578112
1545 0.28317890713742283
1546 0.28317890713742283
1547 0.19926089612200812
1548 0.19926089612200812
1549 0.2252714495247321
1550 0.2252714495247321
1551 0.1732217376711518
1552 1.8417386118974943
1553 1.8417386118974943
1554 1.0911733172203508
1555 1.0911733172203508
1556 2.5620292974183965
1557 2.5620292974183965
1558 0.1
1559 0.1
1560 2.466671211124568
1561 2.466671211124568
1562 5.477819650471751
1563 5.477819650471751
1564 8.52313716293732
1565 8.52313716293732
1566 6.126994389692249
1567 6.126994389692249
1568 5.063689084997184
1569 5.063689084997184
1570 2.363834463992055
1571 2.363834463992055
1572 2.704456053818778
1573 2.704456053818778
1574 5.570276364044835
1575 5.570276364044835
1576 1.766054881705109
1577 1.766054881705109
1578 3.480459086561791
1579 3.480459086561791
1580 3.030992236982048
1581 3.030992236982048
1582 4.744778522087469
1583 4.744778522087469
1584 3.819664656020425
1585 3.819664656020425
1586 7.808011834560098
1587 7.808011834560098
1588 3.150665014893003
1589 3.150665014893003
1590 0.1
1591 0.1
1592 4.064458675105176
1593 2.8346923952727563
1594 2.8346923952727563
1595 3.53979623988667
1596 3.53979623988667
1597 2.1241798407457173
1598 2.1241798407457173
1599 3.505134669411785
1600 3.505134669411785
1601 3.5911477781681858
1602 3.5911477781681858
1603 2.185391053186453
1604 2.185391053186453
1605 1.6310256187606236
1606 1.6310256187606236
1607 2.5909634130660724
1608 2.5909634130660724
1609 3.4772180639683983
1610 3.4772180639683983
1611 5.002207052449062
1612 5.002207052449062
1613 3.8252518767256847
1614 3.8252518767256847
1615 2.3585644351366453
1616 2.3585644351366453
1617 2.382507165206084
1618 2.382507165206084
1619 4.876917484489352
1620 4.876917484489352
1621 5.234136948834774
1622 5.234136948834774
1623 5.892290024991688
1624 5.892290024991688
1625 3.7746503566092997
1626 3.7746503566092997
1627 2.6864231120611617
1628 2.6864231120611617
1629 1.9014182738846517
1630 1.9014182738846517
1631 2.227836833457679
1632 2.227836833457679
1633 2.087768772781605
1634 2.087768772781605
1635 1.9312202715748927
1636 1.9312202715748927
1637 4.084651482613625
1638 4.084651482613625
1639 2.1550419875530253
1640 2.300437635395801
1641 2.300437635395801
1642 0.687461629510848
1643 0.687461629510848
1644 1.412591119679083
1645 1.412591119679083
1646 2.1853261474100996
1647 2.1853261474100996
1648 2.0378781311326883
1649 2.0378781311326883
1650 1.2709316009767102
1651 1.2709316009767102
1652 0.6200412434576255
1653 0.607360959581274
1654 0.607360959581274
1655 0.9942794854374173
1656 0.9942794854374173
1657 0.41849226981775944
1658 0.41849226981775944
1659 0.1
1660 0.1
1661 1.1996304038759191
1662 1.1996304038759191
1663 0.2107416385846166
1664 1.1662362622197584
1665 1.1662362622197584
1666 1.1580930024252016
1667 1.1580930024252016
1668 0.6231117681526699
1669 3.156457620178893
1670 3.156457620178893
1671 2.9136000826254524
1672 2.9136000826254524
1673 2.912788643622932
1674 2.912788643622932
1675 4.885034675692941
1676 4.885034675692941
1677 5.95258762624711
1678 5.95258762624711
1679 4.573341122807939
1680 4.573341122807939
1681 5.142492066445043
1682 5.142492066445043
1683 4.332238262840102
1684 4.332238262840102
1685 3.9595161331029827
1686 3.9595161331029827
1687 2.519200431565501
1688 2.519200431565501
1689 1.5486631537485804
1690 1.5486631537485804
1691 0.1
1692 0.1
1693 4.757995882768705
1694 4.757995882768705
1695 0.6533451420158647
1696 0.6533451420158647
1697 1.3909707408761274
1698 1.3909707408761274
1699 3.980112790069478
1700 3.980112790069478
1701 2.180123697891637
1702 2.180123697891637
1703 1.8369659467857369
1704 1.8369659467857369
1705 4.066468684760262
1706 6.578459471944395
1707 6.578459471944395
1708 3.889440733339867
1709 3.889440733339867
1710 1.3299034941364476
1711 1.3299034941364476
1712 3.6163303209472524
1713 3.6163303209472524
1714 4.02739880564488
1715 4.02739880564488
1716 5.730713083100819
1717 5.730713083100819
1718 5.202596520242547
1719 5.202596520242547
1720 3.4503955366723242
1721 3.4503955366723242
1722 5.656587387537679
1723 5.656587387537679
1724 5.065365944043624
1725 5.065365944043624
1726 3.397496149156171
1727 3.397496149156171
1728 5.081134242223839
1729 5.081134242223839
1730 0.5240810241068203
1731 0.5240810241068203
1732 4.471527139354752
1733 4.471527139354752
1734 4.305736225054403
1735 4.305736225054403
1736 6.354396047865407
1737 6.354396047865407
1738 4.938847229247257
1739 4.938847229247257
1740 3.7563273232307672
1741 3.7563273232307672
1742 4.77142644683167
1743 4.77142644683167
1744 0.1
1745 0.1
1746 0.2766994547714372
1747 0.2766994547714372
1748 3.606220663148199
1749 3.606220663148199
1750 1.156061387405189
1751 1.156061387405189
1752 0.9462216420099682
1753 0.9462216420099682
1754 0.25466870608539993
1755 0.25466870608539993
1756 0.7776105650638041
1757 0.7776105650638041
1758 1.137401587223937
1759 1.137401587223937
1760 0.8864141693416918
1761 0.8864141693416918
1762 1.4074818694007212
1763 1.4074818694007212
1764 0.5787768443891683
1765 0.5787768443891683
1766 2.1454634550346894
1767 2.1454634550346894
1768 0.7909101493957771
1769 0.7909101493957771
1770 2.5065428827730654
1771 2.5065428827730654
1772 0.9797328562974984
1773 0.9797328562974984
1774 0.8504913833459983
1775 0.8504913833459983
1776 0.1
1777 0.1
1778 2.2360724439144244
1779 2.2360724439144244
1780 0.2977579001343229
1781 0.2977579001343229
1782 0.8277699586550594
1783 0.8277699586550594
1784 1.6085817522857426
1785 1.6085817522857426
1786 1.1935926184341372
1787 1.1935926184341372
1788 1.6975390113560422
1789 1.6975390113560422
1790 1.505706572224888
1791 1.505706572224888
1792 1.4486687496566975
1793 1.4486687496566975
1794 0.47264432083321495
1795 0.47264432083321495
1796 1.0645425305829985
1797 1.0645425305829985
1798 1.0824926751251682
1799 1.0824926751251682
1800 1.14925498602784
1801 1.14925498602784
1802 0.8712210504539901
1803 0.8712210504539901
1804 0.9341837910946538
1805 0.9341837910946538
1806 1.5626026723896862
1807 1.5626026723896862
1808 1.9323012908282746
1809 1.9323012908282746
1810 1.023706999136802
1811 1.023706999136802
1812 1.5598181157219244
1813 1.5598181157219244
1814 0.270446762978921
1815 4.969156976195482
1816 4.969156976195482
1817 4.43999971609905
1818 4.43999971609905
1819 2.15338827924658
1820 2.15338827924658
1821 2.420142178510652
1822 2.420142178510652
1823 2.6543314496564925
1824 2.6543314496564925
1825 4.397479622506116
1826 4.397479622506116
1827 3.287906089998795
1828 3.287906089998795
1829 1.60877515000798
1830 1.60877515000798
1831 2.2393620763689785
1832 2.2393620763689785
1833 4.122971931096695
1834 4.122971931096695
1835 3.310140872898433
1836 3.310140872898433
1837 2.1983715978951124
1838 2.1983715978951124
1839 1.4219245378546534
1840 1.4219245378546534
1841 1.9087782328553546
1842 1.9087782328553546
1843 3.3014797560589892
1844 3.3014797560589892
1845 0.6332309717727669
1846 0.6332309717727669
1847 4.065816665154891
1848 4.065816665154891
1849 4.497346382454971
1850 4.497346382454971
1851 3.8084976471508973
1852 3.8084976471508973
1853 1.0075330979085764
1854 1.0075330979085764
1855 4.138336338909999
1856 4.138336338909999
1857 2.184703371970354
1858 3.3797932887441773
1859 3.3797932887441773
1860 0.9197133072256952
1861 0.9197133072256952
1862 3.2111173446465253
1863 3.2111173446465253
1864 1.6140752504829061
1865 1.6140752504829061
1866 1.210379759948999
1867 1.210379759948999
1868 1.0692273929369949
1869 1.0692273929369949
1870 2.063941380029068
1871 2.063941380029068
1872 1.286932115388531
1873 1.286932115388531
1874 1.3167297819282664
1875 1.3167297819282664
1876 3.719020318265037
1877 3.719020318265037
1878 5.038628558692214
1879 5.038628558692214
1880 3.9844708379451936
1881 3.9844708379451936
1882 0.7871129220186219
1883 0.7871129220186219
1884 4.467225562304624
1885 4.467225562304624
1886 2.743025499459155
1887 2.743025499459155
1888 3.3244616530783664
1889 3.3244616530783664
1890 5.474294859400267
1891 5.474294859400267
1892 5.567766965957418
1893 5.567766965957418
1894 5.053894646413286
1895 5.053894646413286
1896 4.882624025305427
1897 4.882624025305427
1898 2.118876199255367
1899 2.118876199255367
1900 1.9688854325769756
1901 0.7427546117378878
1902 0.7427546117378878
1903 1.3051073499364476
1904 1.3051073499364476
1905 0.9028896873428724
1906 0.9028896873428724
1907 3.660603508259157
1908 3.660603508259157
1909 1.660182651330765
1910 1.660182651330765
1911 4.608354561376647
1912 4.608354561376647
1913 5.061080762688394
1914 5.061080762688394
1915 5.654944692615434
1916 5.654944692615434
1917 0.1
1918 0.1
1919 6.0363980404684074
1920 6.0363980404684074
1921 3.958568835887338
1922 3.958568835887338
1923 3.859223569354181
1924 3.859223569354181
1925 4.093703610706796
1926 4.093703610706796
1927 2.0701272782322477
1928 2.0701272782322477
1929 5.169680322737481
1930 5.169680322737481
1931 5.37973346352988
1932 5.37973346352988
1933 1.3741949279684937
1934 1.3741949279684937
1935 3.732957015947356
1936 3.732957015947356
1937 5.066857497037464
1938 5.066857497037464
1939 1.1209515680067512
1940 1.1209515680067512
1941 3.448531439137166
1942 3.448531439137166
1943 4.6155118561344315
1944 4.6155118561344315
1945 5.024792625866138
1946 5.024792625866138
1947 0.612231151039679
1948 0.612231151039679
1949 4.9501172301338325
1950 4.9501172301338325
1951 2.8461665800121008
1952 2.8461665800121008
1953 3.971762207677239
1954 3.971762207677239
1955 2.4468412325446356
1956 2.4468412325446356
1957 3.939343755435501
1958 3.939343755435501
1959 3.707638404850087
1960 3.707638404850087
1961 3.4088328446308993
1962 3.4088328446308993
1963 5.518513568442549
1964 5.518513568442549
1965 0.9697560784140977
1966 1.610252770011261
1967 1.610252770011261
1968 0.8118605559861554
1969 0.8118605559861554
1970 2.0550636438100773
1971 2.0550636438100773
1972 0.7585096182108002
1973 0.7585096182108002
1974 1.8481952749046815
1975 1.8481952749046815
1976 1.5132016924795688
1977 1.5132016924795688
1978 3.29495635385946
1979 3.29495635385946
1980 3.9014563627946015
1981 3.9014563627946015
1982 2.9854004090569086
1983 2.9854004090569086
1984 2.218568672562966
1985 2.218568672562966
1986 2.15041286196674
1987 2.15041286196674
1988 2.240830838094887
1989 2.240830838094887
1990 0.4510122081870962
1991 0.4510122081870962
1992 1.7405534025542608
1993 1.7405534025542608
1994 1.2617066809654558
1995 1.2617066809654558
1996 1.7672993162360153
1997 1.7672993162360153
1998 0.27928458572886283
1999 1.3258918357581035
