0 0.3493948457891569
1 0.3493948457891569
2 0.7479000401411953
3 0.7479000401411953
4 0.5716174919169086
5 0.5716174919169086
6 0.8661846945756487
7 0.8661846945756487
8 0.5249195216176509
9 0.5249195216176509
10 0.28230920815473315
11 0.28230920815473315
12 0.6284460105882279
13 0.6284460105882279
14 0.14873062971036144
15 0.14873062971036144
16 0.554606716581521
17 0.554606716581521
18 0.6786147094760222
19 0.6786147094760222
20 0.8552525656965025
21 0.8552525656965025
22 0.9203997378806617
23 0.9203997378806617
24 0.3112848859469272
25 0.3112848859469272
26 1.2555219330298493
27 1.2555219330298493
28 0.9097420538129553
29 0.9097420538129553
30 0.5665760365610713
31 0.5665760365610713
32 0.17065712160781515
33 0.17065712160781515
34 0.5440960021192964
35 0.5440960021192964
36 0.5322545745621515
37 5.027069609592771
38 5.027069609592771
39 7.118345025078655
40 7.118345025078655
41 2.9070666130596234
42 2.9070666130596234
43 5.86132615877744
44 5.86132615877744
45 3.3486060911426545
46 3.3486060911426545
47 5.602536826010086
48 5.602536826010086
49 3.09444672233479
50 3.09444672233479
51 5.893832188184319
52 5.893832188184319
53 2.58697618889098
54 2.58697618889098
55 3.8016169805696647
56 3.8016169805696647
57 2.9481973398835026
58 2.9481973398835026
59 2.3906524442381247
60 2.3906524442381247
61 2.234978314352777
62 3.255895409535672
63 3.255895409535672
64 1.187855093142061
65 1.187855093142061
66 2.529398123258791
67 2.529398123258791
68 5.153979065726174
69 5.153979065726174
70 2.427359882090949
71 2.427359882090949
72 2.6470332691774128
73 2.6470332691774128
74 0.445094157464756
75 0.445094157464756
76 4.5175662595480075
77 4.5175662595480075
78 2.6564379883429092
79 2.6564379883429092
80 3.867446426374973
81 3.867446426374973
82 5.453307434437819
83 5.453307434437819
84 3.047694966761192
85 3.047694966761192
86 3.2902500241060904
87 3.2902500241060904
88 6.573341530445657
89 6.573341530445657
90 5.313900300836964
91 5.313900300836964
92 5.613931671200717
93 5.613931671200717
94 4.456585622612291
95 4.456585622612291
96 4.5107385011385
97 4.5107385011385
98 2.4184716578047913
99 2.4184716578047913
100 5.089193027126268
101 5.089193027126268
102 2.7731428079763383
103 2.7731428079763383
104 6.151695546365392
105 6.151695546365392
106 1.9045259284322684
107 1.9045259284322684
108 5.195539439902361
109 5.195539439902361
110 2.055659040541277
111 2.055659040541277
112 0.1
113 0.1
114 2.878544501162161
115 2.878544501162161
116 5.093846842135736
117 5.093846842135736
118 5.078297667368481
119 5.078297667368481
120 5.115552067080697
121 5.115552067080697
122 2.1656678226748287
123 2.1656678226748287
124 3.0493999310543867
125 3.0493999310543867
126 2.732321062812132
127 2.732321062812132
128 5.920880461712738
129 5.920880461712738
130 4.915135669118598
131 4.915135669118598
132 2.936052587783088
133 2.936052587783088
134 3.00218639441185
135 3.00218639441185
136 1.5501981178297712
137 1.5501981178297712
138 0.1
139 0.1
140 4.828713771723792
141 4.828713771723792
142 4.379767150811111
143 4.379767150811111
144 3.7629942059903017
145 3.7629942059903017
146 7.437450981596687
147 7.437450981596687
148 6.041310824247164
149 6.041310824247164
150 3.0286962709720027
151 3.0286962709720027
152 2.6647998959557597
153 2.6647998959557597
154 3.4688065552413496
155 3.4688065552413496
156 3.9132374600999387
157 3.9132374600999387
158 1.7639343600287014
159 1.7639343600287014
160 3.6412316255267605
161 3.6412316255267605
162 3.5110647868783547
163 3.5110647868783547
164 5.168574927075996
165 5.168574927075996
166 3.66803056529741
167 3.66803056529741
168 5.720290758910789
169 5.720290758910789
170 2.1339769465546796
171 0.6543930784622949
172 0.6543930784622949
173 1.645330486147642
174 1.645330486147642
175 1.2861065257042188
176 1.2861065257042188
177 1.8718939482806716
178 1.8718939482806716
179 0.5341644831134085
180 0.5341644831134085
181 1.3215275581645411
182 1.3215275581645411
183 1.47435875749571
184 1.47435875749571
185 0.999957941850084
186 0.999957941850084
187 1.6533149901826356
188 1.6533149901826356
189 1.917372575436169
190 1.917372575436169
191 1.6308210480493148
192 1.6308210480493148
193 1.0124756361337974
194 1.0124756361337974
195 1.1871509951018586
196 1.1871509951018586
197 1.2833836080333407
198 1.2833836080333407
199 1.5828870189848439
200 1.5828870189848439
201 1.2315832751678086
202 1.2315832751678086
203 0.7982859559007772
204 0.7982859559007772
205 1.9668223482970244
206 1.9668223482970244
207 2.009660367167082
208 2.009660367167082
209 1.7774708593283097
210 1.7774708593283097
211 1.8727198947276442
212 1.8727198947276442
213 1.2018311804368438
214 1.2018311804368438
215 1.1415584023222702
216 1.1415584023222702
217 0.3410317902230613
218 2.17482743609832
219 2.17482743609832
220 2.9177221347567834
221 2.9177221347567834
222 3.099519219844814
223 3.099519219844814
224 3.527812302978646
225 3.527812302978646
226 3.1007242684248872
227 3.1007242684248872
228 2.5875413880754086
229 2.5875413880754086
230 1.2068322447075548
231 1.2068322447075548
232 2.971844452070221
233 2.971844452070221
234 3.2106888528712494
235 3.2106888528712494
236 2.7699005100640988
237 2.7699005100640988
238 3.825493508829532
239 3.825493508829532
240 3.0326519336363935
241 3.0326519336363935
242 2.4106045296050325
243 2.4106045296050325
244 1.9818824738196426
245 1.9818824738196426
246 2.13692441637116
247 2.13692441637116
248 4.183747886214115
249 4.183747886214115
250 1.6835742606553414
251 1.6835742606553414
252 3.0924435009664544
253 3.0924435009664544
254 2.416663339574262
255 2.416663339574262
256 2.6358156353843136
257 2.6358156353843136
258 0.20258698013387288
259 0.20258698013387288
260 2.4597551589334263
261 2.4597551589334263
262 3.600757140702875
263 3.600757140702875
264 3.2432655533788735
265 3.2432655533788735
266 1.6744283285875254
267 1.6744283285875254
268 3.949140355280858
269 3.949140355280858
270 2.902373952468416
271 2.902373952468416
272 1.7221794757787734
273 1.7221794757787734
274 2.4298106537211726
275 2.4298106537211726
276 0.9439035810567442
277 0.9439035810567442
278 2.574630495407665
279 2.574630495407665
280 3.278425093783002
281 3.278425093783002
282 1.9402170806292935
283 1.9402170806292935
284 2.7267423937390265
285 2.7267423937390265
286 1.239417992801591
287 1.239417992801591
288 1.1645306784188336
289 1.1645306784188336
290 0.8750453999879012
291 0.8750453999879012
292 1.7866076453783726
293 1.7866076453783726
294 0.8482015785018959
295 0.8482015785018959
296 0.7183013708338923
297 0.7183013708338923
298 0.5950018032442524
299 0.5950018032442524
300 1.5577708453715478
301 1.5577708453715478
302 1.907726526469173
303 1.907726526469173
304 0.5741711434601802
305 0.5741711434601802
306 1.430715739027032
307 2.185737233003274
308 2.185737233003274
309 3.734464745937932
310 3.734464745937932
311 0.5888748999080311
312 0.5888748999080311
313 1.388230288369879
314 1.388230288369879
315 3.328817481056675
316 3.328817481056675
317 3.319053109581553
318 3.319053109581553
319 2.5142798498813215
320 2.5142798498813215
321 2.0265798422894696
322 2.0265798422894696
323 1.4239454933193394
324 1.4239454933193394
325 2.4295499168019092
326 2.4295499168019092
327 3.664193137099134
328 3.664193137099134
329 1.5037226535207173
330 1.5037226535207173
331 1.5530665307914202
332 1.5530665307914202
333 2.209191535511191
334 2.209191535511191
335 2.125535340237258
336 2.125535340237258
337 1.372942242684288
338 1.372942242684288
339 4.160894460301678
340 4.160894460301678
341 2.9581333068112787
342 2.9581333068112787
343 3.19584448273653
344 3.19584448273653
345 0.1
346 0.1
347 1.4499396648703105
348 1.4499396648703105
349 1.759416804665723
350 1.759416804665723
351 3.8897333031453174
352 3.8897333031453174
353 1.4198531224661253
354 1.4198531224661253
355 1.1941394245520576
356 1.1941394245520576
357 1.943424293356749
358 1.943424293356749
359 1.5445368962825863
360 1.5445368962825863
361 1.1554404865060792
362 1.1554404865060792
363 2.786360677807581
364 2.786360677807581
365 2.7787730371398607
366 2.7787730371398607
367 2.993365640176129
368 2.993365640176129
369 1.880684921377517
370 1.880684921377517
371 2.199237959091188
372 2.199237959091188
373 2.6915469587123724
374 2.6915469587123724
375 1.2379318724955422
376 1.2379318724955422
377 4.151024028380443
378 4.151024028380443
379 2.2525163036144558
380 2.2525163036144558
381 2.6100295861359744
382 2.6100295861359744
383 2.7064755987069575
384 2.7064755987069575
385 2.724842240643399
386 2.724842240643399
387 2.238379229380926
388 2.238379229380926
389 1.2603374098593194
390 1.2603374098593194
391 2.368927696499012
392 2.368927696499012
393 2.637542181712723
394 2.637542181712723
395 1.3498418131882692
396 1.3498418131882692
397 3.4594173137166786
398 3.4594173137166786
399 2.278557838634392
400 2.278557838634392
401 1.881693487791757
402 1.881693487791757
403 2.985297119845787
404 2.985297119845787
405 2.4246643435960307
406 2.4246643435960307
407 2.169332350600744
408 2.169332350600744
409 1.2933861018394268
410 1.2933861018394268
411 1.205279247672069
412 1.205279247672069
413 2.048537441798021
414 2.048537441798021
415 2.0336196295768953
416 4.3394729048231815
417 4.3394729048231815
418 3.757309981056422
419 3.757309981056422
420 3.0922025229023804
421 3.0922025229023804
422 0.9774282607423013
423 0.9774282607423013
424 2.0349202505147046
425 2.0349202505147046
426 1.8066854952991696
427 1.8066854952991696
428 0.1503083766025619
429 0.1503083766025619
430 4.587742996491038
431 4.587742996491038
432 4.149012063954206
433 4.149012063954206
434 0.8123592882117316
435 0.8123592882117316
436 2.8348952029977847
437 2.8348952029977847
438 1.98863406612743
439 1.98863406612743
440 4.7364326491600215
441 4.7364326491600215
442 0.8755161999769838
443 0.8755161999769838
444 1.1462354853496708
445 1.1462354853496708
446 1.2101227399565087
447 1.2101227399565087
448 1.0580098149983344
449 1.0580098149983344
450 1.1497581807166746
451 1.1497581807166746
452 0.4582336430687277
453 0.4582336430687277
454 1.5559946821563764
455 1.5559946821563764
456 0.8623610900037082
457 0.8623610900037082
458 1.1115644639095779
459 1.1115644639095779
460 1.45825278945828
461 1.45825278945828
462 0.8145744693542685
463 0.8145744693542685
464 0.5706420717271324
465 0.5706420717271324
466 1.5034664167359617
467 1.5034664167359617
468 1.292585090381677
469 1.292585090381677
470 1.1078392303117859
471 1.1078392303117859
472 1.124398366529591
473 1.124398366529591
474 1.6614850238808327
475 1.6614850238808327
476 1.2930780155217103
477 1.2930780155217103
478 1.898937459109697
479 1.898937459109697
480 1.925977681115191
481 1.925977681115191
482 1.5463516185285984
483 1.5463516185285984
484 0.7387782549383515
485 0.7387782549383515
486 1.1341121454013263
487 1.1341121454013263
488 0.8202399704713819
489 0.8202399704713819
490 0.7503718050536978
491 0.7503718050536978
492 0.9716342678957757
493 0.9716342678957757
494 1.652015458153548
495 1.652015458153548
496 0.5456303213026361
497 0.5456303213026361
498 1.1526126600043591
499 1.1526126600043591
500 1.6953920312642348
501 1.6953920312642348
502 0.6498882047761818
503 0.6498882047761818
504 0.861639559556528
505 0.861639559556528
506 1.6602317847464723
507 1.6602317847464723
508 0.66561633560552
509 0.66561633560552
510 1.2133390218646964
511 1.2133390218646964
512 1.8897470968511247
513 1.8897470968511247
514 1.6020007437402188
515 1.6020007437402188
516 1.7079544566337561
517 1.7079544566337561
518 0.7084084294848474
519 0.7084084294848474
520 1.8507745087465128
521 1.8507745087465128
522 0.5475375120131134
523 0.5475375120131134
524 1.2238856459371883
525 0.31451909357719665
526 0.31451909357719665
527 0.23927191629070402
528 0.23927191629070402
529 0.2279165176711627
530 0.2279165176711627
531 0.1678508246912855
532 0.1678508246912855
533 0.24553303595513787
534 0.24553303595513787
535 0.1916281414293095
536 0.1916281414293095
537 0.21580060299852344
538 0.21580060299852344
539 0.2605419060634256
540 0.2605419060634256
541 0.30336258512684383
542 0.30336258512684383
543 0.21878302371689198
544 0.21878302371689198
545 0.21637003348745668
546 0.21637003348745668
547 0.23592436961925842
548 0.23592436961925842
549 0.29005259562883384
550 0.29005259562883384
551 0.2870986616706443
552 0.2870986616706443
553 0.21388173117115455
554 0.21388173117115455
555 0.20888289854311787
556 0.20888289854311787
557 0.2155420590626081
558 0.2155420590626081
559 0.2735293521779362
560 0.2735293521779362
561 0.1
562 0.1
563 0.20301531916901305
564 0.20301531916901305
565 0.2380084259305596
566 0.2380084259305596
567 0.22585241783809826
568 0.22585241783809826
569 0.24384377966393284
570 0.24384377966393284
571 0.31281160120289186
572 0.31281160120289186
573 0.28259415570281204
574 0.28259415570281204
575 0.1813844265289463
576 0.1813844265289463
577 0.2884042750804834
578 0.2884042750804834
579 1.2456994795533272
580 1.2456994795533272
581 0.8252283463329474
582 0.8252283463329474
583 1.6321087014555216
584 1.6321087014555216
585 0.23794001238073614
586 0.23794001238073614
587 1.0044552223956627
588 1.0044552223956627
589 1.587990980581709
590 1.587990980581709
591 0.8282176507820562
592 0.8282176507820562
593 1.4561388131037816
594 1.4561388131037816
595 1.2119825275021392
596 1.2119825275021392
597 1.4565546236882314
598 1.4565546236882314
599 0.918234078810012
600 0.918234078810012
601 1.2990738800046429
602 1.2990738800046429
603 1.0095810424366274
604 1.0095810424366274
605 3.553189175510738
606 3.553189175510738
607 5.634271614280198
608 5.634271614280198
609 3.197671329552439
610 3.197671329552439
611 3.9180084010631218
612 3.9180084010631218
613 5.240188191065613
614 5.240188191065613
615 2.865347838374907
616 2.865347838374907
617 2.633492219776186
618 2.633492219776186
619 5.040950304373837
620 5.040950304373837
621 5.373569117454348
622 5.373569117454348
623 9.10080387277707
624 9.10080387277707
625 2.2325567466513245
626 2.2325567466513245
627 1.0417434531239915
628 1.0417434531239915
629 3.7085861028056106
630 3.7085861028056106
631 3.2944778693184578
632 3.2944778693184578
633 3.447318161652649
634 3.447318161652649
635 3.1783321194420684
636 3.1783321194420684
637 3.7107031922807954
638 3.7107031922807954
639 5.697749188294858
640 5.697749188294858
641 5.234926461635509
642 5.234926461635509
643 3.9914431372483357
644 3.9914431372483357
645 4.488749535608967
646 4.488749535608967
647 4.416275245686722
648 4.416275245686722
649 2.1731715399845806
650 2.1731715399845806
651 3.1373003169780285
652 3.1373003169780285
653 1.1597155923064997
654 1.1597155923064997
655 3.137169614837983
656 3.137169614837983
657 3.558404277841303
658 3.558404277841303
659 2.3969921287252203
660 2.3969921287252203
661 3.443542523149524
662 3.443542523149524
663 3.9506661098666953
664 3.9506661098666953
665 3.326894147271536
666 3.326894147271536
667 4.208927646031284
668 4.208927646031284
669 5.000354057845454
670 5.000354057845454
671 5.030201520660658
672 5.030201520660658
673 1.9451206421197524
674 1.9451206421197524
675 3.4844463483487207
676 3.4844463483487207
677 2.1194908551052336
678 2.1194908551052336
679 2.2131658334041036
680 2.2131658334041036
681 4.725090118143693
682 4.725090118143693
683 4.987661601696736
684 4.987661601696736
685 0.1325586083823178
686 0.1325586083823178
687 2.660125953352207
688 2.5458739046571384
689 2.5458739046571384
690 2.8714584215213863
691 2.8714584215213863
692 4.886870571042918
693 4.886870571042918
694 1.3082583543745232
695 1.3082583543745232
696 3.1777104077740956
697 3.1777104077740956
698 2.5497948267592907
699 2.5497948267592907
700 0.6674271014719946
701 0.6674271014719946
702 1.7238596356332303
703 1.7238596356332303
704 0.32992258363396854
705 0.32992258363396854
706 0.7241182475578443
707 0.7241182475578443
708 1.8049782110120198
709 1.8049782110120198
710 1.8356598493101062
711 1.8356598493101062
712 2.223873494482509
713 2.223873494482509
714 0.7461851861580635
715 0.7461851861580635
716 4.225424425202791
717 4.225424425202791
718 1.9291058130252041
719 1.9291058130252041
720 3.80010442686498
721 3.80010442686498
722 0.9136370019259457
723 0.9136370019259457
724 3.5859806858030137
725 3.5859806858030137
726 2.3466779278587753
727 2.3466779278587753
728 2.560657725519753
729 2.560657725519753
730 2.283308071887678
731 2.283308071887678
732 2.238385420699001
733 2.238385420699001
734 2.586859720300941
735 2.586859720300941
736 2.275772043517582
737 2.275772043517582
738 3.859860139502331
739 2.784213514098293
740 2.784213514098293
741 3.6133995976372
742 3.6133995976372
743 2.579884769104466
744 2.579884769104466
745 6.043946345490918
746 6.043946345490918
747 4.250540182944646
748 4.250540182944646
749 1.6688376281087682
750 1.6688376281087682
751 2.761378088705973
752 2.761378088705973
753 2.2450620301679733
754 2.2450620301679733
755 4.299806375639198
756 4.299806375639198
757 2.045928899211553
758 2.045928899211553
759 5.081311220592234
760 5.081311220592234
761 3.038908025622498
762 3.038908025622498
763 5.7618579537426555
764 5.7618579537426555
765 3.7788083079544403
766 3.7788083079544403
767 4.1782884113644405
768 4.1782884113644405
769 3.0282756155189405
770 3.0282756155189405
771 3.032368290191989
772 3.032368290191989
773 6.0374911709492345
774 6.0374911709492345
775 2.7417260623708892
776 2.7417260623708892
777 3.6216095445754544
778 3.6216095445754544
779 2.83844235741865
780 2.83844235741865
781 3.16939580272022
782 3.16939580272022
783 1.9909342773943026
784 5.089435835841165
785 5.089435835841165
786 2.4408977490416515
787 2.4408977490416515
788 3.022909898391018
789 3.022909898391018
790 6.972132057542309
791 6.972132057542309
792 5.647031173784656
793 5.647031173784656
794 4.712943860794674
795 4.712943860794674
796 3.207623125903404
797 3.207623125903404
798 3.30043686876596
799 3.30043686876596
800 3.130826319440423
801 3.130826319440423
802 1.419887124526178
803 1.419887124526178
804 5.964800673378917
805 5.964800673378917
806 2.898613692505863
807 2.898613692505863
808 3.787204384986686
809 3.787204384986686
810 6.244738064425556
811 6.244738064425556
812 3.3261515960128305
813 3.3338286979061413
814 3.3338286979061413
815 3.4648632417895153
816 3.4648632417895153
817 2.8541895213338293
818 2.8541895213338293
819 3.2821529538249097
820 3.2821529538249097
821 2.0009412700130254
822 2.0009412700130254
823 3.1633453166042056
824 3.1633453166042056
825 3.3199069701954484
826 1.1975878835528324
827 1.1975878835528324
828 1.9695891129890277
829 1.9695891129890277
830 0.8456700144383318
831 0.8456700144383318
832 1.1927489111124498
833 1.1927489111124498
834 0.6914410321191127
835 0.6914410321191127
836 1.7547076757035578
837 1.7547076757035578
838 1.2395251556923028
839 1.2395251556923028
840 2.068783427327525
841 2.068783427327525
842 2.158931220348382
843 2.158931220348382
844 0.9117946636570221
845 0.9117946636570221
846 2.6021555732146977
847 2.6021555732146977
848 1.4023197701666965
849 1.4023197701666965
850 0.6983212220058176
851 0.6983212220058176
852 1.3119374276318752
853 1.3119374276318752
854 1.4856138909195944
855 1.4856138909195944
856 2.5102680781587026
857 2.5102680781587026
858 1.5807460925173027
859 1.5807460925173027
860 1.1782949630873205
861 1.1782949630873205
862 2.121802418782175
863 2.121802418782175
864 2.1751009565510904
865 2.1751009565510904
866 1.3820124341945166
867 1.3820124341945166
868 0.8498618005618183
869 0.8498618005618183
870 2.0831258447566023
871 2.0831258447566023
872 1.4960847139030242
873 1.4960847139030242
874 1.8074109883433656
875 1.8074109883433656
876 1.88991490958789
877 1.88991490958789
878 2.2043370173232435
879 2.2043370173232435
880 1.2216569765487826
881 1.2216569765487826
882 2.0274946955889797
883 2.0274946955889797
884 1.458217961250452
885 1.458217961250452
886 1.16243135834249
887 1.16243135834249
888 0.8745787969971156
889 0.8745787969971156
890 0.4950115930402319
891 0.4950115930402319
892 1.5887838517290453
893 1.5887838517290453
894 2.4249954893154086
895 2.4249954893154086
896 0.9471791429186152
897 0.9471791429186152
898 2.1380085336161927
899 2.1380085336161927
900 0.5543351780407522
901 0.5543351780407522
902 1.8863220529743079
903 1.8863220529743079
904 0.3095265643751044
905 0.3095265643751044
906 2.2652230877469344
907 2.2652230877469344
908 0.9664138666334233
909 0.9664138666334233
910 1.345598298027508
911 1.345598298027508
912 2.161028922461661
913 3.3280403534311542
914 3.3280403534311542
915 3.1617989958603605
916 3.1617989958603605
917 1.6639175508204387
918 1.6639175508204387
919 4.340322256610541
920 4.340322256610541
921 4.3437712956939
922 4.3437712956939
923 4.603104150501206
924 4.603104150501206
925 2.3924550633365875
926 2.3924550633365875
927 5.25252333945835
928 5.25252333945835
929 3.8918856848738477
930 3.8918856848738477
931 1.4505944507696718
932 1.4505944507696718
933 1.92848005345367
934 1.92848005345367
935 2.4047432151467607
936 2.4047432151467607
937 0.9924279230889532
938 0.9924279230889532
939 2.676827503461831
940 2.676827503461831
941 1.7386781132861657
942 1.7386781132861657
943 1.8700634616011758
944 1.8700634616011758
945 2.7127437078756693
946 2.7127437078756693
947 2.054929138653437
948 2.054929138653437
949 1.699626303558909
950 1.699626303558909
951 1.4876124120999672
952 1.4876124120999672
953 2.033021204805668
954 2.033021204805668
955 3.7706794896433418
956 3.7706794896433418
957 1.9127997556677752
958 1.9127997556677752
959 1.123144082726289
960 1.123144082726289
961 2.3060074831081256
962 2.3060074831081256
963 2.5090545613625865
964 2.5090545613625865
965 2.448217724336044
966 2.448217724336044
967 1.8132642179552458
968 1.8132642179552458
969 2.640573911765074
970 2.640573911765074
971 2.1360856983142655
972 2.1360856983142655
973 2.777343853836203
974 2.777343853836203
975 1.3824738871593114
976 1.3824738871593114
977 1.028072784834504
978 1.028072784834504
979 2.217433673602423
980 2.217433673602423
981 1.0480137037911919
982 1.0480137037911919
983 3.125017694362781
984 3.125017694362781
985 2.690263141193659
986 2.690263141193659
987 2.141173770374675
988 2.141173770374675
989 2.3720235498111935
990 2.3720235498111935
991 2.126621668009846
992 2.126621668009846
993 2.4259814860900626
994 2.4259814860900626
995 1.5254942970412795
996 1.5254942970412795
997 0.1
998 0.1
999 1.8043112283326574
1000 1.8043112283326574
1001 3.6975757415242247
1002 3.6975757415242247
1003 3.2925867194631597
1004 3.2925867194631597
1005 2.492058753228151
1006 2.492058753228151
1007 1.9881957376327035
1008 1.9881957376327035
1009 1.603593003157943
1010 1.603593003157943
1011 2.9019902564957745
1012 2.9019902564957745
1013 1.9341525917688744
1014 1.9341525917688744
1015 0.1
1016 6.31099799954772
1017 6.31099799954772
1018 4.073159018313918
1019 4.073159018313918
1020 3.682466158730825
1021 3.682466158730825
1022 4.8061063029022
1023 4.8061063029022
1024 4.926916293472889
1025 4.926916293472889
1026 4.927002412279623
1027 4.927002412279623
1028 2.489880935044863
1029 2.489880935044863
1030 3.630113426452162
1031 3.630113426452162
1032 5.426861942153312
1033 5.426861942153312
1034 4.476797160286395
1035 4.476797160286395
1036 1.9869401450565878
1037 1.9869401450565878
1038 3.4185240162167725
1039 3.4185240162167725
1040 1.7031574090256432
1041 1.7031574090256432
1042 5.917744346583766
1043 5.917744346583766
1044 2.7374926143784872
1045 2.7374926143784872
1046 1.5960515592288953
1047 1.5960515592288953
1048 3.891693967888722
1049 3.891693967888722
1050 4.3477073862332425
1051 4.3477073862332425
1052 3.15747648407961
1053 3.15747648407961
1054 1.488015525697362
1055 1.488015525697362
1056 1.7745275820167028
1057 1.7745275820167028
1058 4.40859416436074
1059 4.40859416436074
1060 5.385147737455404
1061 5.385147737455404
1062 5.713948310037784
1063 5.713948310037784
1064 5.93954187619898
1065 5.93954187619898
1066 5.227466524397063
1067 5.227466524397063
1068 3.7543331843363
1069 3.7543331843363
1070 6.543647507423892
1071 6.543647507423892
1072 4.448279113844424
1073 4.448279113844424
1074 4.263355069927804
1075 4.263355069927804
1076 6.608375360283345
1077 6.608375360283345
1078 5.073735745490181
1079 5.073735745490181
1080 2.657676751598401
1081 2.657676751598401
1082 4.082184820935859
1083 4.082184820935859
1084 4.776656400765629
1085 4.776656400765629
1086 7.188848664821001
1087 7.188848664821001
1088 3.023123138031558
1089 3.023123138031558
1090 2.6446233882534913
1091 2.6446233882534913
1092 2.984553071036505
1093 2.984553071036505
1094 2.9102370561624133
1095 2.9102370561624133
1096 3.275231970784829
1097 3.275231970784829
1098 7.193637063096904
1099 7.193637063096904
1100 3.9125408778421744
1101 3.9125408778421744
1102 2.7057581085994595
1103 2.7057581085994595
1104 4.135033050043542
1105 4.135033050043542
1106 5.8971825604614905
1107 5.8971825604614905
1108 1.4062363135930749
1109 1.4062363135930749
1110 2.718041404881229
1111 2.718041404881229
1112 1.5308447843360202
1113 2.3514093144350583
1114 2.3514093144350583
1115 1.43799291161627
1116 1.43799291161627
1117 0.7530637358360894
1118 0.7530637358360894
1119 3.006775173765546
1120 3.006775173765546
1121 2.371764962077832
1122 2.371764962077832
1123 1.153644044406063
1124 1.153644044406063
1125 1.4483884671312546
1126 1.4483884671312546
1127 1.2633219931399422
1128 1.2633219931399422
1129 0.9614459317294994
1130 0.9614459317294994
1131 1.8346971672869183
1132 1.8346971672869183
1133 1.600764599071294
1134 1.600764599071294
1135 1.984032596953004
1136 1.984032596953004
1137 1.7051066873494534
1138 1.7051066873494534
1139 0.1614078413434017
1140 2.915247094586775
1141 2.915247094586775
1142 3.590844496306071
1143 3.590844496306071
1144 4.6177165593566505
1145 4.6177165593566505
1146 3.4732912892409216
1147 3.4732912892409216
1148 4.355964248871335
1149 4.355964248871335
1150 2.8637514547201373
1151 2.8637514547201373
1152 4.7296180520622935
1153 4.7296180520622935
1154 6.069294808204125
1155 6.069294808204125
1156 4.96330752964313
1157 4.96330752964313
1158 4.561396794710887
1159 4.561396794710887
1160 4.238196389332783
1161 4.238196389332783
1162 4.024226841954856
1163 4.024226841954856
1164 3.4588801582483506
1165 3.4588801582483506
1166 4.679910634063176
1167 4.679910634063176
1168 1.8689798870351182
1169 1.8689798870351182
1170 3.5322302450953105
1171 3.5322302450953105
1172 3.0465564619538155
1173 3.0465564619538155
1174 3.7184258081825377
1175 3.7184258081825377
1176 3.7766668434429045
1177 3.7766668434429045
1178 4.242814432361348
1179 4.242814432361348
1180 5.088113721101632
1181 5.088113721101632
1182 0.1
1183 0.1
1184 0.8656057854013524
1185 0.8656057854013524
1186 4.880959991662068
1187 4.880959991662068
1188 7.581239126318135
1189 7.581239126318135
1190 4.977134252456779
1191 4.977134252456779
1192 5.885248514407957
1193 5.885248514407957
1194 0.1
1195 0.1
1196 2.668167895326496
1197 2.668167895326496
1198 3.913855138106789
1199 3.913855138106789
1200 2.74835326960209
1201 2.74835326960209
1202 5.994884212504963
1203 5.994884212504963
1204 3.728794098910312
1205 3.728794098910312
1206 1.7956120334545531
1207 1.7956120334545531
1208 6.021386438166767
1209 6.021386438166767
1210 1.8567098903934942
1211 1.8567098903934942
1212 2.85299859797625
1213 2.85299859797625
1214 4.471345612732653
1215 1.5745013890026978
1216 1.5745013890026978
1217 1.6223581901551012
1218 1.6223581901551012
1219 1.990867731878343
1220 1.990867731878343
1221 2.5841448091395858
1222 2.5841448091395858
1223 2.470869028949273
1224 2.470869028949273
1225 2.525754480935151
1226 2.525754480935151
1227 0.7050384039645752
1228 0.7050384039645752
1229 1.553011278184604
1230 1.553011278184604
1231 1.987787772801095
1232 1.987787772801095
1233 2.235749790267407
1234 2.235749790267407
1235 1.9128482817833703
1236 1.9128482817833703
1237 1.8705542851238233
1238 1.8705542851238233
1239 0.7711215062847417
1240 0.7711215062847417
1241 0.22688063094961575
1242 0.22688063094961575
1243 0.4661429162495558
1244 0.4661429162495558
1245 0.5763643664878086
1246 0.5763643664878086
1247 0.5960729459146875
1248 0.5960729459146875
1249 0.168627637382736
1250 0.168627637382736
1251 1.1745538035793879
1252 1.318269322752879
1253 1.318269322752879
1254 4.554948423415434
1255 4.554948423415434
1256 3.9919138034082455
1257 3.9919138034082455
1258 2.7924752264413657
1259 2.7924752264413657
1260 8.04716013795834
1261 8.04716013795834
1262 0.767627783123555
1263 0.767627783123555
1264 3.53362327708567
1265 3.53362327708567
1266 5.836970203032141
1267 5.836970203032141
1268 2.0068656239239155
1269 2.0068656239239155
1270 4.963939435497725
1271 4.963939435497725
1272 4.591214988668932
1273 4.591214988668932
1274 3.4726863996899286
1275 3.4726863996899286
1276 7.230350873975043
1277 7.230350873975043
1278 2.867779440276023
1279 2.867779440276023
1280 3.5444367073544347
1281 3.5444367073544347
1282 2.5282121909056974
1283 2.5282121909056974
1284 4.006009267383689
1285 4.006009267383689
1286 4.367685717911403
1287 4.367685717911403
1288 4.0696496245184814
1289 4.0696496245184814
1290 1.9984792110702032
1291 1.9984792110702032
1292 5.816534198399882
1293 5.816534198399882
1294 5.610016484606637
1295 5.610016484606637
1296 4.725152542354024
1297 4.725152542354024
1298 2.4786267405162006
1299 2.4786267405162006
1300 3.6324704793285783
1301 3.6324704793285783
1302 2.73188397781349
1303 2.73188397781349
1304 6.797583012379685
1305 6.797583012379685
1306 2.6714511726568295
1307 2.6714511726568295
1308 7.202221565076151
1309 7.202221565076151
1310 4.820775815330324
1311 4.820775815330324
1312 3.0492513714348974
1313 3.0492513714348974
1314 6.125669664956893
1315 6.125669664956893
1316 4.316317969610563
1317 4.316317969610563
1318 4.595170825105656
1319 4.595170825105656
1320 5.564591147086272
1321 5.564591147086272
1322 5.5884350598026575
1323 5.5884350598026575
1324 2.91130653808081
1325 2.91130653808081
1326 0.7600266064317935
1327 0.7600266064317935
1328 1.7100902572221246
1329 1.7100902572221246
1330 3.797095052295758
1331 3.797095052295758
1332 5.435182747819652
1333 5.435182747819652
1334 2.723036401217491
1335 2.723036401217491
1336 3.1957596206376957
1337 3.1957596206376957
1338 7.307143506837943
1339 7.307143506837943
1340 4.348873748412673
1341 4.348873748412673
1342 4.262743556305191
1343 4.262743556305191
1344 4.583856542625336
1345 4.583856542625336
1346 3.4457155576758085
1347 3.4457155576758085
1348 2.727472684836947
1349 2.727472684836947
1350 2.090654997473268
1351 2.090654997473268
1352 4.299898901419964
1353 4.299898901419964
1354 2.14876345089852
1355 2.14876345089852
1356 1.1971236586530134
1357 1.1971236586530134
1358 5.631433485856708
1359 5.631433485856708
1360 2.2864541576189596
1361 2.2864541576189596
1362 6.363307490772206
1363 6.363307490772206
1364 4.548010059724627
1365 4.548010059724627
1366 2.9732742386633206
1367 2.9732742386633206
1368 2.7336502093328154
1369 2.359909513149353
1370 2.359909513149353
1371 2.0379964019605756
1372 2.0379964019605756
1373 0.9263544228649714
1374 0.9263544228649714
1375 2.222886055412351
1376 2.222886055412351
1377 1.5828445111393008
1378 1.5828445111393008
1379 1.6529869485679096
1380 1.6529869485679096
1381 2.1351893786617078
1382 2.1351893786617078
1383 2.6917376982340078
1384 2.6917376982340078
1385 0.6721696477770822
1386 0.6721696477770822
1387 1.117709931336016
1388 1.117709931336016
1389 2.3779418929902256
1390 2.3779418929902256
1391 3.114862068480222
1392 3.114862068480222
1393 2.230743737696657
1394 2.230743737696657
1395 2.5931390790425755
1396 2.5931390790425755
1397 0.1
1398 0.1
1399 1.7186203573819219
1400 1.7186203573819219
1401 3.0032660040509738
1402 3.0032660040509738
1403 1.887643830716665
1404 1.887643830716665
1405 1.2101727944939737
1406 1.2101727944939737
1407 3.5588109415502958
1408 3.5588109415502958
1409 2.282117589544881
1410 2.282117589544881
1411 2.5962754802190777
1412 2.5962754802190777
1413 1.7523050967660139
1414 1.7523050967660139
1415 2.4186502314647673
1416 2.4186502314647673
1417 1.417642693550785
1418 1.417642693550785
1419 1.9834318708332037
1420 1.9834318708332037
1421 0.5533481471360673
1422 0.5533481471360673
1423 2.439399394954645
1424 2.439399394954645
1425 2.1746449676282005
1426 2.1746449676282005
1427 3.2194569613016135
1428 3.2194569613016135
1429 0.7779544480855081
1430 0.7779544480855081
1431 2.266141587301545
1432 2.266141587301545
1433 2.8061242768684345
1434 2.8061242768684345
1435 2.1896403604078523
1436 2.1896403604078523
1437 2.145029360748989
1438 2.145029360748989
1439 2.505136539242631
1440 2.505136539242631
1441 2.2906817973781686
1442 2.2906817973781686
1443 3.124145311687186
1444 3.124145311687186
1445 0.38130892937976824
1446 0.38130892937976824
1447 1.7698984338705892
1448 1.7698984338705892
1449 2.6594052870807774
1450 2.6594052870807774
1451 2.4373909975749646
1452 2.4373909975749646
1453 0.851714699253328
1454 0.851714699253328
1455 1.63178901035765
1456 1.63178901035765
1457 2.577478377160125
1458 2.577478377160125
1459 2.8783552075702694
1460 2.8783552075702694
1461 2.0542612259329633
1462 2.0542612259329633
1463 1.0007581387353435
1464 1.0007581387353435
1465 1.4409584718842008
1466 1.4409584718842008
1467 1.2819608167714214
1468 1.2819608167714214
1469 2.3578939702066863
1470 2.3578939702066863
1471 0.1
1472 0.1
1473 1.7234378045315086
1474 1.7234378045315086
1475 2.683511728103105
1476 2.683511728103105
1477 3.1281433359318234
1478 3.1281433359318234
1479 2.1901956160709872
1480 2.1901956160709872
1481 3.0839247262063467
1482 3.0839247262063467
1483 1.8518716251000633
1484 1.8518716251000633
1485 2.0109361343768635
1486 2.0109361343768635
1487 2.499422933048296
1488 2.499422933048296
1489 2.1748986363740954
1490 2.1748986363740954
1491 1.9523387463440052
1492 1.9523387463440052
1493 2.6115375808566976
1494 2.6115375808566976
1495 2.243823152385132
1496 2.243823152385132
1497 2.875450584119124
1498 2.875450584119124
1499 1.0579132453710116
1500 1.0579132453710116
1501 2.268210446107946
1502 2.268210446107946
1503 2.1425963889998734
1504 2.1425963889998734
1505 1.6157769049723707
1506 1.6157769049723707
1507 2.2345761293892785
1508 2.2345761293892785
1509 3.184966958547281
1510 3.184966958547281
1511 3.166251736176479
1512 3.166251736176479
1513 1.6488910951864457
1514 1.6488910951864457
1515 2.2325000278912244
1516 2.2325000278912244
1517 1.7734130219505833
1518 0.4523735556019065
1519 0.4523735556019065
1520 1.0080047669331824
1521 1.0080047669331824
1522 0.7185158338593768
1523 0.7185158338593768
1524 0.727990057296875
1525 0.727990057296875
1526 0.6389085234278619
1527 0.6389085234278619
1528 0.8838523945949367
1529 0.8838523945949367
1530 0.20602597953672847
1531 0.20602597953672847
1532 1.0199123061974655
1533 1.0199123061974655
1534 2.900383557186796
1535 2.900383557186796
1536 2.1585860965257377
1537 2.1585860965257377
1538 2.648449708053964
1539 2.648449708053964
1540 1.5652345051487047
1541 1.5652345051487047
1542 2.94752802279243
1543 2.94752802279243
1544 1.9852637215638598
1545 1.9852637215638598
1546 0.5174463138114576
1547 0.5174463138114576
1548 2.0996943737361855
1549 2.0996943737361855
1550 2.3803951481265844
1551 2.3803951481265844
1552 1.1919694667456635
1553 1.1919694667456635
1554 2.2109121391914366
1555 2.2109121391914366
1556 3.007276400426446
1557 3.007276400426446
1558 2.300648762345655
1559 2.300648762345655
1560 2.43212037676767
1561 2.43212037676767
1562 2.754806830351408
1563 2.754806830351408
1564 2.997282969254007
1565 2.997282969254007
1566 2.766734468491296
1567 2.766734468491296
1568 3.880809320456475
1569 3.880809320456475
1570 3.2591564448074637
1571 3.2591564448074637
1572 3.9445644949565466
1573 3.9445644949565466
1574 2.5509118254263057
1575 2.5509118254263057
1576 5.143905510783285
1577 5.143905510783285
1578 0.9861684927049575
1579 0.9861684927049575
1580 1.01959505903006
1581 1.01959505903006
1582 1.259696612761415
1583 1.259696612761415
1584 1.094244929981715
1585 1.094244929981715
1586 0.8946997824782251
1587 0.8946997824782251
1588 1.5969604202974355
1589 1.5969604202974355
1590 1.1438495844588485
1591 1.1438495844588485
1592 1.4178072059644216
1593 1.4178072059644216
1594 1.5369188182910267
1595 1.5369188182910267
1596 1.4506289367692862
1597 1.4506289367692862
1598 1.0397477915986753
1599 1.0397477915986753
1600 0.8013760694742262
1601 0.8013760694742262
1602 1.3637106874266218
1603 1.3637106874266218
1604 1.9032405138670523
1605 1.9032405138670523
1606 0.7525183618967954
1607 0.7525183618967954
1608 1.6639999476675071
1609 1.6639999476675071
1610 1.5688364852018553
1611 1.5688364852018553
1612 1.3501815832925512
1613 1.3501815832925512
1614 0.3690344884895578
1615 0.3690344884895578
1616 0.8387934526240315
1617 0.8387934526240315
1618 1.8363512037758438
1619 1.8363512037758438
1620 1.083241383365341
1621 1.083241383365341
1622 1.067549898154683
1623 1.067549898154683
1624 0.8787539906668664
1625 0.8787539906668664
1626 1.0912329438879498
1627 1.0912329438879498
1628 1.4374389864818244
1629 1.4374389864818244
1630 0.9048746820288113
1631 0.9048746820288113
1632 1.375489055128315
1633 1.375489055128315
1634 0.4323957038718803
1635 0.4323957038718803
1636 1.1513414148444643
1637 1.1513414148444643
1638 0.464752563894124
1639 0.464752563894124
1640 0.839898717839289
1641 0.839898717839289
1642 0.8043364070973729
1643 0.8043364070973729
1644 0.837338273905863
1645 0.837338273905863
1646 0.9007534911785109
1647 0.9007534911785109
1648 1.146902868140907
1649 1.146902868140907
1650 1.0950826434608891
1651 1.0950826434608891
1652 0.4433333968083994
1653 0.4433333968083994
1654 0.5139833865384649
1655 0.5139833865384649
1656 3.650325683764795
1657 3.650325683764795
1658 5.63751015344295
1659 5.63751015344295
1660 6.034316392096484
1661 6.034316392096484
1662 1.7838116046978962
1663 1.7838116046978962
1664 5.147155682140689
1665 5.147155682140689
1666 7.825632783681887
1667 7.825632783681887
1668 5.457679586197467
1669 5.457679586197467
1670 3.363977477695088
1671 3.363977477695088
1672 4.738719596867543
1673 4.738719596867543
1674 4.4058477406872685
1675 4.4058477406872685
1676 2.203297788633823
1677 2.203297788633823
1678 3.0494112880553974
1679 3.0494112880553974
1680 2.4555514159728173
1681 2.4555514159728173
1682 5.628317754305396
1683 5.628317754305396
1684 2.9773623182787508
1685 2.9773623182787508
1686 4.254191106852474
1687 4.254191106852474
1688 6.002316515475943
1689 6.002316515475943
1690 4.0647148172605165
1691 4.0647148172605165
1692 2.831048394104017
1693 2.831048394104017
1694 4.743198163644083
1695 4.743198163644083
1696 5.263553382299164
1697 5.263553382299164
1698 0.7195503064931148
1699 0.7195503064931148
1700 1.753847924921332
1701 1.753847924921332
1702 2.681493918660496
1703 2.681493918660496
1704 3.8791990938153833
1705 3.8791990938153833
1706 1.1915856817581414
1707 1.1915856817581414
1708 3.799159582422908
1709 3.799159582422908
1710 4.694648975301658
1711 4.694648975301658
1712 7.984686415343604
1713 7.984686415343604
1714 5.08200028636542
1715 5.08200028636542
1716 1.511486857343646
1717 1.511486857343646
1718 4.5451881315553635
1719 4.5451881315553635
1720 2.719537187970168
1721 2.719537187970168
1722 5.836551624163536
1723 5.836551624163536
1724 6.479355017914262
1725 6.479355017914262
1726 4.3067056032490205
1727 4.3067056032490205
1728 2.633517531391302
1729 2.633517531391302
1730 5.5169844095112754
1731 5.5169844095112754
1732 7.73747096173177
1733 7.73747096173177
1734 5.569407990816416
1735 5.569407990816416
1736 3.2235210867897837
1737 3.2235210867897837
1738 2.7006654271797714
1739 2.7006654271797714
1740 3.20653445278563
1741 3.20653445278563
1742 3.612856981603024
1743 3.612856981603024
1744 4.616752256594535
1745 4.616752256594535
1746 4.305052039379759
1747 4.305052039379759
1748 2.41535872336245
1749 2.41535872336245
1750 1.5434190451604062
1751 1.5434190451604062
1752 2.0170190007976436
1753 2.0170190007976436
1754 1.533243876027794
1755 1.3161394571952343
1756 1.3161394571952343
1757 1.244361086592347
1758 1.244361086592347
1759 0.7838845189648015
1760 3.540333172189646
1761 3.540333172189646
1762 5.305116543821889
1763 5.305116543821889
1764 5.685809834027398
1765 5.685809834027398
1766 3.5735550305965678
1767 3.5735550305965678
1768 5.365187442751221
1769 5.365187442751221
1770 3.0932644620137344
1771 3.0932644620137344
1772 3.0594847403835934
1773 3.0594847403835934
1774 4.534985524690598
1775 4.534985524690598
1776 7.310397761724326
1777 7.310397761724326
1778 6.379447792620587
1779 6.379447792620587
1780 4.508648166867972
1781 4.508648166867972
1782 2.7214541291164123
1783 2.7214541291164123
1784 3.9011257223718667
1785 3.9011257223718667
1786 3.7694113312758075
1787 1.5472208438674642
1788 1.5472208438674642
1789 2.500687725255478
1790 2.500687725255478
1791 1.4460778516568915
1792 1.4460778516568915
1793 1.7691255346375971
1794 1.7691255346375971
1795 1.8057866389730874
1796 1.8057866389730874
1797 0.44190840614119353
1798 0.44190840614119353
1799 2.3287716923028623
1800 2.3287716923028623
1801 2.363354257611465
1802 2.363354257611465
1803 1.1140207661040078
1804 1.1140207661040078
1805 2.9712583863970004
1806 2.9712583863970004
1807 1.9846533544307476
1808 1.9846533544307476
1809 0.21988021394307156
1810 0.21988021394307156
1811 2.64473645916436
1812 2.64473645916436
1813 1.1344903665558852
1814 1.1344903665558852
1815 1.4840677763592218
1816 1.4840677763592218
1817 2.9717417798067656
1818 2.9717417798067656
1819 1.9633776812875103
1820 1.9633776812875103
1821 2.630226833165986
1822 2.630226833165986
1823 1.4916979629887472
1824 1.4916979629887472
1825 2.816649931409875
1826 2.816649931409875
1827 2.1915210569027628
1828 2.1915210569027628
1829 1.2103683607097646
1830 1.2103683607097646
1831 0.4304022048720242
1832 0.4304022048720242
1833 0.1
1834 0.1
1835 2.040078950994452
1836 2.040078950994452
1837 1.6800869542974142
1838 1.6800869542974142
1839 1.208269018526675
1840 1.208269018526675
1841 2.7241873425867227
1842 2.7241873425867227
1843 1.156769759853832
1844 1.156769759853832
1845 3.252712405439301
1846 3.252712405439301
1847 1.4213899180089418
1848 1.4213899180089418
1849 2.8338901231336924
1850 2.8338901231336924
1851 2.39719471713731
1852 2.39719471713731
1853 1.8799802889499118
1854 1.8799802889499118
1855 2.2347959794442125
1856 2.2347959794442125
1857 1.9645875391608856
1858 1.9645875391608856
1859 2.2818565494146648
1860 2.2818565494146648
1861 2.31860137465969
1862 2.31860137465969
1863 1.572926930307196
1864 1.572926930307196
1865 0.1
1866 1.4962208925872351
1867 1.4962208925872351
1868 0.24030810769862465
1869 0.24030810769862465
1870 1.0039531619939925
1871 1.0039531619939925
1872 2.458996409835856
1873 2.458996409835856
1874 1.4380433966739758
1875 1.4380433966739758
1876 1.5122206398618903
1877 1.5122206398618903
1878 1.368440516288331
1879 1.368440516288331
1880 0.4745925666642419
1881 0.4745925666642419
1882 1.717192518299
1883 1.717192518299
1884 1.6221972920541732
1885 1.6221972920541732
1886 1.975908796903484
1887 1.975908796903484
1888 1.2391862265175786
1889 1.2391862265175786
1890 1.3822466100618498
1891 1.3822466100618498
1892 1.686690507665058
1893 1.686690507665058
1894 1.830833585225086
1895 1.830833585225086
1896 1.7436141238225842
1897 1.7436141238225842
1898 1.6784796588200321
1899 1.6784796588200321
1900 1.1416893672345458
1901 1.1416893672345458
1902 1.866802598202372
1903 1.866802598202372
1904 1.683102870898598
1905 1.683102870898598
1906 1.846702790118359
1907 1.846702790118359
1908 0.36628052635039987
1909 0.36628052635039987
1910 2.4857642152463417
1911 2.4857642152463417
1912 1.6941307411968078
1913 1.6941307411968078
1914 1.1657141979881898
1915 1.1657141979881898
1916 1.8526829274849694
1917 1.8526829274849694
1918 1.370234050240706
1919 1.370234050240706
1920 2.157578694731435
1921 2.157578694731435
1922 2.119366861660697
1923 2.119366861660697
1924 0.1478861696878262
1925 0.1478861696878262
1926 0.19643293449258525
1927 0.19643293449258525
1928 0.21906383506395782
1929 0.21906383506395782
1930 0.10452329384820318
1931 0.10452329384820318
1932 0.23832997122380137
1933 0.23832997122380137
1934 0.3181923239599298
1935 0.3181923239599298
1936 0.1633009004241756
1937 0.1633009004241756
1938 0.3434696029605474
1939 0.3434696029605474
1940 0.1
1941 0.1
1942 0.28332176573184203
1943 0.28332176573184203
1944 0.16860565708473968
1945 0.16860565708473968
1946 0.1543541847121465
1947 0.1543541847121465
1948 0.15985862743198498
1949 0.15985862743198498
1950 0.17536713165252601
1951 0.17536713165252601
1952 0.13648405269666095
1953 0.13648405269666095
1954 0.305198259912139
1955 0.305198259912139
1956 0.27265687866900595
1957 0.27265687866900595
1958 0.20322202952246055
1959 0.20322202952246055
1960 0.23424745949152576
1961 0.23424745949152576
1962 0.22735409980263155
1963 0.22735409980263155
1964 0.26660659862730823
1965 0.26660659862730823
1966 0.2568220738717619
1967 0.2568220738717619
1968 0.25745669389556725
1969 0.25745669389556725
1970 0.1
1971 0.1
1972 0.20545752857310196
1973 0.20545752857310196
1974 0.1
1975 0.1
1976 0.16404555282047534
1977 0.16404555282047534
1978 0.1591227196885068
1979 0.1591227196885068
1980 0.25698485111928754
1981 0.25698485111928754
1982 0.20196277399282367
1983 0.20196277399282367
1984 0.19324571693132275
1985 0.19324571693132275
1986 0.17601646190473622
1987 0.17601646190473622
1988 0.2626051792034697
1989 0.2626051792034697
1990 0.1945600115044358
1991 0.1945600115044358
1992 0.209391419641722
1993 0.209391419641722
1994 0.34992082862950413
1995 0.34992082862950413
1996 0.24213961501505363
1997 0.24213961501505363
1998 0.18933711272028703
1999 0.18933711272028703
