0 0.2012214412664715
1 0.2012214412664715
2 0.22502782711520222
3 0.22502782711520222
4 0.23894181016789118
5 0.23894181016789118
6 0.15908459208145595
7 0.15908459208145595
8 0.23872963837830452
9 0.23872963837830452
10 0.16332537422371618
11 0.16332537422371618
12 0.1233834274747957
13 0.1233834274747957
14 0.26924826281904224
15 0.26924826281904224
16 0.139088071001139
17 0.139088071001139
18 0.21749645527751713
19 0.21749645527751713
20 0.1
21 0.1
22 0.2343969490046889
23 3.1534259539252805
24 3.1534259539252805
25 2.0022936518175225
26 2.0022936518175225
27 2.4638803847186814
28 2.4638803847186814
29 2.0096680528005124
30 2.0096680528005124
31 3.3630661222311358
32 3.3630661222311358
33 2.2162149290545003
34 2.2162149290545003
35 2.6212691360298015
36 2.6212691360298015
37 2.8251150505635576
38 2.8251150505635576
39 2.2223330427478083
40 2.2223330427478083
41 2.1931956297381126
42 2.1931956297381126
43 2.698741526714493
44 2.698741526714493
45 2.2967215785698465
46 2.2967215785698465
47 3.255466385585322
48 3.255466385585322
49 2.5153529203243616
50 2.5153529203243616
51 1.8944241964695396
52 1.8944241964695396
53 3.2288375690727324
54 3.2288375690727324
55 3.3349481098265206
56 3.3349481098265206
57 2.636833932216222
58 2.636833932216222
59 1.8919380034256783
60 1.8919380034256783
61 2.2310141103195806
62 2.2310141103195806
63 3.048112374551608
64 3.048112374551608
65 1.0911790661207688
66 1.0911790661207688
67 2.7040862456187367
68 2.7040862456187367
69 3.148514587221177
70 3.148514587221177
71 2.8103773250248203
72 2.8103773250248203
73 2.8617203661191826
74 2.8617203661191826
75 3.5496161661672763
76 3.5496161661672763
77 1.525893123084391
78 1.525893123084391
79 2.745596447741692
80 2.745596447741692
81 1.3429390031744133
82 1.3429390031744133
83 2.1580715660888807
84 2.1580715660888807
85 2.094292919872585
86 2.094292919872585
87 2.512308015584156
88 2.512308015584156
89 2.9645497212004206
90 2.9645497212004206
91 2.0949355697840386
92 2.0949355697840386
93 3.303652656425105
94 3.303652656425105
95 3.488937665386964
96 3.488937665386964
97 2.252201605702838
98 2.252201605702838
99 3.3061667683009777
100 3.3061667683009777
101 3.3304322288719757
102 3.3304322288719757
103 2.5356560720358803
104 2.5356560720358803
105 2.6705420285810124
106 2.6705420285810124
107 3.464578942868158
108 3.464578942868158
109 2.479174063104406
110 2.479174063104406
111 3.6897838130258087
112 3.6897838130258087
113 2.8408115842763983
114 2.8408115842763983
115 1.5737675617062994
116 1.5737675617062994
117 0.7891884545609789
118 0.7891884545609789
119 2.742464569094135
120 2.742464569094135
121 1.9582264651672552
122 1.9582264651672552
123 2.2097477980824562
124 2.2097477980824562
125 1.8293875074679895
126 1.8293875074679895
127 1.9665150368134774
128 1.9665150368134774
129 3.0661541658441585
130 3.0661541658441585
131 2.2120350295022333
132 2.2120350295022333
133 3.690948901992191
134 3.690948901992191
135 3.36049902854948
136 3.36049902854948
137 2.0848907421773015
138 2.0848907421773015
139 3.043668324089014
140 3.043668324089014
141 2.5517702016812382
142 2.5517702016812382
143 3.7649582121260687
144 3.7649582121260687
145 1.990056580092381
146 1.990056580092381
147 3.710077993677456
148 3.710077993677456
149 3.2940952458322834
150 3.2940952458322834
151 2.4464081538089353
152 2.4464081538089353
153 2.341569459742911
154 2.341569459742911
155 2.468144369956733
156 2.468144369956733
157 2.71402751681191
158 2.71402751681191
159 2.886320737503322
160 2.886320737503322
161 3.40540151809787
162 3.40540151809787
163 1.0956818834773212
164 1.0956818834773212
165 1.459482300168684
166 1.459482300168684
167 2.4300048716617297
168 2.4300048716617297
169 2.5046998606617623
170 2.5046998606617623
171 2.6581235445344156
172 2.6581235445344156
173 2.0620617664517003
174 2.0620617664517003
175 2.843946279156097
176 2.843946279156097
177 2.2427178761356656
178 2.2427178761356656
179 2.0343162806278907
180 2.0343162806278907
181 3.4153275722448777
182 3.4153275722448777
183 2.661017470780589
184 2.661017470780589
185 2.0095244154423524
186 2.0095244154423524
187 1.7764812449523708
188 1.7764812449523708
189 3.795483688386704
190 3.795483688386704
191 2.4743035157647166
192 2.4743035157647166
193 2.6314429958680323
194 2.6314429958680323
195 4.129801863487488
196 4.129801863487488
197 4.129922012107406
198 4.129922012107406
199 4.040799737560429
200 4.040799737560429
201 3.611716199148916
202 3.611716199148916
203 3.463999716282506
204 3.463999716282506
205 2.483803210611799
206 2.483803210611799
207 3.6503582975008433
208 3.6503582975008433
209 4.650300262472096
210 4.650300262472096
211 3.5528530680322534
212 3.5528530680322534
213 4.550829378589479
214 4.550829378589479
215 3.355948754333641
216 3.355948754333641
217 2.191979450872924
218 2.191979450872924
219 2.2528950635081637
220 2.2528950635081637
221 2.681257698374888
222 2.681257698374888
223 2.252178008693834
224 2.252178008693834
225 3.1976485975502014
226 3.1976485975502014
227 3.623894754666433
228 3.623894754666433
229 3.9688024017481727
230 3.9688024017481727
231 4.097585533479374
232 4.097585533479374
233 3.89655112912826
234 3.89655112912826
235 3.8179239577998145
236 3.8179239577998145
237 4.404598221340906
238 4.404598221340906
239 3.6348207114496702
240 3.6348207114496702
241 2.68345435644756
242 2.68345435644756
243 2.5106961945625463
244 2.5106961945625463
245 2.163533768723796
246 2.163533768723796
247 3.916099062480292
248 3.916099062480292
249 2.727767996237445
250 2.727767996237445
251 3.2781016468870527
252 3.2781016468870527
253 3.810058505421931
254 3.810058505421931
255 3.594803789637395
256 3.594803789637395
257 5.423096209822734
258 5.423096209822734
259 4.163506537871331
260 4.163506537871331
261 2.901130692999247
262 2.901130692999247
263 2.735361074810768
264 2.735361074810768
265 4.392595944539109
266 4.392595944539109
267 2.737918077493952
268 2.737918077493952
269 4.200667833992241
270 4.200667833992241
271 3.7914663343397987
272 3.7914663343397987
273 2.480782568174496
274 2.480782568174496
275 4.393730848145364
276 4.393730848145364
277 3.0894319370452616
278 3.0894319370452616
279 2.1796653795744327
280 2.1796653795744327
281 4.319091141584593
282 4.319091141584593
283 2.8016912386904123
284 2.8016912386904123
285 4.235111934285774
286 4.235111934285774
287 3.8548360750280137
288 3.8548360750280137
289 3.2939542827056534
290 3.2939542827056534
291 3.8642538072697605
292 3.8642538072697605
293 4.967358919323562
294 4.967358919323562
295 2.8204899322023462
296 2.8204899322023462
297 4.644342659802331
298 4.644342659802331
299 3.08444452868881
300 3.08444452868881
301 2.099170340359172
302 2.099170340359172
303 2.649117184002743
304 2.649117184002743
305 1.9232757154488904
306 1.9232757154488904
307 2.8150986275514236
308 2.8150986275514236
309 1.410701545101094
310 1.410701545101094
311 2.8974061584853263
312 2.8974061584853263
313 2.319963400199609
314 2.319963400199609
315 2.2601234853837013
316 2.2601234853837013
317 2.501943083611978
318 2.501943083611978
319 1.5086810706961744
320 1.5086810706961744
321 1.6337274707533915
322 1.6337274707533915
323 2.2272312500270846
324 2.2272312500270846
325 1.755376658530763
326 1.755376658530763
327 1.8363773777493275
328 1.8363773777493275
329 2.3769319556884176
330 2.3769319556884176
331 1.4268204674864533
332 1.4268204674864533
333 1.7611944169763003
334 1.7611944169763003
335 1.9177776664659658
336 1.9177776664659658
337 3.0999370919924436
338 3.0999370919924436
339 2.143200270908589
340 2.143200270908589
341 1.6744848649064157
342 1.6744848649064157
343 2.170931501668053
344 2.170931501668053
345 0.9936941715868364
346 0.9936941715868364
347 1.9210106165382361
348 1.9210106165382361
349 1.8297124353507008
350 1.8297124353507008
351 2.084064146532591
352 2.084064146532591
353 3.073017602306746
354 3.073017602306746
355 1.2307511916355909
356 1.2307511916355909
357 0.8596728852156563
358 0.8596728852156563
359 1.594504409133157
360 1.594504409133157
361 1.9305958495133537
362 1.9305958495133537
363 1.5245442302854206
364 1.5245442302854206
365 2.1177547552461644
366 2.1177547552461644
367 1.3230425298418647
368 1.3230425298418647
369 1.7024348877464148
370 1.7024348877464148
371 1.9217949303748398
372 1.9217949303748398
373 1.78083956133527
374 1.78083956133527
375 1.436227989170968
376 1.436227989170968
377 1.6975787514031677
378 1.6975787514031677
379 1.579796415008437
380 1.579796415008437
381 1.8018407453410288
382 1.8018407453410288
383 1.798298939989869
384 1.798298939989869
385 2.0843850232367243
386 2.0843850232367243
387 1.8887772692840394
388 1.8887772692840394
389 2.579681023704851
390 2.579681023704851
391 2.3920787671502466
392 2.3920787671502466
393 1.5138368926542474
394 1.5138368926542474
395 1.5166158407852075
396 1.5166158407852075
397 2.3754183729561866
398 2.3754183729561866
399 1.788576975934032
400 1.788576975934032
401 2.64150793731706
402 2.64150793731706
403 0.9770062362895342
404 0.9770062362895342
405 3.1503045273896935
406 3.1503045273896935
407 1.801367624357471
408 1.801367624357471
409 1.5022598937396716
410 1.5022598937396716
411 1.846908479787746
412 1.846908479787746
413 3.0064318974393904
414 3.0064318974393904
415 2.2779884233639613
416 2.2779884233639613
417 1.5399991923899332
418 1.5399991923899332
419 2.0571747189801446
420 2.0571747189801446
421 2.6890023350832992
422 2.6890023350832992
423 2.7462690161120467
424 2.7462690161120467
425 1.6696758926586983
426 1.6696758926586983
427 2.099590672029434
428 2.099590672029434
429 2.740046165388218
430 2.740046165388218
431 2.355004587544607
432 2.355004587544607
433 1.6359987248278969
434 1.6359987248278969
435 2.8868040326250024
436 2.8868040326250024
437 2.4426546738345203
438 2.4426546738345203
439 2.7902750135810384
440 2.7902750135810384
441 1.6023466096472891
442 1.6023466096472891
443 1.5271855162266692
444 1.5271855162266692
445 2.2970802878031957
446 2.2970802878031957
447 1.6172442993241145
448 1.6172442993241145
449 2.1976419222563335
450 2.1976419222563335
451 3.0813299781757673
452 3.0813299781757673
453 1.0706533289931408
454 1.0706533289931408
455 0.9653551824519286
456 0.9653551824519286
457 2.643550230645559
458 2.643550230645559
459 2.2093962167880643
460 2.2093962167880643
461 1.5359302275616116
462 1.5359302275616116
463 2.3088851220162168
464 2.3088851220162168
465 2.1176127015646586
466 2.1176127015646586
467 1.9514665692983937
468 1.9514665692983937
469 1.4923553297454126
470 1.4923553297454126
471 1.307622144601227
472 1.307622144601227
473 1.3749059731837714
474 1.3749059731837714
475 1.8572711527032075
476 1.8572711527032075
477 1.3705461681002449
478 1.3705461681002449
479 1.7951482945972566
480 1.7951482945972566
481 1.5938671377601359
482 1.5938671377601359
483 1.7151286990001164
484 1.7151286990001164
485 2.7494389616209487
486 2.7494389616209487
487 2.1930614694925317
488 2.1930614694925317
489 1.7962899351633927
490 1.7962899351633927
491 3.103963214856001
492 3.103963214856001
493 1.8973483432017844
494 1.8973483432017844
495 2.6667242228675985
496 2.6667242228675985
497 2.1590564134199326
498 2.1590564134199326
499 2.1602780327168674
500 2.1602780327168674
501 1.8075013158726443
502 1.8075013158726443
503 2.5905250069334533
504 2.5905250069334533
505 2.3236119588220845
506 2.3236119588220845
507 1.9799233088200556
508 1.9799233088200556
509 2.5876290104271717
510 2.5876290104271717
511 2.206851382731302
512 2.206851382731302
513 1.6241259998801822
514 1.6241259998801822
515 2.1094795934023285
516 2.1094795934023285
517 2.9189109282937693
518 2.9189109282937693
519 2.4458452674768676
520 2.4458452674768676
521 1.6915281344797988
522 1.6915281344797988
523 2.1655548504338222
524 2.1655548504338222
525 1.7498452786609433
526 1.7498452786609433
527 1.3863726973451471
528 1.3863726973451471
529 2.406808029625185
530 2.406808029625185
531 2.2376704379815124
532 2.2376704379815124
533 2.633192660003499
534 2.633192660003499
535 2.127950659620252
536 2.127950659620252
537 2.1420845108095303
538 2.1420845108095303
539 2.8609897124052273
540 2.8609897124052273
541 2.420788344168209
542 2.420788344168209
543 2.1972449936945457
544 2.1972449936945457
545 2.584167455313143
546 2.584167455313143
547 1.7551629535697917
548 1.7551629535697917
549 2.1373000750050033
550 2.1373000750050033
551 2.1472353948880123
552 2.1472353948880123
553 2.674401445577514
554 2.674401445577514
555 1.6697157200071158
556 1.6697157200071158
557 1.1981030403515376
558 1.1981030403515376
559 2.863891702118351
560 2.863891702118351
561 1.9194323569075966
562 1.9194323569075966
563 1.8690606729248116
564 1.8690606729248116
565 3.0111185314806925
566 3.0111185314806925
567 1.7279786740763814
568 1.7279786740763814
569 1.0760084463361506
570 1.0760084463361506
571 2.509819326823357
572 2.509819326823357
573 0.6957847246858992
574 0.6957847246858992
575 2.2426439033818673
576 2.2426439033818673
577 1.3456340951575843
578 1.3456340951575843
579 1.7996848294405614
580 1.7996848294405614
581 2.2188535768216404
582 2.2188535768216404
583 2.3022145310761055
584 2.3022145310761055
585 1.742599376300299
586 1.742599376300299
587 2.5016977707950936
588 2.5016977707950936
589 1.682860875026405
590 1.682860875026405
591 2.465198189986898
592 2.465198189986898
593 2.4367191203041627
594 2.4367191203041627
595 1.3755409843994877
596 1.3755409843994877
597 2.3544776291695166
598 2.3544776291695166
599 2.1772518438439294
600 2.1772518438439294
601 1.8968523253478036
602 1.8968523253478036
603 2.45911712600353
604 2.45911712600353
605 1.9222903372030042
606 1.9222903372030042
607 2.369763531239054
608 2.369763531239054
609 2.8211031531888637
610 2.8211031531888637
611 1.897603832500382
612 1.897603832500382
613 1.7991744844565913
614 1.7991744844565913
615 1.2269825652809898
616 1.2269825652809898
617 2.6262812638293096
618 2.6262812638293096
619 2.303688937731029
620 2.303688937731029
621 2.055097851427257
622 2.055097851427257
623 2.1758986606572486
624 2.1758986606572486
625 1.6693450143835302
626 1.6693450143835302
627 2.118755479221236
628 2.118755479221236
629 1.9992302879538983
630 1.9992302879538983
631 1.7421592625539448
632 1.7421592625539448
633 1.7808307707239535
634 1.7808307707239535
635 1.8045957262162324
636 1.8045957262162324
637 2.336946909355801
638 2.336946909355801
639 2.6180899622682574
640 2.6180899622682574
641 1.619581299939133
642 1.619581299939133
643 2.572769737731085
644 2.572769737731085
645 2.53653549020532
646 2.53653549020532
647 2.2694966900791034
648 2.2694966900791034
649 2.4663800640098996
650 2.4663800640098996
651 2.0978784456311055
652 2.0978784456311055
653 2.2321674144804113
654 2.2321674144804113
655 1.514235875047218
656 1.514235875047218
657 2.561767446200755
658 2.561767446200755
659 1.5163472783692042
660 1.5163472783692042
661 1.858317027434495
662 1.858317027434495
663 1.7285565754103671
664 1.7285565754103671
665 0.20710562638286545
666 0.20710562638286545
667 1.9123781603594758
668 1.9123781603594758
669 2.013514386774305
670 2.013514386774305
671 1.9383442268256124
672 1.9383442268256124
673 2.1983412123592183
674 2.1983412123592183
675 2.332631854966706
676 2.332631854966706
677 3.12753161271979
678 3.12753161271979
679 2.132161228562517
680 2.132161228562517
681 1.296311431291338
682 1.296311431291338
683 1.2302509600400577
684 1.2302509600400577
685 2.5768075211571855
686 2.5768075211571855
687 3.1630901359217702
688 3.1630901359217702
689 2.5658700300137673
690 2.5658700300137673
691 2.063615732110944
692 2.063615732110944
693 2.0325846304973822
694 2.0325846304973822
695 1.778611482195025
696 1.778611482195025
697 2.2107280753195915
698 2.2107280753195915
699 2.061307546488371
700 2.061307546488371
701 2.769343289405353
702 2.769343289405353
703 2.1736298322209056
704 2.1736298322209056
705 1.6387412557304621
706 1.6387412557304621
707 1.495266104570697
708 1.495266104570697
709 2.1802398108859062
710 2.1802398108859062
711 1.8572755947326736
712 1.8572755947326736
713 2.2464116136205003
714 2.2464116136205003
715 2.388436181562552
716 2.388436181562552
717 2.1705648021132347
718 2.1705648021132347
719 2.418957356454695
720 2.418957356454695
721 2.57824272097068
722 2.57824272097068
723 1.5167922235864109
724 1.5167922235864109
725 2.7532320686247935
726 2.7532320686247935
727 2.5046921299483844
728 2.5046921299483844
729 2.762827755076318
730 2.762827755076318
731 2.0650504335212716
732 2.0650504335212716
733 2.3635259519253906
734 2.3635259519253906
735 3.465496538590158
736 3.465496538590158
737 2.53364737765718
738 2.53364737765718
739 2.1731120687870065
740 2.1731120687870065
741 1.3313316823804668
742 1.3313316823804668
743 1.9068803223056303
744 1.9068803223056303
745 2.2592621089200695
746 2.2592621089200695
747 1.4962800642566036
748 1.4962800642566036
749 1.7649676462808777
750 1.7649676462808777
751 2.0060303784750775
752 2.0060303784750775
753 1.4418496309093656
754 1.4418496309093656
755 2.8287390531345626
756 2.8287390531345626
757 2.2423883911688036
758 2.2423883911688036
759 1.403721065300922
760 1.403721065300922
761 2.077267201435441
762 2.077267201435441
763 2.533083878062617
764 2.533083878062617
765 2.669098528840135
766 2.669098528840135
767 2.4164322544918737
768 2.4164322544918737
769 2.5120087122975296
770 2.5120087122975296
771 1.4425968334914865
772 1.4425968334914865
773 2.0150240349726753
774 2.0150240349726753
775 1.8751432841675246
776 1.8751432841675246
777 2.842103006412745
778 2.842103006412745
779 1.6183192169381542
780 1.6183192169381542
781 2.1661596687477207
782 2.1661596687477207
783 1.3000909230529099
784 1.3000909230529099
785 0.8125603293421766
786 0.8125603293421766
787 1.9487924807516839
788 1.9487924807516839
789 1.8376715573407634
790 1.8376715573407634
791 2.1668902271412103
792 2.1668902271412103
793 2.202197257965423
794 2.202197257965423
795 2.0538295531013664
796 2.0538295531013664
797 2.3170319713823044
798 2.3170319713823044
799 2.0426152605118832
800 2.0426152605118832
801 2.0096682763284868
802 2.0096682763284868
803 1.8406177492941977
804 1.8406177492941977
805 2.651997019917236
806 2.651997019917236
807 1.843703323038803
808 1.843703323038803
809 2.4972637314277724
810 2.4972637314277724
811 1.6855161886348806
812 1.6855161886348806
813 1.5662347580168026
814 1.5662347580168026
815 2.4020559425154646
816 2.4020559425154646
817 2.4855639381673145
818 2.4855639381673145
819 0.728807162604836
820 0.728807162604836
821 2.423065540922592
822 2.423065540922592
823 2.371772743279112
824 2.371772743279112
825 2.370434436348445
826 2.370434436348445
827 2.123182213529578
828 2.123182213529578
829 2.7189119878067394
830 2.7189119878067394
831 1.7818034235047109
832 1.7818034235047109
833 1.4802234769439993
834 1.4802234769439993
835 2.3153039044037924
836 2.3153039044037924
837 1.134234040057203
838 1.134234040057203
839 1.8957282047401856
840 1.8957282047401856
841 2.6337359459760643
842 2.6337359459760643
843 2.179398438566451
844 2.179398438566451
845 1.850057003972167
846 1.850057003972167
847 1.0816786696840919
848 1.0816786696840919
849 1.990853983494014
850 1.990853983494014
851 2.6543307639373515
852 2.6543307639373515
853 1.5336336000865973
854 1.5336336000865973
855 2.3475834845992027
856 2.3475834845992027
857 1.6228632584310634
858 1.6228632584310634
859 2.7326589714916936
860 2.7326589714916936
861 1.3079950817522188
862 1.3079950817522188
863 1.747414575611482
864 1.747414575611482
865 2.293062331126952
866 2.293062331126952
867 2.1318938074205382
868 2.1318938074205382
869 1.3698680955811562
870 1.3698680955811562
871 1.6306385805532817
872 1.6306385805532817
873 1.7252685406370323
874 1.7252685406370323
875 2.11428657023193
876 0.9114593809445686
877 0.9114593809445686
878 0.8023804047680021
879 0.8023804047680021
880 0.8740669804462144
881 0.8740669804462144
882 1.4763272849212956
883 1.4763272849212956
884 1.0512933924710401
885 1.0512933924710401
886 1.1055398892580677
887 1.1055398892580677
888 1.155113317821133
889 1.155113317821133
890 0.6274362460625719
891 0.6274362460625719
892 1.1170643967163056
893 1.1170643967163056
894 1.0479593225166826
895 1.0479593225166826
896 1.6183745558790448
897 1.6183745558790448
898 1.496578587772558
899 1.496578587772558
900 1.4335611806623196
901 1.4335611806623196
902 3.8386923955333856
903 3.8386923955333856
904 1.5525792983160023
905 2.838776592674467
906 2.838776592674467
907 4.846659636468178
908 4.846659636468178
909 1.92775381414789
910 1.92775381414789
911 2.9308280047826574
912 2.9308280047826574
913 3.7558399820508166
914 3.7558399820508166
915 2.952197062570424
916 2.952197062570424
917 1.6582312959212753
918 1.6582312959212753
919 2.0718573980336554
920 2.0718573980336554
921 2.0073295144281973
922 2.0073295144281973
923 3.0543678934915133
924 3.0543678934915133
925 3.098938480224602
926 3.098938480224602
927 2.272818143307668
928 2.272818143307668
929 2.524208952052128
930 2.524208952052128
931 3.3727604239955347
932 3.3727604239955347
933 2.0273562494112434
934 2.0273562494112434
935 2.842880522204926
936 2.842880522204926
937 2.4699216155095094
938 2.4699216155095094
939 2.837239150945382
940 2.837239150945382
941 2.60216995854476
942 2.60216995854476
943 2.900340638896098
944 2.900340638896098
945 3.7823280941939363
946 3.7823280941939363
947 3.4971437008192665
948 3.4971437008192665
949 2.221209700175552
950 2.221209700175552
951 3.455146942562159
952 3.455146942562159
953 3.7382567103811146
954 3.7382567103811146
955 2.684687503882104
956 2.684687503882104
957 1.248083970808788
958 1.248083970808788
959 4.005635719780533
960 4.005635719780533
961 2.956278567254132
962 2.956278567254132
963 2.397352697736984
964 2.397352697736984
965 3.0337872203668073
966 3.0337872203668073
967 3.2776519720139037
968 3.2776519720139037
969 2.6232918437069506
970 2.6232918437069506
971 2.545103381472873
972 2.545103381472873
973 2.7945749818075516
974 2.7945749818075516
975 2.833379082985731
976 2.833379082985731
977 2.3998907713892565
978 2.3998907713892565
979 2.9682157769406983
980 2.9682157769406983
981 2.7949012506061264
982 2.7949012506061264
983 3.053152777930069
984 3.053152777930069
985 3.186252533418595
986 3.186252533418595
987 3.6969242040253185
988 3.6969242040253185
989 2.9777577320126127
990 2.9777577320126127
991 2.6528058343979684
992 2.6528058343979684
993 2.588420866579558
994 2.588420866579558
995 2.2050012906832093
996 2.2050012906832093
997 2.4236035803344804
998 3.9203723654018265
999 3.9203723654018265
1000 3.6447169199676486
1001 3.6447169199676486
1002 3.530794071328203
1003 3.530794071328203
1004 4.886058177651245
1005 4.886058177651245
1006 4.49684425497975
1007 4.49684425497975
1008 1.8978938512958006
1009 1.8978938512958006
1010 4.266182827242197
1011 4.266182827242197
1012 4.581670489699665
1013 4.581670489699665
1014 3.387229905014919
1015 3.387229905014919
1016 4.775090984163737
1017 4.775090984163737
1018 3.249648748785185
1019 3.249648748785185
1020 5.131921543857735
1021 5.131921543857735
1022 5.3030077092399655
1023 5.3030077092399655
1024 5.9305658567631845
1025 5.9305658567631845
1026 3.7214437385079067
1027 3.7214437385079067
1028 4.24737362466587
1029 4.24737362466587
1030 3.9321101097941824
1031 3.9321101097941824
1032 2.9653199785957014
1033 2.9653199785957014
1034 3.1140349710118316
1035 3.1140349710118316
1036 3.735889167652218
1037 3.735889167652218
1038 4.226116714382663
1039 4.226116714382663
1040 2.7129772229365363
1041 2.7129772229365363
1042 4.23646836636627
1043 4.23646836636627
1044 3.6746464703072417
1045 3.6746464703072417
1046 4.288447898589438
1047 4.288447898589438
1048 4.679684755273687
1049 4.679684755273687
1050 4.055633211486391
1051 4.055633211486391
1052 3.607106735421946
1053 3.607106735421946
1054 3.167848341105307
1055 3.167848341105307
1056 4.428598454471727
1057 4.428598454471727
1058 4.337153734831501
1059 4.337153734831501
1060 0.9983895178796569
1061 0.9983895178796569
1062 2.472783467028525
1063 2.472783467028525
1064 2.8012652421122164
1065 2.8012652421122164
1066 4.227774335968259
1067 4.227774335968259
1068 2.837925615627662
1069 2.837925615627662
1070 4.015527318400616
1071 4.015527318400616
1072 4.536245846386048
1073 4.536245846386048
1074 2.0294978425609775
1075 2.0294978425609775
1076 2.767345687657041
1077 2.767345687657041
1078 2.848666152823533
1079 2.848666152823533
1080 2.6380023336965825
1081 2.6380023336965825
1082 3.6547713850569696
1083 3.6547713850569696
1084 4.351200207072928
1085 4.351200207072928
1086 4.027968861384493
1087 4.027968861384493
1088 5.9007313177615295
1089 5.9007313177615295
1090 4.7757047738443354
1091 4.7757047738443354
1092 4.7412983544375775
1093 4.7412983544375775
1094 2.762202708950543
1095 2.762202708950543
1096 4.050146737903953
1097 4.050146737903953
1098 3.591215267284398
1099 3.591215267284398
1100 5.137788089732678
1101 5.137788089732678
1102 4.738368245228008
1103 4.738368245228008
1104 4.2155540365297455
1105 4.2155540365297455
1106 3.9799414230183174
1107 3.9799414230183174
1108 5.425545411336223
1109 5.425545411336223
1110 2.9799242684356453
1111 2.9799242684356453
1112 3.3059888445413725
1113 3.3059888445413725
1114 2.212195508420563
1115 2.212195508420563
1116 3.846334628838742
1117 3.846334628838742
1118 3.6380526888680604
1119 3.6380526888680604
1120 2.684179263414058
1121 2.684179263414058
1122 3.857416752560793
1123 3.857416752560793
1124 3.981755080891151
1125 3.981755080891151
1126 3.714144090297775
1127 3.714144090297775
1128 4.65277282725146
1129 4.65277282725146
1130 4.563167278717222
1131 4.563167278717222
1132 4.0040523645005885
1133 4.0040523645005885
1134 3.9964813286763907
1135 3.9964813286763907
1136 5.4433689314361375
1137 5.4433689314361375
1138 2.297914145771049
1139 2.297914145771049
1140 3.9421032110837535
1141 3.9421032110837535
1142 2.5541087548991124
1143 2.5541087548991124
1144 2.7322016858548737
1145 2.7322016858548737
1146 3.6719536306768497
1147 3.6719536306768497
1148 3.987056144826862
1149 3.987056144826862
1150 5.049717293023246
1151 5.049717293023246
1152 6.030194545375135
1153 6.030194545375135
1154 2.2952277573283526
1155 2.2952277573283526
1156 5.995141537856096
1157 5.995141537856096
1158 3.550113424419867
1159 3.550113424419867
1160 5.345604989882236
1161 5.345604989882236
1162 3.5127609181439636
1163 3.5127609181439636
1164 3.750974982167958
1165 3.750974982167958
1166 3.651639473714504
1167 3.651639473714504
1168 3.286440493960444
1169 3.286440493960444
1170 4.542134077278967
1171 4.542134077278967
1172 4.931326716728865
1173 4.931326716728865
1174 3.6877729599997586
1175 3.6877729599997586
1176 5.7972071566597
1177 5.7972071566597
1178 5.2749448938455235
1179 5.2749448938455235
1180 4.085347998051275
1181 4.085347998051275
1182 3.571502909732268
1183 3.571502909732268
1184 3.577989383674457
1185 3.577989383674457
1186 2.979512239588123
1187 2.979512239588123
1188 2.9044416136872453
1189 2.9044416136872453
1190 3.4124748874323623
1191 3.4124748874323623
1192 3.5567681005588856
1193 3.5567681005588856
1194 4.203505679327067
1195 4.203505679327067
1196 4.7232062937198105
1197 4.7232062937198105
1198 4.055148778740121
1199 4.055148778740121
1200 4.009959403216594
1201 4.009959403216594
1202 2.4709865881038295
1203 2.4709865881038295
1204 2.4937233627921067
1205 2.4937233627921067
1206 3.565792322026007
1207 3.565792322026007
1208 3.9328007987857325
1209 3.9328007987857325
1210 4.4455439726263295
1211 4.4455439726263295
1212 3.856867719525519
1213 3.856867719525519
1214 3.740715209394819
1215 3.740715209394819
1216 4.5772458965130065
1217 4.5772458965130065
1218 4.186415790439004
1219 4.186415790439004
1220 5.041990970919777
1221 5.041990970919777
1222 4.486472562305762
1223 4.486472562305762
1224 3.0137128984352306
1225 3.0137128984352306
1226 3.3091565966461207
1227 3.3091565966461207
1228 3.409512278378688
1229 3.409512278378688
1230 3.949882204303232
1231 3.949882204303232
1232 1.5070329696082156
1233 1.5070329696082156
1234 4.248922010054366
1235 4.248922010054366
1236 4.3368619918095765
1237 4.3368619918095765
1238 3.169050436291813
1239 3.169050436291813
1240 6.32700933141679
1241 6.32700933141679
1242 3.5374643284773546
1243 3.5374643284773546
1244 5.37844604067853
1245 5.37844604067853
1246 4.7854589722797565
1247 4.7854589722797565
1248 4.581772597590255
1249 4.581772597590255
1250 1.6226082175994634
1251 1.6226082175994634
1252 3.283454437867626
1253 3.283454437867626
1254 3.8052598574183265
1255 3.8052598574183265
1256 3.7414540477703424
1257 3.7414540477703424
1258 3.0859845218942783
1259 3.0859845218942783
1260 3.63858773322107
1261 3.63858773322107
1262 2.47581155078478
1263 2.47581155078478
1264 4.383998769152678
1265 4.383998769152678
1266 3.9564246847930713
1267 3.9564246847930713
1268 3.178689972312535
1269 3.178689972312535
1270 4.634800369646469
1271 4.634800369646469
1272 4.732160547040343
1273 4.732160547040343
1274 3.5721023454620657
1275 3.5721023454620657
1276 5.656095374740692
1277 5.656095374740692
1278 4.895225464873652
1279 4.895225464873652
1280 3.4503268926165465
1281 3.4503268926165465
1282 4.507758340038823
1283 4.507758340038823
1284 4.099597764911374
1285 4.099597764911374
1286 4.18887047202347
1287 4.18887047202347
1288 3.480271941342725
1289 3.480271941342725
1290 3.193381818973763
1291 3.193381818973763
1292 5.394577297326822
1293 5.394577297326822
1294 5.034651332147063
1295 5.034651332147063
1296 5.051974570380032
1297 5.051974570380032
1298 3.4460127716537627
1299 3.4460127716537627
1300 4.294968686476377
1301 4.294968686476377
1302 4.8868484006517425
1303 4.8868484006517425
1304 4.97741877680393
1305 4.97741877680393
1306 4.038651463800442
1307 4.038651463800442
1308 4.587322671455097
1309 4.587322671455097
1310 4.637502298675824
1311 4.637502298675824
1312 4.187373172309163
1313 4.187373172309163
1314 5.125821021338156
1315 5.125821021338156
1316 3.304203667044119
1317 3.304203667044119
1318 5.43669320272123
1319 5.43669320272123
1320 4.2751924166242805
1321 4.2751924166242805
1322 3.9992653380336227
1323 3.9992653380336227
1324 3.263682656413208
1325 3.263682656413208
1326 5.742691383968531
1327 5.742691383968531
1328 4.10671064263214
1329 4.10671064263214
1330 1.6330845036438015
1331 1.6330845036438015
1332 4.389853423456788
1333 4.389853423456788
1334 4.746811609678327
1335 4.746811609678327
1336 2.753076865505628
1337 2.753076865505628
1338 4.115908360189245
1339 4.115908360189245
1340 3.764536219832959
1341 3.764536219832959
1342 2.7645005771721944
1343 2.7645005771721944
1344 3.0340026852855084
1345 3.0340026852855084
1346 4.369852932722569
1347 4.369852932722569
1348 5.222067569492511
1349 5.222067569492511
1350 3.3923688384556088
1351 3.3923688384556088
1352 6.031250741621821
1353 6.031250741621821
1354 1.9854193216304157
1355 1.9854193216304157
1356 3.3601966230968716
1357 3.3601966230968716
1358 2.692957333765133
1359 2.692957333765133
1360 2.6873228791636388
1361 2.6873228791636388
1362 4.126759607469909
1363 4.126759607469909
1364 1.9264996368330365
1365 1.9264996368330365
1366 2.5103746087640246
1367 2.5103746087640246
1368 4.620805094484036
1369 4.620805094484036
1370 5.245423209617223
1371 5.245423209617223
1372 3.7686292229675513
1373 3.7686292229675513
1374 4.287516217856104
1375 4.287516217856104
1376 3.408567001730368
1377 3.408567001730368
1378 4.83348099506867
1379 4.83348099506867
1380 4.268978796545015
1381 4.268978796545015
1382 3.501850695410077
1383 3.501850695410077
1384 4.080598679838151
1385 4.080598679838151
1386 5.395513258754782
1387 5.395513258754782
1388 5.252324630819826
1389 5.252324630819826
1390 4.728873408660977
1391 4.728873408660977
1392 4.287378363023876
1393 4.287378363023876
1394 0.9489820656832587
1395 0.9489820656832587
1396 0.6411901342280206
1397 0.6411901342280206
1398 0.8390309977280201
1399 0.8390309977280201
1400 0.45125345222476587
1401 0.45125345222476587
1402 0.4539376513178665
1403 0.4539376513178665
1404 0.505923537396118
1405 0.505923537396118
1406 0.5490666850691432
1407 0.5490666850691432
1408 0.6679872342444375
1409 0.6679872342444375
1410 0.7437189690072098
1411 0.7437189690072098
1412 0.8202629466814624
1413 0.8202629466814624
1414 0.5492307644965246
1415 0.5492307644965246
1416 0.7918504276942313
1417 0.7918504276942313
1418 0.7339277147616189
1419 0.7339277147616189
1420 0.6743200540510598
1421 0.6743200540510598
1422 0.7410386299796502
1423 0.7410386299796502
1424 0.5294905931176932
1425 0.5294905931176932
1426 0.6493422448529957
1427 0.6493422448529957
1428 0.7895644448162484
1429 0.7895644448162484
1430 0.5185897125694217
1431 0.5185897125694217
1432 0.6251532132766211
1433 0.6251532132766211
1434 0.711462640795669
1435 0.711462640795669
1436 1.074763005150615
1437 1.074763005150615
1438 0.5616011990090419
1439 0.5616011990090419
1440 0.48856486974462976
1441 0.48856486974462976
1442 0.8778289115261446
1443 0.8778289115261446
1444 0.8734823866800265
1445 0.8734823866800265
1446 0.9298385993640449
1447 0.9298385993640449
1448 0.30388001821441707
1449 0.30388001821441707
1450 0.6047962889582201
1451 0.6047962889582201
1452 0.6556152847639273
1453 0.6556152847639273
1454 0.9755070107691818
1455 0.9755070107691818
1456 0.5913836041630393
1457 0.5913836041630393
1458 0.5034480123281858
1459 0.5034480123281858
1460 0.43045938286753893
1461 0.19350183915236194
1462 0.19350183915236194
1463 0.2982619335397858
1464 0.2982619335397858
1465 0.105693654117843
1466 0.105693654117843
1467 0.22638527253864102
1468 0.22638527253864102
1469 0.12612754380098046
1470 0.12612754380098046
1471 0.26603265438066925
1472 0.26603265438066925
1473 0.15019438482986358
1474 0.15019438482986358
1475 0.1281635911652998
1476 0.1281635911652998
1477 0.1906948789561454
1478 0.1906948789561454
1479 0.2290880784653172
1480 0.2290880784653172
1481 0.16034591275997778
1482 0.16034591275997778
1483 0.15314779705430068
1484 0.15314779705430068
1485 0.1652579395849459
1486 0.1652579395849459
1487 0.11239298028035301
1488 0.11239298028035301
1489 0.20822361129985412
1490 0.20822361129985412
1491 0.19621287599661488
1492 0.19621287599661488
1493 0.29478188753692913
1494 0.29478188753692913
1495 0.2009666948201277
1496 0.2009666948201277
1497 0.23118916280504037
1498 0.23118916280504037
1499 0.18546446057793908
1500 0.18546446057793908
1501 0.1
1502 0.1
1503 0.18968339749373792
1504 0.18968339749373792
1505 0.15911884325123007
1506 0.15911884325123007
1507 0.14813609517256326
1508 0.14813609517256326
1509 0.1
1510 0.1
1511 0.3158378221065642
1512 0.3158378221065642
1513 0.14206561174327137
1514 0.14206561174327137
1515 0.2731042845603213
1516 0.2731042845603213
1517 0.17297044163976555
1518 0.17297044163976555
1519 0.2675011861490433
1520 0.2675011861490433
1521 1.7774622232213164
1522 1.7774622232213164
1523 2.6332950288800223
1524 2.6332950288800223
1525 1.2674573328014365
1526 1.2674573328014365
1527 2.3067705701436445
1528 2.3067705701436445
1529 1.8283080525160336
1530 1.8283080525160336
1531 1.4963273400405248
1532 1.4963273400405248
1533 2.0499607320944833
1534 2.0499607320944833
1535 2.1906622009257988
1536 2.1906622009257988
1537 2.1196966659116105
1538 2.1196966659116105
1539 2.1132932593185374
1540 2.1132932593185374
1541 1.4046191854143664
1542 1.4046191854143664
1543 2.318181783135985
1544 2.318181783135985
1545 2.7020949955760156
1546 2.7020949955760156
1547 2.815321210787897
1548 2.815321210787897
1549 2.3862237197542324
1550 2.3862237197542324
1551 2.0465169237471863
1552 2.0465169237471863
1553 1.8275262026896593
1554 1.8275262026896593
1555 1.4706465272889662
1556 1.4706465272889662
1557 1.521960792698044
1558 1.521960792698044
1559 2.284893733865293
1560 2.284893733865293
1561 2.717086140964642
1562 2.717086140964642
1563 2.8385557111782354
1564 2.8385557111782354
1565 2.215534189415085
1566 2.215534189415085
1567 2.3289896184045236
1568 2.3289896184045236
1569 2.5460873632472256
1570 2.5460873632472256
1571 1.945872498852061
1572 1.945872498852061
1573 2.07123852025929
1574 2.07123852025929
1575 1.8851035368806937
1576 1.8851035368806937
1577 1.8862986031580644
1578 1.8862986031580644
1579 1.7889137413737464
1580 1.7889137413737464
1581 1.9981819306523518
1582 1.9981819306523518
1583 1.5448083225030356
1584 1.5448083225030356
1585 1.654658272836496
1586 1.654658272836496
1587 2.8130158188800563
1588 2.8130158188800563
1589 1.8059555968481438
1590 1.8059555968481438
1591 2.0069357839799196
1592 2.0069357839799196
1593 2.3178380030703885
1594 2.3178380030703885
1595 2.451735942029803
1596 2.451735942029803
1597 2.028612833852862
1598 2.028612833852862
1599 2.037455804456722
1600 2.037455804456722
1601 2.1976428072548284
1602 2.1976428072548284
1603 1.7180658041550236
1604 1.7180658041550236
1605 1.789720412387568
1606 1.789720412387568
1607 1.9997224757365653
1608 1.9997224757365653
1609 2.3183479614227775
1610 2.3183479614227775
1611 2.646650582652642
1612 2.646650582652642
1613 1.0800201871867818
1614 1.0800201871867818
1615 2.1212876794695066
1616 0.61822152854444
1617 0.61822152854444
1618 0.524901531190813
1619 0.524901531190813
1620 0.8386675326769923
1621 0.8386675326769923
1622 0.5319883882021066
1623 0.5319883882021066
1624 0.6860383998458252
1625 0.6860383998458252
1626 0.6926080058362913
1627 0.6926080058362913
1628 0.7837832437278017
1629 0.7837832437278017
1630 0.891645432192671
1631 0.891645432192671
1632 0.5661199632996877
1633 0.5661199632996877
1634 0.6301763145499402
1635 0.6301763145499402
1636 0.7972130838086267
1637 0.7972130838086267
1638 0.6471988577633754
1639 0.6471988577633754
1640 0.5260265837190312
1641 0.5260265837190312
1642 0.5895900168538022
1643 0.5895900168538022
1644 0.533960182115937
1645 0.533960182115937
1646 0.8110005069713859
1647 0.8110005069713859
1648 0.3518004682726763
1649 0.3518004682726763
1650 0.7653039441315753
1651 0.7653039441315753
1652 0.7130746359826748
1653 0.7130746359826748
1654 0.6663763220483172
1655 0.6663763220483172
1656 0.5398810339350965
1657 0.5398810339350965
1658 0.6301716124305938
1659 0.6301716124305938
1660 1.0366426550509835
1661 1.0366426550509835
1662 0.31115909832698563
1663 0.31115909832698563
1664 0.8625103881234465
1665 3.440462197571075
1666 3.440462197571075
1667 2.3020641436042855
1668 2.3020641436042855
1669 2.6368178527159642
1670 2.6368178527159642
1671 3.222429655426048
1672 3.222429655426048
1673 3.9693166377211617
1674 3.9693166377211617
1675 3.4896270068133153
1676 3.4896270068133153
1677 3.7928829549013785
1678 3.7928829549013785
1679 3.9431403090382493
1680 3.9431403090382493
1681 4.127074768809541
1682 4.127074768809541
1683 3.067046208786559
1684 3.067046208786559
1685 2.7858905460733805
1686 2.7858905460733805
1687 3.6146029219789075
1688 3.6146029219789075
1689 4.030335128030863
1690 4.030335128030863
1691 1.2034076253386647
1692 1.2034076253386647
1693 1.4821293571407748
1694 1.4821293571407748
1695 1.056627152786189
1696 1.056627152786189
1697 1.0514905271274466
1698 1.0514905271274466
1699 1.2132359336457035
1700 1.2132359336457035
1701 1.2551362219173603
1702 1.2551362219173603
1703 1.5031205171728435
1704 1.5031205171728435
1705 1.0736654623519986
1706 1.0736654623519986
1707 0.4086400133760344
1708 0.4086400133760344
1709 1.5172828656935478
1710 1.5172828656935478
1711 1.6756279671557845
1712 1.6756279671557845
1713 1.8982148699914267
1714 1.8982148699914267
1715 2.1974572136979797
1716 2.1974572136979797
1717 2.307080526744706
1718 2.307080526744706
1719 2.1496503344964255
1720 2.1496503344964255
1721 2.351809160080306
1722 2.351809160080306
1723 2.9308271770481076
1724 2.9308271770481076
1725 1.8684281303326962
1726 1.8684281303326962
1727 2.225017963214202
1728 2.225017963214202
1729 1.7587635733044074
1730 1.7587635733044074
1731 2.2422698234406164
1732 2.2422698234406164
1733 2.63582601214887
1734 2.63582601214887
1735 1.5443952687442966
1736 1.5443952687442966
1737 1.999312468537844
1738 1.999312468537844
1739 1.6397409568004084
1740 1.6397409568004084
1741 0.6983095122523346
1742 0.6983095122523346
1743 2.251692524897988
1744 2.251692524897988
1745 1.510493741905821
1746 1.510493741905821
1747 1.5159417246374147
1748 1.5159417246374147
1749 2.3221629005401567
1750 2.3221629005401567
1751 2.846230447202476
1752 2.846230447202476
1753 2.2080032495680597
1754 2.2080032495680597
1755 2.2961417868383274
1756 2.2961417868383274
1757 3.889373667446271
1758 3.889373667446271
1759 4.0302841341039555
1760 4.0302841341039555
1761 5.166659538339945
1762 5.166659538339945
1763 4.905490405363659
1764 4.905490405363659
1765 4.748709159135604
1766 4.748709159135604
1767 2.454540468832734
1768 2.454540468832734
1769 4.3292707580979926
1770 4.3292707580979926
1771 3.946909149349117
1772 3.946909149349117
1773 1.4669913809150672
1774 1.4669913809150672
1775 3.691568463217854
1776 3.691568463217854
1777 4.247804434620204
1778 4.247804434620204
1779 4.906418963287156
1780 4.906418963287156
1781 4.392437929992018
1782 4.392437929992018
1783 4.036775964648543
1784 4.036775964648543
1785 5.137028622164661
1786 5.137028622164661
1787 4.944632089113385
1788 4.944632089113385
1789 2.481003239504581
1790 2.481003239504581
1791 2.5585664548594202
1792 2.5585664548594202
1793 5.348439064516805
1794 5.348439064516805
1795 4.224921217888126
1796 4.224921217888126
1797 5.297500157434606
1798 5.297500157434606
1799 4.694296315256287
1800 4.694296315256287
1801 3.4590797535450806
1802 3.4590797535450806
1803 4.196417026313072
1804 4.196417026313072
1805 2.9730835449650534
1806 2.9730835449650534
1807 5.699803626901259
1808 5.699803626901259
1809 3.508427154686949
1810 3.508427154686949
1811 5.553569664961163
1812 5.553569664961163
1813 3.8120243244606162
1814 3.8120243244606162
1815 4.087859221603379
1816 4.087859221603379
1817 3.73511335421782
1818 3.73511335421782
1819 4.7162921753377
1820 4.7162921753377
1821 4.502521868190142
1822 4.502521868190142
1823 5.436487283670968
1824 5.436487283670968
1825 5.742003232687275
1826 5.742003232687275
1827 5.259848973532375
1828 5.259848973532375
1829 5.9595859657211525
1830 5.9595859657211525
1831 4.1783608124497125
1832 4.1783608124497125
1833 6.18280616973937
1834 6.18280616973937
1835 3.4201598039085876
1836 3.4201598039085876
1837 2.691590997530124
1838 2.691590997530124
1839 2.112984264149888
1840 2.112984264149888
1841 6.1246345856750715
1842 6.1246345856750715
1843 6.152654772290453
1844 6.152654772290453
1845 4.37407396083528
1846 4.37407396083528
1847 3.769737504841233
1848 3.769737504841233
1849 4.823942150221629
1850 4.823942150221629
1851 4.17985659263483
1852 4.17985659263483
1853 3.123408821434064
1854 3.123408821434064
1855 4.2221607312508445
1856 4.2221607312508445
1857 5.690713819971889
1858 5.690713819971889
1859 4.026037803146276
1860 4.026037803146276
1861 3.8901878785995194
1862 3.8901878785995194
1863 3.7324119048730617
1864 3.7324119048730617
1865 4.792327438310121
1866 4.792327438310121
1867 2.6535736597373143
1868 2.6535736597373143
1869 4.057330698986683
1870 4.057330698986683
1871 5.6430972990760075
1872 5.6430972990760075
1873 3.6375485144222286
1874 3.6375485144222286
1875 6.034750862194638
1876 6.034750862194638
1877 4.371178174944591
1878 4.371178174944591
1879 4.784305220514546
1880 4.784305220514546
1881 1.3559193570282697
1882 1.3559193570282697
1883 4.6602266505798475
1884 4.6602266505798475
1885 6.043423467426702
1886 6.043423467426702
1887 4.427198098393179
1888 4.427198098393179
1889 3.9036684690777825
1890 3.9036684690777825
1891 1.9571452344206066
1892 1.9571452344206066
1893 3.534203173926977
1894 3.534203173926977
1895 5.099347446436301
1896 5.099347446436301
1897 3.56453195666855
1898 3.56453195666855
1899 3.882771893642577
1900 3.882771893642577
1901 4.259472372512743
1902 4.259472372512743
1903 6.065605302725228
1904 6.065605302725228
1905 1.5071054852819412
1906 1.5071054852819412
1907 2.155838940852372
1908 2.155838940852372
1909 2.313829922255608
1910 2.313829922255608
1911 1.6581948975635408
1912 1.6581948975635408
1913 1.2016561918708977
1914 1.2016561918708977
1915 1.0455852062815958
1916 1.0455852062815958
1917 1.2215407193565493
1918 1.2215407193565493
1919 1.206564085807166
1920 1.206564085807166
1921 1.797551536927307
1922 1.89479142593049
1923 1.89479142593049
1924 2.3729421694843245
1925 2.3729421694843245
1926 2.77316948468821
1927 2.77316948468821
1928 2.172389053314278
1929 2.172389053314278
1930 1.8564135435175362
1931 1.8564135435175362
1932 2.304303548624042
1933 2.304303548624042
1934 2.992131716208246
1935 2.992131716208246
1936 1.4713913174433306
1937 1.4713913174433306
1938 2.5683048887044304
1939 2.5683048887044304
1940 2.041641043770299
1941 2.041641043770299
1942 1.07792213320583
1943 1.07792213320583
1944 2.0205383170217095
1945 2.0205383170217095
1946 3.009754135660487
1947 3.009754135660487
1948 2.100353865044267
1949 2.100353865044267
1950 3.351797704315432
1951 3.351797704315432
1952 2.384859248027011
1953 2.384859248027011
1954 3.7146434925626357
1955 3.7146434925626357
1956 1.386436667475068
1957 1.386436667475068
1958 1.3594534632683715
1959 1.3594534632683715
1960 0.17295303569070347
1961 0.17295303569070347
1962 0.2111100977544009
1963 1.252974634160872
1964 1.252974634160872
1965 2.1138745062058266
1966 2.1138745062058266
1967 0.991968044965193
1968 0.991968044965193
1969 1.1608667111403292
1970 1.1608667111403292
1971 1.9110530633640725
1972 1.9110530633640725
1973 2.441582940573028
1974 2.441582940573028
1975 1.1381985781332582
1976 1.1381985781332582
1977 2.2355854131446513
1978 2.2355854131446513
1979 1.571442456385106
1980 1.571442456385106
1981 1.624857071295494
1982 1.624857071295494
1983 2.4261294501405195
1984 2.4261294501405195
1985 1.3530403941012528
1986 1.3530403941012528
1987 1.776555949918258
1988 1.776555949918258
1989 1.7621962966927565
1990 1.7621962966927565
1991 1.851449568812478
1992 1.851449568812478
1993 1.6894190419191435
1994 1.6894190419191435
1995 1.2794317111569107
1996 1.2794317111569107
1997 1.11638445432782
1998 1.11638445432782
1999 2.146591635451393
