0 3.556411880521186
1 3.556411880521186
2 3.556411880521186
3 3.8260419283768163
4 3.8260419283768163
5 3.8260419283768163
6 3.0543331166246275
7 3.0543331166246275
8 3.0543331166246275
9 3.032335594125485
10 3.032335594125485
11 3.032335594125485
12 3.5043198806264737
13 3.5043198806264737
14 3.5043198806264737
15 3.0067869542642423
16 3.0067869542642423
17 3.0067869542642423
18 3.533316173202528
19 3.533316173202528
20 3.533316173202528
21 3.6697719311187105
22 3.6697719311187105
23 3.6697719311187105
24 3.9867910880686677
25 3.9867910880686677
26 3.9867910880686677
27 3.4589992397130183
28 3.4589992397130183
29 3.4589992397130183
30 3.828086932059232
31 3.828086932059232
32 3.828086932059232
33 3.2022061540986826
34 3.2022061540986826
35 3.2022061540986826
36 3.0846129528305575
37 3.0846129528305575
38 3.0846129528305575
39 3.0599887763213443
40 3.0599887763213443
41 3.0599887763213443
42 2.73018077613471
43 2.73018077613471
44 2.73018077613471
45 2.3847833206550493
46 2.3847833206550493
47 2.3847833206550493
48 3.734565464706191
49 3.734565464706191
50 3.734565464706191
51 3.410780829683046
52 3.410780829683046
53 3.410780829683046
54 3.6242085921089604
55 3.6242085921089604
56 3.6242085921089604
57 3.179975612966682
58 3.179975612966682
59 3.179975612966682
60 3.9322371584608686
61 3.9322371584608686
62 3.9322371584608686
63 4.515266911724224
64 4.515266911724224
65 4.515266911724224
66 4.321125463898709
67 4.321125463898709
68 4.321125463898709
69 2.7551493601150447
70 2.7551493601150447
71 2.7551493601150447
72 3.1243490160982383
73 3.1243490160982383
74 3.1243490160982383
75 3.1589972563075723
76 3.1589972563075723
77 3.1589972563075723
78 3.6404803018288554
79 3.6404803018288554
80 3.6404803018288554
81 3.184515624083782
82 3.184515624083782
83 3.184515624083782
84 2.2010737669764806
85 2.2010737669764806
86 2.2010737669764806
87 3.2932493563193423
88 3.2932493563193423
89 3.2932493563193423
90 3.4931859999357813
91 3.4931859999357813
92 3.4931859999357813
93 3.5839361985106373
94 3.5839361985106373
95 3.5839361985106373
96 3.2014478918375953
97 3.2014478918375953
98 3.2014478918375953
99 3.4250389015381315
100 3.4250389015381315
101 3.4250389015381315
102 3.4285883846852236
103 3.4285883846852236
104 3.4285883846852236
105 3.035426028134989
106 3.035426028134989
107 3.035426028134989
108 3.46283924322389
109 3.46283924322389
110 3.46283924322389
111 2.941984690791054
112 2.941984690791054
113 2.941984690791054
114 3.904703706081074
115 3.904703706081074
116 3.904703706081074
117 3.4689384777652137
118 3.4689384777652137
119 3.4689384777652137
120 3.492421997527794
121 3.492421997527794
122 3.492421997527794
123 3.3599159345823963
124 3.3599159345823963
125 3.3599159345823963
126 3.1257997367483306
127 3.1257997367483306
128 3.1257997367483306
129 4.09649400323018
130 4.09649400323018
131 4.09649400323018
132 3.0603338541412013
133 3.0603338541412013
134 3.0603338541412013
135 3.9252841178990097
136 3.9252841178990097
137 3.9252841178990097
138 3.7619655933474045
139 3.7619655933474045
140 3.7619655933474045
141 3.3590791807725573
142 3.3590791807725573
143 3.3590791807725573
144 3.3109186104603707
145 3.3109186104603707
146 3.3109186104603707
147 3.404837576254253
148 3.404837576254253
149 3.404837576254253
150 3.2266264639597617
151 3.2266264639597617
152 3.2266264639597617
153 3.3018118639849168
154 3.3018118639849168
155 3.3018118639849168
156 3.9895624076470266
157 3.9895624076470266
158 3.9895624076470266
159 3.7930373593698614
160 3.7930373593698614
161 3.7930373593698614
162 3.582885826242921
163 3.582885826242921
164 3.582885826242921
165 2.696199198158629
166 2.696199198158629
167 2.696199198158629
168 3.294711742274149
169 3.294711742274149
170 3.294711742274149
171 3.2296234697471218
172 3.2296234697471218
173 3.2296234697471218
174 3.574005622564808
175 3.574005622564808
176 3.574005622564808
177 3.5600637385450518
178 3.5600637385450518
179 3.5600637385450518
180 2.5856540114019237
181 2.5856540114019237
182 2.5856540114019237
183 3.231130569121824
184 3.231130569121824
185 3.231130569121824
186 3.7388014023221072
187 3.7388014023221072
188 3.7388014023221072
189 2.649614109347217
190 2.649614109347217
191 2.649614109347217
192 2.9130635655783377
193 2.9130635655783377
194 2.9130635655783377
195 3.342374755767951
196 3.342374755767951
197 3.342374755767951
198 2.789431945232146
199 2.789431945232146
200 2.789431945232146
201 3.174471424451703
202 3.174471424451703
203 3.174471424451703
204 2.6406574920253454
205 2.6406574920253454
206 2.6406574920253454
207 3.2880119797211425
208 3.2880119797211425
209 3.2880119797211425
210 4.19125354271585
211 4.19125354271585
212 4.19125354271585
213 3.371826749555142
214 3.371826749555142
215 3.371826749555142
216 3.48394417782052
217 3.48394417782052
218 3.48394417782052
219 3.282280312370061
220 3.282280312370061
221 3.282280312370061
222 3.8381800517887026
223 3.8381800517887026
224 3.8381800517887026
225 3.8615403063849576
226 3.8615403063849576
227 3.8615403063849576
228 3.703399474756822
229 3.703399474756822
230 3.703399474756822
231 3.642471374620561
232 3.642471374620561
233 3.642471374620561
234 2.9892972739754553
235 2.9892972739754553
236 2.9892972739754553
237 3.0338542599717027
238 3.0338542599717027
239 3.0338542599717027
240 3.036701716567496
241 3.036701716567496
242 3.036701716567496
243 2.7297621638476515
244 2.7297621638476515
245 2.7297621638476515
246 3.667096287844902
247 3.667096287844902
248 3.667096287844902
249 3.219918648723848
250 3.219918648723848
251 3.219918648723848
252 3.6547778890361453
253 3.6547778890361453
254 3.6547778890361453
255 3.2873265785505668
256 3.2873265785505668
257 3.2873265785505668
258 4.425053192902341
259 4.425053192902341
260 4.425053192902341
261 3.4733191135255774
262 3.4733191135255774
263 3.4733191135255774
264 2.775697469521072
265 2.775697469521072
266 2.775697469521072
267 2.7815990689171497
268 2.7815990689171497
269 2.7815990689171497
270 4.100659286423315
271 4.100659286423315
272 4.100659286423315
273 3.2832160906601446
274 3.2832160906601446
275 3.2832160906601446
276 3.105567420804945
277 3.105567420804945
278 3.105567420804945
279 3.435775711423654
280 3.435775711423654
281 3.435775711423654
282 3.195038812157539
283 3.195038812157539
284 3.195038812157539
285 4.142698171096898
286 4.142698171096898
287 4.142698171096898
288 3.719487223912029
289 3.719487223912029
290 3.719487223912029
291 2.741925733912284
292 2.741925733912284
293 2.741925733912284
294 3.765797094294088
295 3.765797094294088
296 3.765797094294088
297 3.1586813625835664
298 3.1586813625835664
299 3.1586813625835664
300 3.4429283806656716
301 3.4429283806656716
302 3.4429283806656716
303 3.3123161067103517
304 3.3123161067103517
305 3.3123161067103517
306 3.7016277596284684
307 3.7016277596284684
308 3.7016277596284684
309 3.1004376848334854
310 3.1004376848334854
311 3.1004376848334854
312 2.7557249963267347
313 2.7557249963267347
314 2.7557249963267347
315 2.9892526472473793
316 2.9892526472473793
317 2.9892526472473793
318 3.4588781451477812
319 3.4588781451477812
320 3.4588781451477812
321 2.9847616580780616
322 2.9847616580780616
323 2.9847616580780616
324 3.27824418179609
325 2.630721182091493
326 2.630721182091493
327 2.630721182091493
328 3.2915497840050394
329 3.2915497840050394
330 3.2915497840050394
331 2.673996004058611
332 2.673996004058611
333 2.673996004058611
334 4.192131058417173
335 4.192131058417173
336 4.192131058417173
337 3.4600276360105298
338 3.4600276360105298
339 3.4600276360105298
340 3.8047263321925544
341 3.8047263321925544
342 3.8047263321925544
343 4.225995362149591
344 4.225995362149591
345 4.225995362149591
346 4.121718225498327
347 4.121718225498327
348 4.121718225498327
349 2.7736942707899113
350 2.7736942707899113
351 2.7736942707899113
352 4.043360550074291
353 4.043360550074291
354 4.043360550074291
355 4.02014326850857
356 4.02014326850857
357 4.02014326850857
358 3.5188944844406325
359 3.5188944844406325
360 3.5188944844406325
361 4.163599897513151
362 4.163599897513151
363 4.163599897513151
364 3.5725282355444383
365 3.5725282355444383
366 3.5725282355444383
367 4.035706420728237
368 4.035706420728237
369 4.035706420728237
370 3.955568663097588
371 3.955568663097588
372 3.955568663097588
373 3.4660591920134762
374 3.4660591920134762
375 3.4660591920134762
376 4.155387447443209
377 4.155387447443209
378 4.155387447443209
379 4.031559366591763
380 4.031559366591763
381 4.031559366591763
382 4.278745946840058
383 4.278745946840058
384 4.278745946840058
385 3.7630902459111075
386 3.7630902459111075
387 3.7630902459111075
388 3.921863731898159
389 3.921863731898159
390 3.921863731898159
391 4.486646091513223
392 4.486646091513223
393 4.486646091513223
394 3.5980641933435256
395 3.5980641933435256
396 3.5980641933435256
397 4.090559951352207
398 4.090559951352207
399 4.090559951352207
400 3.931567193192834
401 3.931567193192834
402 3.931567193192834
403 5.0740435046506525
404 5.0740435046506525
405 5.0740435046506525
406 3.197781478381766
407 3.197781478381766
408 3.197781478381766
409 4.309427594833486
410 4.309427594833486
411 4.309427594833486
412 3.329651047046098
413 3.329651047046098
414 3.329651047046098
415 4.840288933031427
416 4.840288933031427
417 4.840288933031427
418 4.382581209819465
419 4.382581209819465
420 4.382581209819465
421 3.661748213738437
422 3.661748213738437
423 3.661748213738437
424 3.166007141012076
425 3.166007141012076
426 3.166007141012076
427 3.189798934306664
428 3.189798934306664
429 3.189798934306664
430 4.650844413917519
431 4.650844413917519
432 4.650844413917519
433 3.6684699506107052
434 3.6684699506107052
435 3.6684699506107052
436 3.1142152449131624
437 3.1142152449131624
438 3.1142152449131624
439 4.765518346755226
440 4.765518346755226
441 4.765518346755226
442 4.2614346739046445
443 4.2614346739046445
444 4.2614346739046445
445 4.302057197628719
446 4.302057197628719
447 4.302057197628719
448 4.683151432602684
449 4.683151432602684
450 4.683151432602684
451 3.562874389701855
452 3.562874389701855
453 3.562874389701855
454 3.7183542159251908
455 3.7183542159251908
456 3.7183542159251908
457 3.9815006537602047
458 3.9815006537602047
459 3.9815006537602047
460 3.356006585522136
461 3.356006585522136
462 3.356006585522136
463 3.13939667416244
464 3.13939667416244
465 3.13939667416244
466 3.5522827797745635
467 3.5522827797745635
468 3.5522827797745635
469 4.9039587393886865
470 4.9039587393886865
471 4.9039587393886865
472 3.990099109792526
473 3.990099109792526
474 3.990099109792526
475 4.228028017744993
476 4.228028017744993
477 4.228028017744993
478 3.875171412493056
479 3.875171412493056
480 3.875171412493056
481 3.97310002602571
482 3.97310002602571
483 3.97310002602571
484 3.5791664092983058
485 3.5791664092983058
486 3.5791664092983058
487 4.345986702647334
488 4.345986702647334
489 4.345986702647334
490 3.73612272352837
491 3.73612272352837
492 3.73612272352837
493 4.003309979695608
494 4.003309979695608
495 4.003309979695608
496 3.7085106257735734
497 3.7085106257735734
498 3.7085106257735734
499 2.987462596180524
500 2.987462596180524
501 2.987462596180524
502 4.333374808712286
503 4.333374808712286
504 4.333374808712286
505 3.1988341949661203
506 3.1988341949661203
507 3.1988341949661203
508 4.540783419986464
509 4.540783419986464
510 4.540783419986464
511 3.3175135399318187
512 3.3175135399318187
513 3.3175135399318187
514 3.530709194851558
515 3.530709194851558
516 3.530709194851558
517 2.7303426954647216
518 2.7303426954647216
519 2.7303426954647216
520 4.476805075973799
521 4.476805075973799
522 4.476805075973799
523 4.264602481552258
524 4.264602481552258
525 4.264602481552258
526 5.043776023862618
527 5.043776023862618
528 5.043776023862618
529 4.365410623631117
530 4.365410623631117
531 4.365410623631117
532 3.8187372691303296
533 4.107690024324656
534 4.107690024324656
535 4.107690024324656
536 4.089394055692705
537 4.089394055692705
538 4.089394055692705
539 3.8659249992549056
540 3.8659249992549056
541 3.8659249992549056
542 4.772960200522901
543 4.772960200522901
544 4.772960200522901
545 4.920686350337661
546 4.920686350337661
547 4.920686350337661
548 3.144570822887555
549 3.144570822887555
550 3.144570822887555
551 4.077557186588912
552 4.077557186588912
553 4.077557186588912
554 4.347587176980077
555 4.347587176980077
556 4.347587176980077
557 4.031728121840983
558 4.031728121840983
559 4.031728121840983
560 3.879038391629765
561 3.879038391629765
562 3.879038391629765
563 4.981962761832575
564 4.981962761832575
565 4.981962761832575
566 3.3580846893525043
567 3.3580846893525043
568 3.3580846893525043
569 4.177182191418896
570 4.177182191418896
571 4.177182191418896
572 4.353303134385344
573 4.353303134385344
574 4.353303134385344
575 3.014667177881238
576 3.014667177881238
577 3.014667177881238
578 4.043716997762081
579 4.043716997762081
580 4.043716997762081
581 3.6925220254887967
582 3.6925220254887967
583 3.6925220254887967
584 5.301216279527623
585 5.301216279527623
586 5.301216279527623
587 3.56193723724084
588 3.56193723724084
589 3.56193723724084
590 3.884487022533548
591 3.884487022533548
592 3.884487022533548
593 5.409991152554078
594 5.409991152554078
595 5.409991152554078
596 4.364291737647843
597 4.364291737647843
598 4.364291737647843
599 4.1249330292765265
600 4.1249330292765265
601 4.1249330292765265
602 4.186778264491684
603 4.186778264491684
604 4.186778264491684
605 4.1587658697588
606 4.1587658697588
607 4.1587658697588
608 4.921761464271932
609 4.921761464271932
610 4.921761464271932
611 4.582391220145501
612 4.582391220145501
613 4.582391220145501
614 4.7307690678847845
615 4.7307690678847845
616 4.7307690678847845
617 4.13231178634267
618 4.13231178634267
619 4.13231178634267
620 3.6496611860889887
621 3.6496611860889887
622 3.6496611860889887
623 5.012681464214277
624 5.012681464214277
625 5.012681464214277
626 4.6261300598316195
627 4.6261300598316195
628 4.6261300598316195
629 4.7827734153695785
630 4.7827734153695785
631 4.7827734153695785
632 4.386094650562202
633 4.386094650562202
634 4.386094650562202
635 4.364919995752779
636 4.364919995752779
637 4.364919995752779
638 3.929538462077482
639 3.929538462077482
640 3.929538462077482
641 2.2855912019483555
642 2.2855912019483555
643 2.2855912019483555
644 1.999708867847819
645 1.999708867847819
646 1.999708867847819
647 2.0169438017094032
648 2.0169438017094032
649 2.0169438017094032
650 1.5480534858885937
651 1.5480534858885937
652 1.5480534858885937
653 1.9776677784440067
654 1.9776677784440067
655 1.9776677784440067
656 1.8790505501182508
657 1.8790505501182508
658 1.8790505501182508
659 1.80585962913999
660 1.80585962913999
661 1.80585962913999
662 1.8658007102602936
663 1.8658007102602936
664 1.8658007102602936
665 2.0722204802740944
666 2.0722204802740944
667 2.0722204802740944
668 2.2585884824435007
669 2.2585884824435007
670 2.2585884824435007
671 1.8723743199168652
672 1.8723743199168652
673 1.8723743199168652
674 2.253048664896469
675 2.253048664896469
676 2.253048664896469
677 1.6127542469003975
678 1.6127542469003975
679 1.6127542469003975
680 1.5926529856360885
681 1.5926529856360885
682 1.5926529856360885
683 2.058678041446693
684 2.058678041446693
685 2.058678041446693
686 2.258096812053452
687 2.258096812053452
688 2.258096812053452
689 1.66762854916366
690 1.66762854916366
691 1.66762854916366
692 2.066730428518111
693 2.066730428518111
694 2.066730428518111
695 2.002352969684073
696 2.002352969684073
697 2.002352969684073
698 1.6851189017965604
699 1.6851189017965604
700 1.6851189017965604
701 2.5264178637813237
702 2.5264178637813237
703 2.5264178637813237
704 1.6196504012121131
705 1.6196504012121131
706 1.6196504012121131
707 1.99745160760609
708 1.99745160760609
709 1.99745160760609
710 0.610131053566766
711 0.610131053566766
712 0.610131053566766
713 0.8182596283296186
714 0.8182596283296186
715 0.8182596283296186
716 0.5661093778876711
717 0.5661093778876711
718 0.5661093778876711
719 0.672498671486084
720 0.672498671486084
721 0.672498671486084
722 0.5953756530118681
723 0.5953756530118681
724 0.5953756530118681
725 0.7365218294148841
726 0.7365218294148841
727 0.7365218294148841
728 0.6530609171323478
729 0.6530609171323478
730 0.6530609171323478
731 0.5861120940278599
732 0.5861120940278599
733 0.5861120940278599
734 0.6477444835691526
735 0.6477444835691526
736 0.6477444835691526
737 0.5495182577690978
738 0.5495182577690978
739 0.5495182577690978
740 0.7349378438948839
741 0.7349378438948839
742 0.7349378438948839
743 0.6702309363577869
744 0.6702309363577869
745 0.6702309363577869
746 0.7976820865701051
747 0.7976820865701051
748 0.7976820865701051
749 0.6865772100414842
750 0.6865772100414842
751 0.6865772100414842
752 0.5441248048681696
753 0.5441248048681696
754 0.5441248048681696
755 0.7562113634555062
756 0.7562113634555062
757 0.7562113634555062
758 0.7666995669620156
759 0.7666995669620156
760 0.7666995669620156
761 0.5801573212454749
762 0.5801573212454749
763 0.5801573212454749
764 0.6430876219309771
765 0.6430876219309771
766 0.6430876219309771
767 0.6221424895019758
768 0.6221424895019758
769 0.6221424895019758
770 0.6667994268036886
771 0.6667994268036886
772 0.6667994268036886
773 0.5217566742225392
774 0.5217566742225392
775 0.5217566742225392
776 0.5688649182221462
777 0.5688649182221462
778 0.5688649182221462
779 0.6756468944369494
780 0.6756468944369494
781 0.6756468944369494
782 0.5421562368043543
783 0.5421562368043543
784 0.5421562368043543
785 0.5964356535375619
786 0.5964356535375619
787 0.5964356535375619
788 0.5340186820700982
789 0.5340186820700982
790 0.5340186820700982
791 1.6382705234220478
792 1.6382705234220478
793 1.6382705234220478
794 1.3532810807072457
795 1.3532810807072457
796 1.3532810807072457
797 1.5776871969892945
798 1.5776871969892945
799 1.5776871969892945
800 1.4708620507530568
801 1.4708620507530568
802 1.4708620507530568
803 1.2157482025787996
804 1.2157482025787996
805 1.2157482025787996
806 1.648185926904585
807 1.648185926904585
808 1.648185926904585
809 1.8489838672800893
810 1.8489838672800893
811 1.8489838672800893
812 1.547931891516435
813 1.547931891516435
814 1.547931891516435
815 1.34376867756155
816 1.34376867756155
817 1.34376867756155
818 1.8116536072314464
819 1.8116536072314464
820 1.8116536072314464
821 1.534184574373285
822 1.534184574373285
823 1.534184574373285
824 1.4962343181150384
825 1.4962343181150384
826 1.4962343181150384
827 1.449250041221134
828 1.449250041221134
829 1.449250041221134
830 1.4630828652756434
831 1.4630828652756434
832 1.4630828652756434
833 0.245453034633746
834 0.245453034633746
835 0.245453034633746
836 0.17536435366990152
837 0.17536435366990152
838 0.17536435366990152
839 0.17994886968337068
840 0.17994886968337068
841 0.17994886968337068
842 0.1807626078282725
843 0.1807626078282725
844 0.1807626078282725
845 0.2165158484360714
846 0.2165158484360714
847 0.2165158484360714
848 0.20070749942186256
849 0.20070749942186256
850 0.20070749942186256
851 0.14618017785437454
852 0.14618017785437454
853 0.14618017785437454
854 0.21602306368146876
855 0.21602306368146876
856 0.21602306368146876
857 0.21713798767899567
858 0.21713798767899567
859 0.21713798767899567
860 0.2706397839637559
861 0.2706397839637559
862 0.2706397839637559
863 0.16532112099420665
864 0.16532112099420665
865 0.16532112099420665
866 0.20051697761903486
867 0.20051697761903486
868 0.20051697761903486
869 0.1922781685118135
870 0.1922781685118135
871 0.1922781685118135
872 0.1882816845775553
873 0.1882816845775553
874 0.1882816845775553
875 0.17003846986657078
876 0.17003846986657078
877 0.17003846986657078
878 1.1221024693564718
879 1.1221024693564718
880 1.1221024693564718
881 1.1030549300901595
882 1.1030549300901595
883 1.1030549300901595
884 1.2854587944789073
885 1.2854587944789073
886 1.2854587944789073
887 1.0786369316421691
888 1.0786369316421691
889 1.0786369316421691
890 1.173281670090122
891 1.173281670090122
892 1.173281670090122
893 1.1303971460340243
894 1.1303971460340243
895 1.1303971460340243
896 1.5343717299370807
897 1.5343717299370807
898 1.5343717299370807
899 1.1745112169832281
900 1.1745112169832281
901 1.1745112169832281
902 0.8946089128068913
903 0.8946089128068913
904 0.8946089128068913
905 1.3273352559982103
906 1.3273352559982103
907 1.3273352559982103
908 1.2092300792341222
909 1.2092300792341222
910 1.2092300792341222
911 0.994305683796341
912 0.994305683796341
913 0.994305683796341
914 1.3609870784747664
915 1.3609870784747664
916 1.3609870784747664
917 0.8911909237025131
918 0.8911909237025131
919 0.8911909237025131
920 1.3152153444979147
921 1.3152153444979147
922 1.3152153444979147
923 1.1674092206932651
924 1.1674092206932651
925 1.1674092206932651
926 0.9251148889594796
927 0.9251148889594796
928 0.9251148889594796
929 1.0861399599276458
930 1.0861399599276458
931 1.0861399599276458
932 1.080906916974536
933 1.080906916974536
934 1.080906916974536
935 0.9151523959345147
936 0.9151523959345147
937 0.9151523959345147
938 1.444388042758161
939 1.444388042758161
940 1.444388042758161
941 0.9961547206624306
942 0.9961547206624306
943 0.9961547206624306
944 1.2488707531496124
945 1.2488707531496124
946 1.2488707531496124
947 0.9347085996893251
948 0.9347085996893251
949 0.9347085996893251
950 1.0879960048136443
951 1.0879960048136443
952 1.0879960048136443
953 1.1784570755441741
954 1.1784570755441741
955 1.1784570755441741
956 0.9907628229536936
957 0.9907628229536936
958 0.9907628229536936
959 1.0750481020415978
960 1.0750481020415978
961 1.0750481020415978
962 1.1050203455553154
963 1.1050203455553154
964 1.1050203455553154
965 1.0334221533490002
966 1.0334221533490002
967 1.0334221533490002
968 1.1282052374943485
969 1.1282052374943485
970 1.1282052374943485
971 0.9942882355381312
972 0.9942882355381312
973 0.9942882355381312
974 0.8901561393240337
975 0.8901561393240337
976 0.8901561393240337
977 1.2040900694899723
978 1.2040900694899723
979 1.2040900694899723
980 0.800918369536108
981 0.800918369536108
982 0.800918369536108
983 1.1885562239978587
984 1.1885562239978587
985 1.1885562239978587
986 1.320516354201917
987 1.320516354201917
988 1.320516354201917
989 0.9009679334872729
990 0.9009679334872729
991 0.9009679334872729
992 0.6368329211025314
993 0.6368329211025314
994 0.6368329211025314
995 1.3053237860950597
996 1.3053237860950597
997 1.3053237860950597
998 1.0568938817253057
999 1.0568938817253057
1000 1.0568938817253057
1001 2.957894383841845
1002 2.957894383841845
1003 2.957894383841845
1004 2.9963863390415444
1005 2.9963863390415444
1006 2.9963863390415444
1007 2.550315409427105
1008 2.550315409427105
1009 2.550315409427105
1010 3.6494041002398427
1011 3.6494041002398427
1012 3.6494041002398427
1013 3.769326191805715
1014 3.769326191805715
1015 3.769326191805715
1016 2.9766988715768647
1017 2.9766988715768647
1018 2.9766988715768647
1019 4.097421490917871
1020 4.097421490917871
1021 2.2158568189002246
1022 2.2158568189002246
1023 2.2158568189002246
1024 1.7754122148443243
1025 1.7754122148443243
1026 1.7754122148443243
1027 2.5814058807581906
1028 2.5814058807581906
1029 2.5814058807581906
1030 2.2339256467397517
1031 2.2339256467397517
1032 2.2339256467397517
1033 1.7229088536127457
1034 1.7229088536127457
1035 1.7229088536127457
1036 1.839337971380132
1037 1.839337971380132
1038 1.839337971380132
1039 2.230213892016973
1040 2.230213892016973
1041 2.230213892016973
1042 1.9487083347038914
1043 1.9487083347038914
1044 1.9487083347038914
1045 2.4126695294167613
1046 2.4126695294167613
1047 2.4126695294167613
1048 1.8902198336895064
1049 1.8902198336895064
1050 1.8902198336895064
1051 2.1418978279241543
1052 2.1418978279241543
1053 2.1418978279241543
1054 1.9147437854662115
1055 1.9147437854662115
1056 1.9147437854662115
1057 2.581238188548692
1058 2.581238188548692
1059 2.581238188548692
1060 1.9107813212090659
1061 1.9107813212090659
1062 1.9107813212090659
1063 2.2854091854922878
1064 2.2854091854922878
1065 2.2854091854922878
1066 1.9915716237993815
1067 1.9915716237993815
1068 1.9915716237993815
1069 1.7877319095261552
1070 1.7877319095261552
1071 1.7877319095261552
1072 1.9518511849126954
1073 1.9518511849126954
1074 1.9518511849126954
1075 2.029010832793728
1076 2.029010832793728
1077 2.029010832793728
1078 1.6660477645315463
1079 1.6660477645315463
1080 1.6660477645315463
1081 2.181842811111518
1082 2.181842811111518
1083 2.181842811111518
1084 1.9750039445539485
1085 1.9750039445539485
1086 1.9750039445539485
1087 1.984227975647369
1088 1.984227975647369
1089 1.984227975647369
1090 2.0457195181743435
1091 2.0457195181743435
1092 2.0457195181743435
1093 1.7137530784657682
1094 1.7137530784657682
1095 1.7137530784657682
1096 2.179411101309086
1097 2.179411101309086
1098 2.179411101309086
1099 2.1154895818486015
1100 2.1154895818486015
1101 2.1154895818486015
1102 1.5456570297775905
1103 1.5456570297775905
1104 1.5456570297775905
1105 2.4761103644837705
1106 2.4761103644837705
1107 2.4761103644837705
1108 1.9650392185817456
1109 1.9650392185817456
1110 1.9650392185817456
1111 1.9215694024265848
1112 1.9215694024265848
1113 1.9215694024265848
1114 2.1178745058324995
1115 2.1178745058324995
1116 2.1178745058324995
1117 2.144056682791475
1118 2.144056682791475
1119 2.144056682791475
1120 1.7891712083198599
1121 1.7891712083198599
1122 1.7891712083198599
1123 2.079873449035313
1124 2.079873449035313
1125 2.079873449035313
1126 1.9839318664054602
1127 1.9839318664054602
1128 1.9839318664054602
1129 1.8723675445173191
1130 1.8723675445173191
1131 1.8723675445173191
1132 1.854911906043406
1133 1.854911906043406
1134 1.854911906043406
1135 1.92707908717735
1136 1.92707908717735
1137 1.92707908717735
1138 2.3405339873793056
1139 2.3405339873793056
1140 2.3405339873793056
1141 2.0547276374749197
1142 2.0547276374749197
1143 2.0547276374749197
1144 2.67022700855761
1145 2.67022700855761
1146 2.67022700855761
1147 1.7984826968079934
1148 1.7984826968079934
1149 1.7984826968079934
1150 2.174087516374199
1151 2.174087516374199
1152 2.174087516374199
1153 2.1628840967835252
1154 2.1628840967835252
1155 2.1628840967835252
1156 2.8474735043702006
1157 2.8474735043702006
1158 2.8474735043702006
1159 2.5601047750218946
1160 2.5601047750218946
1161 2.5601047750218946
1162 1.718069329808706
1163 1.718069329808706
1164 1.718069329808706
1165 1.9145972071687178
1166 1.9145972071687178
1167 1.9145972071687178
1168 2.2457067005751092
1169 2.2457067005751092
1170 2.2457067005751092
1171 1.6351130420082705
1172 1.6351130420082705
1173 1.6351130420082705
1174 2.305874642947095
1175 2.305874642947095
1176 2.305874642947095
1177 0.8833387865793207
1178 0.8833387865793207
1179 0.8833387865793207
1180 0.6677500779338122
1181 0.6677500779338122
1182 0.6677500779338122
1183 0.5991623478581318
1184 0.5991623478581318
1185 0.5991623478581318
1186 0.6636963974703871
1187 0.6636963974703871
1188 0.6636963974703871
1189 0.6478128712198752
1190 0.6478128712198752
1191 0.6478128712198752
1192 0.7823053105241555
1193 0.7823053105241555
1194 0.7823053105241555
1195 0.6519640886566678
1196 0.6519640886566678
1197 0.6519640886566678
1198 0.6216401734405733
1199 0.6216401734405733
1200 0.6216401734405733
1201 0.5129958077454658
1202 0.5129958077454658
1203 0.5129958077454658
1204 0.7054260652084949
1205 0.7054260652084949
1206 0.7054260652084949
1207 0.7549707503300049
1208 0.7549707503300049
1209 0.7549707503300049
1210 0.5605705847598893
1211 0.5605705847598893
1212 0.5605705847598893
1213 0.547874828081451
1214 0.547874828081451
1215 0.547874828081451
1216 0.5537886971940683
1217 0.5537886971940683
1218 0.5537886971940683
1219 0.587580472598127
1220 0.587580472598127
1221 0.587580472598127
1222 0.596124700847229
1223 0.596124700847229
1224 0.596124700847229
1225 0.7069296143908769
1226 0.7069296143908769
1227 0.7069296143908769
1228 0.6852919703450336
1229 4.406009929581832
1230 4.406009929581832
1231 4.406009929581832
1232 4.070027873701324
1233 4.070027873701324
1234 4.070027873701324
1235 4.116157547141411
1236 4.116157547141411
1237 4.116157547141411
1238 3.4930644778489772
1239 3.4930644778489772
1240 3.4930644778489772
1241 4.07133147892423
1242 4.07133147892423
1243 4.07133147892423
1244 4.038008083762587
1245 4.038008083762587
1246 4.038008083762587
1247 4.201100763745586
1248 4.201100763745586
1249 4.201100763745586
1250 3.3000260315442604
1251 3.3000260315442604
1252 3.3000260315442604
1253 3.7029511977443534
1254 3.7029511977443534
1255 3.7029511977443534
1256 4.1869333166495455
1257 4.1869333166495455
1258 4.1869333166495455
1259 4.449966826931526
1260 4.449966826931526
1261 4.449966826931526
1262 3.9339704109635547
1263 3.9339704109635547
1264 3.9339704109635547
1265 4.016813686271168
1266 4.016813686271168
1267 4.016813686271168
1268 3.982289300450674
1269 3.982289300450674
1270 3.982289300450674
1271 4.0361463757592375
1272 4.0361463757592375
1273 4.0361463757592375
1274 4.8250578264903465
1275 4.8250578264903465
1276 4.8250578264903465
1277 3.858777433567681
1278 3.858777433567681
1279 3.858777433567681
1280 4.017142471521737
1281 4.017142471521737
1282 4.017142471521737
1283 3.610174562095303
1284 3.610174562095303
1285 3.610174562095303
1286 4.545661523802207
1287 4.545661523802207
1288 4.545661523802207
1289 3.7081841645573204
1290 3.7081841645573204
1291 3.7081841645573204
1292 4.286716213791718
1293 4.286716213791718
1294 4.286716213791718
1295 3.931650477771188
1296 3.931650477771188
1297 3.931650477771188
1298 4.146637620493371
1299 4.146637620493371
1300 4.146637620493371
1301 4.2624796995309016
1302 4.2624796995309016
1303 4.2624796995309016
1304 3.8617772361182245
1305 3.8617772361182245
1306 3.8617772361182245
1307 4.342511443093895
1308 4.342511443093895
1309 4.342511443093895
1310 4.136631467619679
1311 4.136631467619679
1312 4.136631467619679
1313 4.7738073516003965
1314 4.7738073516003965
1315 4.7738073516003965
1316 3.759386134017299
1317 3.759386134017299
1318 3.759386134017299
1319 3.9247495809530846
1320 3.9247495809530846
1321 3.9247495809530846
1322 3.7278290138168155
1323 3.7278290138168155
1324 3.7278290138168155
1325 3.2683847097591756
1326 3.2683847097591756
1327 3.2683847097591756
1328 2.8434252427668065
1329 2.8434252427668065
1330 2.8434252427668065
1331 3.7765991479926613
1332 3.7765991479926613
1333 3.7765991479926613
1334 3.3253745546961224
1335 3.3253745546961224
1336 3.3253745546961224
1337 1.1048973231955588
1338 1.1048973231955588
1339 1.1048973231955588
1340 1.2442244950980923
1341 1.2442244950980923
1342 1.2442244950980923
1343 1.1737054803674012
1344 1.1737054803674012
1345 1.1737054803674012
1346 1.0810998952193804
1347 1.0810998952193804
1348 1.0810998952193804
1349 1.3001714112309601
1350 1.3001714112309601
1351 1.3001714112309601
1352 1.0153504681997272
1353 1.0153504681997272
1354 4.210451094783895
1355 4.210451094783895
1356 4.210451094783895
1357 3.689061011322465
1358 3.689061011322465
1359 3.689061011322465
1360 3.5871358209991935
1361 3.5871358209991935
1362 3.5871358209991935
1363 3.4288196222282545
1364 3.4288196222282545
1365 3.4288196222282545
1366 3.721775183518114
1367 3.721775183518114
1368 3.721775183518114
1369 3.153255999431294
1370 3.153255999431294
1371 3.153255999431294
1372 4.7640423088239645
1373 4.7640423088239645
1374 4.7640423088239645
1375 3.639009229709967
1376 3.639009229709967
1377 3.639009229709967
1378 3.3994246076659786
1379 3.3994246076659786
1380 3.3994246076659786
1381 3.9873457034577564
1382 3.9873457034577564
1383 3.9873457034577564
1384 4.448760708176269
1385 4.448760708176269
1386 4.448760708176269
1387 3.7252554212491766
1388 3.7252554212491766
1389 3.7252554212491766
1390 3.6146872622819797
1391 3.6146872622819797
1392 3.6146872622819797
1393 4.102872023750956
1394 4.102872023750956
1395 4.102872023750956
1396 3.4407540188363104
1397 3.4407540188363104
1398 3.4407540188363104
1399 3.8429867833869915
1400 3.8429867833869915
1401 3.8429867833869915
1402 3.7394740976973275
1403 3.7394740976973275
1404 3.7394740976973275
1405 3.145763800422839
1406 3.145763800422839
1407 3.145763800422839
1408 3.0744332736666746
1409 3.0744332736666746
1410 3.0744332736666746
1411 4.28413342621569
1412 4.28413342621569
1413 4.28413342621569
1414 4.29879978162028
1415 4.29879978162028
1416 4.29879978162028
1417 4.296312902234189
1418 4.296312902234189
1419 4.296312902234189
1420 4.388002821021329
1421 4.388002821021329
1422 4.388002821021329
1423 3.7863673715818544
1424 3.7863673715818544
1425 3.7863673715818544
1426 3.6748320936388175
1427 3.6748320936388175
1428 3.6748320936388175
1429 3.0441291248393894
1430 3.0441291248393894
1431 3.0441291248393894
1432 1.2183092111185458
1433 1.2183092111185458
1434 1.2183092111185458
1435 1.248283143604964
1436 1.248283143604964
1437 1.248283143604964
1438 0.8689227860920848
1439 0.8689227860920848
1440 0.8689227860920848
1441 1.1425899722620656
1442 1.1425899722620656
1443 1.1425899722620656
1444 0.7687542244798651
1445 0.7687542244798651
1446 0.7687542244798651
1447 0.6068184053163675
1448 0.6068184053163675
1449 0.6068184053163675
1450 0.7992846618678371
1451 0.7992846618678371
1452 0.7992846618678371
1453 1.3470679663397425
1454 1.3470679663397425
1455 1.3470679663397425
1456 0.7976305837454611
1457 0.7976305837454611
1458 0.7976305837454611
1459 0.9254029572762571
1460 0.9254029572762571
1461 0.9254029572762571
1462 1.0822633693544956
1463 1.0822633693544956
1464 1.0822633693544956
1465 1.04460310410544
1466 1.04460310410544
1467 1.04460310410544
1468 1.1322153510261015
1469 1.1322153510261015
1470 1.1322153510261015
1471 1.1729824305115697
1472 1.1729824305115697
1473 1.1729824305115697
1474 1.1108290505786518
1475 1.1108290505786518
1476 1.1108290505786518
1477 0.9576334602913423
1478 0.9576334602913423
1479 0.9576334602913423
1480 1.238075094331582
1481 1.238075094331582
1482 1.238075094331582
1483 1.0221944650964543
1484 1.0221944650964543
1485 1.0221944650964543
1486 1.3630244584004427
1487 1.3630244584004427
1488 1.3630244584004427
1489 1.1663631113577417
1490 1.1663631113577417
1491 1.1663631113577417
1492 1.173543651366618
1493 1.173543651366618
1494 1.173543651366618
1495 1.052848888828609
1496 1.052848888828609
1497 1.052848888828609
1498 1.1653163934227986
1499 1.1653163934227986
1500 1.1653163934227986
1501 1.1960939476446317
1502 1.1960939476446317
1503 1.1960939476446317
1504 1.2011420776196073
1505 1.2011420776196073
1506 1.2011420776196073
1507 1.3098900321229783
1508 1.3098900321229783
1509 1.3098900321229783
1510 1.0333675661982207
1511 1.0333675661982207
1512 1.0333675661982207
1513 1.255862228811605
1514 1.255862228811605
1515 1.255862228811605
1516 0.746913115204769
1517 0.746913115204769
1518 0.746913115204769
1519 1.02880067593244
1520 1.02880067593244
1521 1.02880067593244
1522 0.9845542062406164
1523 0.9845542062406164
1524 0.9845542062406164
1525 1.2815335119509947
1526 1.2815335119509947
1527 1.2815335119509947
1528 1.1286918446080036
1529 1.1286918446080036
1530 1.1286918446080036
1531 1.102640946660323
1532 1.102640946660323
1533 1.102640946660323
1534 0.9137660582407736
1535 0.9137660582407736
1536 0.9137660582407736
1537 0.777447627195579
1538 0.777447627195579
1539 0.777447627195579
1540 1.0671780488503666
1541 1.0671780488503666
1542 1.0671780488503666
1543 1.0426709530588747
1544 1.0426709530588747
1545 1.0426709530588747
1546 1.1025528521996122
1547 1.1025528521996122
1548 1.1025528521996122
1549 1.2052066103640358
1550 1.2052066103640358
1551 1.2052066103640358
1552 1.1429980491284644
1553 1.1429980491284644
1554 1.1429980491284644
1555 1.1339885736073594
1556 1.1339885736073594
1557 1.1339885736073594
1558 0.9879778053068913
1559 0.9879778053068913
1560 0.9879778053068913
1561 0.7976709649975537
1562 0.7976709649975537
1563 0.7976709649975537
1564 1.0454013189621585
1565 1.0454013189621585
1566 1.0454013189621585
1567 0.98761770266808
1568 0.98761770266808
1569 0.98761770266808
1570 1.0906862903136187
1571 1.0906862903136187
1572 1.0906862903136187
1573 1.0734348472376747
1574 1.0734348472376747
1575 1.0734348472376747
1576 1.0675172057897324
1577 1.0675172057897324
1578 1.0675172057897324
1579 1.3232729698592514
1580 1.3232729698592514
1581 1.6903237534271507
1582 1.6903237534271507
1583 1.6903237534271507
1584 1.9118296182643781
1585 1.9118296182643781
1586 1.9118296182643781
1587 1.7349376409267268
1588 1.7349376409267268
1589 1.7349376409267268
1590 2.07204833444988
1591 2.07204833444988
1592 2.07204833444988
1593 1.8385781269109045
1594 1.8385781269109045
1595 1.8385781269109045
1596 2.3568271096936795
1597 2.3568271096936795
1598 2.3568271096936795
1599 2.1773122307772743
1600 2.1773122307772743
1601 2.1773122307772743
1602 1.894635375039801
1603 1.894635375039801
1604 1.894635375039801
1605 2.258877213517844
1606 2.258877213517844
1607 2.258877213517844
1608 2.8377562114658645
1609 2.8377562114658645
1610 2.8377562114658645
1611 1.9583437348613042
1612 1.9583437348613042
1613 1.9583437348613042
1614 2.0129825821210905
1615 2.0129825821210905
1616 2.0129825821210905
1617 1.5813584355682058
1618 1.5813584355682058
1619 1.5813584355682058
1620 1.868543266946534
1621 1.868543266946534
1622 1.868543266946534
1623 2.5095167886549703
1624 2.5095167886549703
1625 2.5095167886549703
1626 2.067040119267314
1627 2.067040119267314
1628 2.067040119267314
1629 1.6964853839108196
1630 1.6964853839108196
1631 1.6964853839108196
1632 2.225341851387116
1633 2.225341851387116
1634 2.225341851387116
1635 1.248759087869771
1636 1.248759087869771
1637 1.248759087869771
1638 1.3522027297785009
1639 1.3522027297785009
1640 1.3522027297785009
1641 1.4850179205961402
1642 1.4850179205961402
1643 1.4850179205961402
1644 1.4529203458364326
1645 1.4529203458364326
1646 1.4529203458364326
1647 1.5421109530816866
1648 1.5421109530816866
1649 3.757574006847238
1650 3.757574006847238
1651 3.757574006847238
1652 3.350471357812408
1653 3.350471357812408
1654 3.350471357812408
1655 3.585956756755456
1656 3.585956756755456
1657 3.585956756755456
1658 3.8684581341167874
1659 3.8684581341167874
1660 3.8684581341167874
1661 3.834361511217591
1662 3.834361511217591
1663 3.834361511217591
1664 5.219590194233778
1665 5.219590194233778
1666 5.219590194233778
1667 3.6476655730567504
1668 3.6476655730567504
1669 3.6476655730567504
1670 4.097032082389812
1671 4.097032082389812
1672 4.097032082389812
1673 3.8494457416799754
1674 3.8494457416799754
1675 3.8494457416799754
1676 4.096939527681657
1677 4.096939527681657
1678 4.096939527681657
1679 3.9069096172220217
1680 3.9069096172220217
1681 3.9069096172220217
1682 2.980493947148045
1683 2.980493947148045
1684 2.980493947148045
1685 4.704711215648233
1686 4.704711215648233
1687 4.704711215648233
1688 4.123576724061668
1689 4.123576724061668
1690 4.123576724061668
1691 4.431887168346253
1692 4.431887168346253
1693 4.431887168346253
1694 4.103031722995932
1695 4.103031722995932
1696 4.103031722995932
1697 3.793284237685879
1698 3.793284237685879
1699 3.793284237685879
1700 4.498640194401407
1701 4.498640194401407
1702 4.498640194401407
1703 3.3500894283494334
1704 3.3500894283494334
1705 3.3500894283494334
1706 3.728324709787395
1707 3.728324709787395
1708 3.728324709787395
1709 4.406710732284565
1710 4.406710732284565
1711 4.406710732284565
1712 3.1810998444806655
1713 3.1810998444806655
1714 3.1810998444806655
1715 2.9258218104541105
1716 2.9258218104541105
1717 2.9258218104541105
1718 3.6873720108685313
1719 3.6873720108685313
1720 3.6873720108685313
1721 2.788596528400806
1722 2.788596528400806
1723 2.788596528400806
1724 4.081218663439936
1725 4.081218663439936
1726 4.081218663439936
1727 3.9052621542068655
1728 3.9052621542068655
1729 3.9052621542068655
1730 4.008216275156869
1731 4.008216275156869
1732 4.008216275156869
1733 4.785366762600996
1734 4.785366762600996
1735 4.785366762600996
1736 3.2095376998143186
1737 3.2095376998143186
1738 3.2095376998143186
1739 3.3817205814302764
1740 2.4411975547142
1741 2.4411975547142
1742 2.4411975547142
1743 2.0140787288881983
1744 2.0140787288881983
1745 2.0140787288881983
1746 2.5348277163867725
1747 2.5348277163867725
1748 2.5348277163867725
1749 2.5073796754768374
1750 2.5073796754768374
1751 2.5073796754768374
1752 2.702502896094439
1753 2.702502896094439
1754 2.702502896094439
1755 2.8960341552855144
1756 2.8960341552855144
1757 2.8960341552855144
1758 2.3579538300016347
1759 2.3579538300016347
1760 2.3579538300016347
1761 1.386812880736888
1762 1.386812880736888
1763 1.386812880736888
1764 2.8834807780861333
1765 2.8834807780861333
1766 2.8834807780861333
1767 2.4717841748531875
1768 2.4717841748531875
1769 2.4717841748531875
1770 2.284007319175217
1771 2.284007319175217
1772 2.284007319175217
1773 2.451343503777249
1774 2.451343503777249
1775 2.451343503777249
1776 2.1362596389749875
1777 2.1362596389749875
1778 2.1362596389749875
1779 2.561152348338707
1780 2.561152348338707
1781 2.561152348338707
1782 2.64915309797249
1783 1.0083321882904999
1784 1.0083321882904999
1785 1.0083321882904999
1786 0.9858008262357929
1787 0.9858008262357929
1788 0.9858008262357929
1789 0.9790437381483454
1790 0.9790437381483454
1791 0.9790437381483454
1792 1.0964557567160593
1793 1.0964557567160593
1794 1.0964557567160593
1795 1.015692007722163
1796 1.015692007722163
1797 1.015692007722163
1798 1.2005262938028676
1799 1.952164681547727
1800 1.952164681547727
1801 1.952164681547727
1802 1.8082477149098826
1803 1.8082477149098826
1804 1.8082477149098826
1805 1.787928313957572
1806 1.787928313957572
1807 1.787928313957572
1808 2.1562183233357293
1809 2.1562183233357293
1810 2.1562183233357293
1811 1.5865764628470758
1812 1.5865764628470758
1813 1.5865764628470758
1814 1.6295052943307669
1815 1.6295052943307669
1816 1.6295052943307669
1817 2.1271291863342623
1818 2.1271291863342623
1819 2.1271291863342623
1820 2.221499797764117
1821 2.221499797764117
1822 2.221499797764117
1823 1.970666595161759
1824 1.970666595161759
1825 1.970666595161759
1826 1.6773837855834652
1827 1.6773837855834652
1828 1.6773837855834652
1829 1.5456991300483296
1830 1.5456991300483296
1831 1.5456991300483296
1832 1.9020198052391752
1833 1.9020198052391752
1834 1.9020198052391752
1835 1.8496874775915337
1836 1.8496874775915337
1837 1.8496874775915337
1838 2.405047562007802
1839 2.405047562007802
1840 2.405047562007802
1841 2.011870111934503
1842 2.011870111934503
1843 2.011870111934503
1844 2.182223449577942
1845 2.182223449577942
1846 2.182223449577942
1847 2.5641798770529505
1848 2.5641798770529505
1849 2.5641798770529505
1850 2.1337789427897866
1851 2.1337789427897866
1852 2.1337789427897866
1853 2.0008939844445366
1854 2.0008939844445366
1855 2.0008939844445366
1856 1.949522513890342
1857 1.949522513890342
1858 1.949522513890342
1859 2.014462125073865
1860 2.014462125073865
1861 2.014462125073865
1862 1.364714625280795
1863 1.364714625280795
1864 1.364714625280795
1865 1.5472786689746147
1866 1.5472786689746147
1867 1.5472786689746147
1868 1.7571849004466107
1869 1.7571849004466107
1870 1.7571849004466107
1871 1.9155567356440648
1872 1.9155567356440648
1873 1.9155567356440648
1874 1.9691108239499355
1875 1.9691108239499355
1876 1.9691108239499355
1877 1.9421732836938457
1878 1.9421732836938457
1879 1.9421732836938457
1880 2.4305419979160696
1881 2.4305419979160696
1882 3.131099299269364
1883 3.131099299269364
1884 3.131099299269364
1885 3.0738917133605104
1886 3.0738917133605104
1887 3.0738917133605104
1888 3.185695514315141
1889 3.185695514315141
1890 3.185695514315141
1891 3.3581750832494994
1892 3.3581750832494994
1893 3.3581750832494994
1894 3.5694762181333504
1895 3.5694762181333504
1896 3.5694762181333504
1897 3.533804071448191
1898 3.533804071448191
1899 3.533804071448191
1900 3.347769852306781
1901 3.347769852306781
1902 3.347769852306781
1903 3.452818875155233
1904 3.452818875155233
1905 3.452818875155233
1906 3.5178600852760233
1907 3.5178600852760233
1908 3.5178600852760233
1909 3.2685621901370117
1910 3.2685621901370117
1911 3.2685621901370117
1912 2.74153035023616
1913 2.74153035023616
1914 2.74153035023616
1915 3.165148192178669
1916 3.165148192178669
1917 3.165148192178669
1918 3.9538231916851485
1919 3.9538231916851485
1920 3.9538231916851485
1921 2.2061198618643587
1922 2.2061198618643587
1923 2.2061198618643587
1924 3.4638677011318024
1925 3.4638677011318024
1926 3.4638677011318024
1927 3.5197104046062044
1928 3.5197104046062044
1929 3.5197104046062044
1930 3.6377471376296793
1931 3.6377471376296793
1932 3.6377471376296793
1933 3.0898596572872075
1934 3.0898596572872075
1935 3.0898596572872075
1936 3.4531952216802093
1937 3.4531952216802093
1938 3.4531952216802093
1939 3.5641925312798324
1940 3.5641925312798324
1941 3.5641925312798324
1942 3.1629584974574962
1943 3.1629584974574962
1944 3.1629584974574962
1945 3.1076796455271856
1946 3.1076796455271856
1947 3.1076796455271856
1948 3.382653077765787
1949 3.382653077765787
1950 3.382653077765787
1951 3.1881573795667344
1952 3.1881573795667344
1953 3.1881573795667344
1954 3.362393063657619
1955 3.362393063657619
1956 3.362393063657619
1957 3.16948462414283
1958 3.16948462414283
1959 3.16948462414283
1960 3.7331586595449506
1961 3.7331586595449506
1962 3.7331586595449506
1963 3.8194760961745122
1964 3.8194760961745122
1965 3.8194760961745122
1966 2.9721434460510743
1967 2.9721434460510743
1968 2.9721434460510743
1969 3.5971575004225564
1970 3.5971575004225564
1971 3.5971575004225564
1972 3.4540060095810055
1973 3.4540060095810055
1974 3.4540060095810055
1975 3.7805833982501333
1976 3.7805833982501333
1977 3.7805833982501333
1978 2.680881305756154
1979 2.680881305756154
1980 2.680881305756154
1981 3.875621467757919
1982 3.875621467757919
1983 3.875621467757919
1984 3.617000774392781
1985 3.617000774392781
1986 3.617000774392781
1987 3.719588929317374
1988 3.719588929317374
1989 3.719588929317374
1990 2.2287473045468627
1991 2.2287473045468627
1992 2.2287473045468627
1993 3.21819988537812
1994 3.21819988537812
1995 3.21819988537812
1996 2.414932647531354
1997 2.414932647531354
1998 2.414932647531354
1999 3.138311218337403
