0 2.8705534035394114
1 2.8705534035394114
2 2.8705534035394114
3 2.8705534035394114
4 3.1612480780019023
5 3.1612480780019023
6 3.1612480780019023
7 3.1612480780019023
8 2.7937576217564306
9 2.7937576217564306
10 2.7937576217564306
11 2.7937576217564306
12 2.592853771448247
13 2.592853771448247
14 2.592853771448247
15 2.592853771448247
16 2.6148196260186687
17 2.6148196260186687
18 2.6148196260186687
19 2.6148196260186687
20 3.625270003795799
21 3.625270003795799
22 3.625270003795799
23 3.625270003795799
24 3.5349887863653753
25 3.5349887863653753
26 3.5349887863653753
27 3.5349887863653753
28 2.251282477500414
29 2.251282477500414
30 2.251282477500414
31 2.251282477500414
32 2.274267277435393
33 2.274267277435393
34 2.274267277435393
35 2.274267277435393
36 2.566652144879286
37 2.566652144879286
38 2.566652144879286
39 2.566652144879286
40 2.9366775874182065
41 2.9366775874182065
42 2.9366775874182065
43 2.9366775874182065
44 2.5743222342075924
45 2.5743222342075924
46 2.5743222342075924
47 2.5743222342075924
48 3.641152398722156
49 3.641152398722156
50 3.641152398722156
51 3.641152398722156
52 2.511093291545393
53 2.511093291545393
54 2.511093291545393
55 2.511093291545393
56 2.263723160570602
57 2.263723160570602
58 2.263723160570602
59 2.263723160570602
60 3.571371557913177
61 3.571371557913177
62 0.9663824818315341
63 0.9663824818315341
64 0.9663824818315341
65 0.9663824818315341
66 1.2385393385244157
67 1.2385393385244157
68 1.2385393385244157
69 1.2385393385244157
70 0.4720400691089742
71 0.4720400691089742
72 0.4720400691089742
73 0.4720400691089742
74 0.6808309716978501
75 0.6808309716978501
76 0.6808309716978501
77 0.6808309716978501
78 0.8824780157107287
79 0.8824780157107287
80 0.8824780157107287
81 0.8824780157107287
82 1.5060013153140326
83 1.5060013153140326
84 1.5060013153140326
85 1.5060013153140326
86 1.4283215420129785
87 1.4283215420129785
88 1.4283215420129785
89 1.4283215420129785
90 1.1411269372772956
91 1.1411269372772956
92 1.1411269372772956
93 1.1411269372772956
94 0.6832347040338673
95 0.6832347040338673
96 0.6832347040338673
97 0.6832347040338673
98 1.0878736129418964
99 2.7843757052391305
100 2.7843757052391305
101 2.7843757052391305
102 2.7843757052391305
103 2.3613030038082137
104 2.3613030038082137
105 2.3613030038082137
106 2.3613030038082137
107 2.6095543220841515
108 2.6095543220841515
109 2.6095543220841515
110 2.6095543220841515
111 1.982928390937719
112 1.982928390937719
113 1.982928390937719
114 1.982928390937719
115 2.5653376931551435
116 2.5653376931551435
117 2.5653376931551435
118 2.5653376931551435
119 2.5883256237829966
120 2.5883256237829966
121 2.5883256237829966
122 2.5883256237829966
123 2.9909507878614905
124 2.9909507878614905
125 2.9909507878614905
126 2.9909507878614905
127 2.7834169317546014
128 2.7834169317546014
129 2.7834169317546014
130 2.7834169317546014
131 2.11356292122654
132 2.11356292122654
133 2.11356292122654
134 2.11356292122654
135 2.049319995299003
136 2.049319995299003
137 2.049319995299003
138 2.049319995299003
139 2.5484276025521453
140 2.5484276025521453
141 2.5484276025521453
142 2.5484276025521453
143 2.5254218965978525
144 2.5254218965978525
145 2.5254218965978525
146 3.8196231028363004
147 3.8196231028363004
148 3.8196231028363004
149 3.8196231028363004
150 3.2294535341082398
151 3.2294535341082398
152 3.2294535341082398
153 3.2294535341082398
154 3.1354234917335875
155 3.1354234917335875
156 3.1354234917335875
157 3.1354234917335875
158 4.086730719538046
159 4.086730719538046
160 4.086730719538046
161 4.086730719538046
162 4.081220224902084
163 4.081220224902084
164 4.081220224902084
165 4.081220224902084
166 3.875894172974438
167 3.875894172974438
168 3.875894172974438
169 0.7443490009282057
170 0.7443490009282057
171 0.7443490009282057
172 0.7443490009282057
173 0.927287636567682
174 0.927287636567682
175 0.927287636567682
176 0.927287636567682
177 0.7026521902826969
178 0.7026521902826969
179 0.7026521902826969
180 0.7026521902826969
181 0.7564687187556127
182 0.7564687187556127
183 0.7564687187556127
184 0.7564687187556127
185 0.7851607486798071
186 0.7851607486798071
187 0.7851607486798071
188 0.7851607486798071
189 2.1965913646291
190 2.1965913646291
191 2.1965913646291
192 2.1965913646291
193 2.292069846675504
194 2.292069846675504
195 2.292069846675504
196 2.292069846675504
197 3.1641901611372196
198 3.1641901611372196
199 3.1641901611372196
200 2.876953749007977
201 2.876953749007977
202 2.876953749007977
203 2.876953749007977
204 3.0567197515097018
205 3.0567197515097018
206 3.0567197515097018
207 3.0567197515097018
208 2.4887300313107636
209 2.4887300313107636
210 2.4887300313107636
211 2.4887300313107636
212 2.7582748341784233
213 2.7582748341784233
214 2.7582748341784233
215 2.7582748341784233
216 1.3754937719075118
217 1.3754937719075118
218 1.3754937719075118
219 1.3754937719075118
220 2.6272968798842644
221 2.6272968798842644
222 2.6272968798842644
223 2.6272968798842644
224 2.1899457540023475
225 2.1899457540023475
226 2.1899457540023475
227 2.1899457540023475
228 3.5320724781865334
229 3.5320724781865334
230 3.5320724781865334
231 3.5320724781865334
232 2.1077032449699344
233 2.1077032449699344
234 2.1077032449699344
235 2.1077032449699344
236 3.0081602269748005
237 3.0081602269748005
238 4.211371019923837
239 4.211371019923837
240 4.211371019923837
241 4.211371019923837
242 3.6569980710298733
243 3.6569980710298733
244 3.6569980710298733
245 3.6569980710298733
246 2.6683338193238098
247 2.6683338193238098
248 2.6683338193238098
249 2.6683338193238098
250 2.8398176179992656
251 2.8398176179992656
252 2.8398176179992656
253 2.8398176179992656
254 4.103774860024264
255 4.103774860024264
256 1.6494449742545
257 1.6494449742545
258 1.6494449742545
259 1.6494449742545
260 1.3619580517388348
261 1.3619580517388348
262 1.3619580517388348
263 1.3619580517388348
264 1.7672002215942693
265 1.7672002215942693
266 1.7672002215942693
267 1.7672002215942693
268 2.0525010631833327
269 2.0525010631833327
270 2.0525010631833327
271 2.0525010631833327
272 1.600000721332233
273 1.600000721332233
274 1.600000721332233
275 1.600000721332233
276 1.5806598936805625
277 1.5806598936805625
278 1.5806598936805625
279 1.5806598936805625
280 1.6431593605671553
281 1.6431593605671553
282 1.6431593605671553
283 1.6431593605671553
284 1.3652184031388919
285 1.3652184031388919
286 1.3652184031388919
287 1.3652184031388919
288 1.501116032031162
289 1.501116032031162
290 1.501116032031162
291 1.501116032031162
292 1.5320919025389543
293 1.5320919025389543
294 1.5320919025389543
295 1.5320919025389543
296 1.9008949935874475
297 1.9008949935874475
298 1.9008949935874475
299 1.9008949935874475
300 1.69096543659006
301 1.69096543659006
302 1.69096543659006
303 1.69096543659006
304 1.7231882707686401
305 4.075177031592618
306 4.075177031592618
307 4.075177031592618
308 4.075177031592618
309 4.364485675312848
310 4.364485675312848
311 4.364485675312848
312 4.364485675312848
313 4.8691829474879125
314 4.8691829474879125
315 4.8691829474879125
316 4.8691829474879125
317 4.31812382406009
318 4.31812382406009
319 4.31812382406009
320 4.31812382406009
321 1.7018908480829948
322 1.7018908480829948
323 1.7018908480829948
324 1.7018908480829948
325 1.4841481862210786
326 1.4841481862210786
327 1.4841481862210786
328 1.4841481862210786
329 1.9609960344498847
330 4.991456055190876
331 4.991456055190876
332 4.991456055190876
333 4.991456055190876
334 3.8451862487189885
335 3.8451862487189885
336 3.8451862487189885
337 3.8451862487189885
338 1.253853087756496
339 1.253853087756496
340 1.253853087756496
341 1.253853087756496
342 1.708370505477942
343 3.3073804297031004
344 3.3073804297031004
345 3.3073804297031004
346 3.3073804297031004
347 3.692925104322742
348 3.692925104322742
349 3.692925104322742
350 1.5658160511115544
351 1.5658160511115544
352 1.5658160511115544
353 1.5658160511115544
354 1.7028832467503454
355 1.7028832467503454
356 1.7028832467503454
357 1.7028832467503454
358 1.489386045418755
359 1.489386045418755
360 1.489386045418755
361 1.489386045418755
362 1.3926936766888875
363 1.3926936766888875
364 1.3926936766888875
365 1.3926936766888875
366 1.410024554972357
367 1.410024554972357
368 4.788743313690498
369 4.788743313690498
370 4.788743313690498
371 4.788743313690498
372 2.0475397303442557
373 2.0475397303442557
374 2.0475397303442557
375 2.0475397303442557
376 4.473082829554743
377 4.473082829554743
378 4.473082829554743
379 4.473082829554743
380 3.7101289463292866
381 3.7101289463292866
382 3.7101289463292866
383 3.7101289463292866
384 4.303838471566847
385 4.303838471566847
386 4.303838471566847
387 4.303838471566847
388 3.699617554284603
389 3.699617554284603
390 0.785780372749606
391 0.785780372749606
392 0.785780372749606
393 0.2561466727985529
394 0.2561466727985529
395 0.2561466727985529
396 0.2561466727985529
397 0.26055566619707204
398 0.26055566619707204
399 2.8177512001959992
400 2.8177512001959992
401 2.8177512001959992
402 2.8177512001959992
403 3.3183804277949753
404 1.091232361540842
405 1.091232361540842
406 1.091232361540842
407 1.091232361540842
408 1.2399017593590071
409 3.365349938839334
410 3.365349938839334
411 3.365349938839334
412 3.365349938839334
413 3.2222871134183366
414 3.2222871134183366
415 3.2222871134183366
416 3.2222871134183366
417 3.259878168290221
418 3.259878168290221
419 3.259878168290221
420 0.9270576226369738
421 0.9270576226369738
422 0.9270576226369738
423 0.9270576226369738
424 1.2778195965409518
425 1.2778195965409518
426 1.2778195965409518
427 1.2778195965409518
428 1.2515664456029416
429 1.2515664456029416
430 1.2515664456029416
431 1.2515664456029416
432 1.316518015685248
433 1.316518015685248
434 1.316518015685248
435 1.316518015685248
436 1.3141130680835054
437 1.3141130680835054
438 1.3141130680835054
439 1.3141130680835054
440 0.881543172597784
441 0.881543172597784
442 0.881543172597784
443 0.881543172597784
444 2.0186411612686603
445 2.0186411612686603
446 2.0186411612686603
447 2.0186411612686603
448 2.5523476685641335
449 2.5523476685641335
450 2.5523476685641335
451 2.5523476685641335
452 2.306116412643531
453 2.306116412643531
454 2.306116412643531
455 2.306116412643531
456 2.341544812339247
457 2.341544812339247
458 2.341544812339247
459 2.341544812339247
460 2.0083931002668525
461 2.0083931002668525
462 2.0083931002668525
463 2.0083931002668525
464 2.1346309083423214
465 2.1346309083423214
466 2.1346309083423214
467 2.1346309083423214
468 2.3936285165111006
469 2.3936285165111006
470 2.3936285165111006
471 2.3936285165111006
472 2.1129185107812956
473 2.1129185107812956
474 2.1129185107812956
475 4.601386574525533
476 4.601386574525533
477 4.601386574525533
478 4.601386574525533
479 4.085527666279254
480 4.085527666279254
481 4.085527666279254
482 4.085527666279254
483 3.3198812577426526
484 3.3198812577426526
485 3.3198812577426526
486 3.3198812577426526
487 3.841036978184451
488 3.841036978184451
489 3.841036978184451
490 3.841036978184451
491 4.141715403772844
492 4.141715403772844
493 4.141715403772844
494 4.141715403772844
495 4.202369277021057
496 4.202369277021057
497 4.202369277021057
498 4.202369277021057
499 3.6122987055313738
500 0.48744914816355833
501 0.48744914816355833
502 0.48744914816355833
503 0.48744914816355833
504 0.8185807035423223
505 0.8185807035423223
506 0.8185807035423223
507 0.8185807035423223
508 0.4851528972353141
509 0.4851528972353141
510 0.4851528972353141
511 0.4851528972353141
512 0.5644682906426454
513 0.5644682906426454
514 0.5644682906426454
515 0.5644682906426454
516 0.16842680285333986
517 1.3830035139156487
518 2.566770898283566
519 2.566770898283566
520 2.566770898283566
521 2.566770898283566
522 2.5978706263120204
523 2.5978706263120204
524 2.5978706263120204
525 2.5978706263120204
526 2.455793389956419
527 2.455793389956419
528 2.455793389956419
529 2.455793389956419
530 1.8334140654272466
531 1.8334140654272466
532 1.8334140654272466
533 1.8334140654272466
534 2.882077822844076
535 2.882077822844076
536 2.882077822844076
537 2.882077822844076
538 2.4133336022761482
539 2.4133336022761482
540 2.4133336022761482
541 2.4133336022761482
542 1.6460004770171768
543 1.6460004770171768
544 1.6460004770171768
545 1.6460004770171768
546 2.4763021507703664
547 2.4763021507703664
548 2.4763021507703664
549 2.4763021507703664
550 2.0809616656442604
551 2.0809616656442604
552 2.0809616656442604
553 2.0809616656442604
554 2.228564702273981
555 2.228564702273981
556 2.228564702273981
557 2.228564702273981
558 2.844776190576008
559 2.844776190576008
560 2.844776190576008
561 2.844776190576008
562 4.172545059042334
563 4.172545059042334
564 4.172545059042334
565 4.172545059042334
566 3.1515057696950417
567 3.1515057696950417
568 3.1515057696950417
569 3.1515057696950417
570 3.0194760024870573
571 3.0194760024870573
572 3.0194760024870573
573 3.0194760024870573
574 3.004777119876677
575 3.004777119876677
576 3.004777119876677
577 3.004777119876677
578 3.023369132301149
579 3.023369132301149
580 3.023369132301149
581 3.023369132301149
582 2.7374947298460475
583 2.7374947298460475
584 2.7374947298460475
585 2.7374947298460475
586 2.6133407156085138
587 2.6133407156085138
588 2.6133407156085138
589 2.6133407156085138
590 3.5333930250270775
591 3.5333930250270775
592 3.5333930250270775
593 3.5333930250270775
594 2.617711592787476
595 2.617711592787476
596 2.617711592787476
597 0.481342644711355
598 0.481342644711355
599 0.481342644711355
600 0.481342644711355
601 0.5613605714253015
602 0.5613605714253015
603 0.5613605714253015
604 0.5613605714253015
605 1.5128041027855497
606 1.5128041027855497
607 1.5128041027855497
608 1.5128041027855497
609 1.5034970650273334
610 1.5034970650273334
611 3.1874356669174095
612 3.1874356669174095
613 3.1874356669174095
614 3.1874356669174095
615 3.6586452934757694
616 3.6586452934757694
617 3.6586452934757694
618 3.6586452934757694
619 3.7662094596596094
620 3.7662094596596094
621 3.7662094596596094
622 3.7662094596596094
623 3.9711622190805533
624 3.9711622190805533
625 3.9711622190805533
626 3.9711622190805533
627 4.1814004780613265
628 4.1814004780613265
629 4.1814004780613265
630 4.1814004780613265
631 3.265749305712168
632 3.265749305712168
633 3.265749305712168
634 3.265749305712168
635 3.8777565699871124
636 3.8777565699871124
637 3.8777565699871124
638 3.8777565699871124
639 2.7453052643305837
640 2.7453052643305837
641 2.7453052643305837
642 2.7453052643305837
643 3.786036273995168
644 3.786036273995168
645 3.927745769059821
646 3.927745769059821
647 3.927745769059821
648 3.927745769059821
649 4.326896784581618
650 4.326896784581618
651 4.326896784581618
652 4.326896784581618
653 3.6425384959547324
654 3.6425384959547324
655 3.6425384959547324
656 3.6425384959547324
657 2.650445371108315
658 2.650445371108315
659 1.7989520241920487
660 1.7989520241920487
661 1.7989520241920487
662 1.7989520241920487
663 3.656491278797369
664 3.656491278797369
665 3.656491278797369
666 3.656491278797369
667 2.4734705913851522
668 2.4734705913851522
669 2.4734705913851522
670 2.4734705913851522
671 4.311887966661909
672 4.311887966661909
673 4.311887966661909
674 4.311887966661909
675 4.7164387749660435
676 4.7164387749660435
677 2.9196034108740614
678 2.9196034108740614
679 2.9196034108740614
680 2.9196034108740614
681 2.8559709144765937
682 2.8559709144765937
683 2.8559709144765937
684 2.8559709144765937
685 2.7281590000246605
686 2.7281590000246605
687 2.7281590000246605
688 2.7281590000246605
689 3.0060338902986583
690 3.0060338902986583
691 3.0060338902986583
692 3.0060338902986583
693 3.32723864085288
694 3.32723864085288
695 3.32723864085288
696 3.32723864085288
697 3.716160728020818
698 3.716160728020818
699 3.716160728020818
700 3.716160728020818
701 1.399194007441294
702 1.2676914329951692
703 1.2676914329951692
704 1.2676914329951692
705 1.2676914329951692
706 0.9248229455847169
707 0.9248229455847169
708 0.9248229455847169
709 0.9248229455847169
710 0.9442838397177136
711 4.221000752466977
712 0.8487345735193935
713 3.361307019947309
714 3.361307019947309
715 3.361307019947309
716 3.361307019947309
717 3.9748613364485172
718 3.9748613364485172
719 3.470866260086015
720 3.470866260086015
721 3.470866260086015
722 3.470866260086015
723 4.567500698286302
724 4.567500698286302
725 4.567500698286302
726 4.567500698286302
727 3.807918805743146
728 3.807918805743146
729 4.262565685534944
730 4.262565685534944
731 4.262565685534944
732 4.262565685534944
733 3.9654673158566327
734 3.9654673158566327
735 3.9654673158566327
736 3.9654673158566327
737 2.881160676850706
738 2.881160676850706
739 2.881160676850706
740 2.881160676850706
741 4.383624089250933
742 4.383624089250933
743 4.383624089250933
744 4.383624089250933
745 3.86548589022864
746 3.86548589022864
747 3.86548589022864
748 3.86548589022864
749 3.109217515767507
750 3.109217515767507
751 3.109217515767507
752 3.109217515767507
753 1.7168244543888667
754 1.7168244543888667
755 1.7168244543888667
756 1.7168244543888667
757 1.6927590646564206
758 1.6927590646564206
759 1.6927590646564206
760 1.6927590646564206
761 3.0315792216247615
762 3.0315792216247615
763 3.0315792216247615
764 3.0315792216247615
765 2.56259253970457
766 2.56259253970457
767 2.56259253970457
768 2.56259253970457
769 3.395706066650953
770 3.395706066650953
771 3.395706066650953
772 3.395706066650953
773 3.013857156462853
774 4.234881649163503
775 4.234881649163503
776 4.234881649163503
777 4.234881649163503
778 4.4381831522136395
779 4.4381831522136395
780 4.4381831522136395
781 4.4381831522136395
782 4.000140721029456
783 4.000140721029456
784 4.000140721029456
785 4.000140721029456
786 4.0355834563821045
787 4.0355834563821045
788 4.0355834563821045
789 4.0355834563821045
790 4.088954467608795
791 4.088954467608795
792 4.088954467608795
793 4.088954467608795
794 1.5170955526030674
795 1.5170955526030674
796 1.5170955526030674
797 1.5170955526030674
798 1.6325492802024366
799 1.6325492802024366
800 1.6325492802024366
801 1.6325492802024366
802 1.542586892376452
803 1.542586892376452
804 3.522314323682326
805 3.522314323682326
806 3.522314323682326
807 3.522314323682326
808 4.1929795665753815
809 4.1929795665753815
810 4.1929795665753815
811 4.1929795665753815
812 3.217202156235324
813 3.217202156235324
814 3.217202156235324
815 3.217202156235324
816 1.6531588822691372
817 1.6531588822691372
818 1.6531588822691372
819 1.6531588822691372
820 1.421648480901832
821 1.421648480901832
822 1.421648480901832
823 1.421648480901832
824 1.8185130549172335
825 1.8185130549172335
826 1.8185130549172335
827 1.8185130549172335
828 1.5840062828233579
829 1.5840062828233579
830 1.5840062828233579
831 1.5840062828233579
832 1.4290565224372367
833 1.4290565224372367
834 1.4290565224372367
835 1.4290565224372367
836 1.034964628955461
837 1.034964628955461
838 2.67287349984071
839 3.4740128414515397
840 3.4740128414515397
841 3.4740128414515397
842 3.4740128414515397
843 3.313832934083145
844 3.313832934083145
845 3.313832934083145
846 3.313832934083145
847 4.770258896295724
848 4.770258896295724
849 4.770258896295724
850 4.770258896295724
851 3.098223454880371
852 3.098223454880371
853 3.098223454880371
854 0.5234669267842798
855 0.5234669267842798
856 0.5234669267842798
857 0.5234669267842798
858 0.723427808013827
859 0.723427808013827
860 0.723427808013827
861 0.723427808013827
862 0.7917621364231531
863 0.7917621364231531
864 0.7917621364231531
865 0.7917621364231531
866 0.6578123317461528
867 0.6578123317461528
868 0.6578123317461528
869 0.6578123317461528
870 0.6005650742523772
871 0.6005650742523772
872 0.6005650742523772
873 0.6005650742523772
874 0.6878070444546265
875 0.6878070444546265
876 0.6878070444546265
877 0.6878070444546265
878 0.7265620797019765
879 0.7265620797019765
880 0.7265620797019765
881 0.7265620797019765
882 1.090346983916299
883 1.090346983916299
884 0.5351351667403532
885 0.5351351667403532
886 0.5351351667403532
887 0.5351351667403532
888 0.899104412704613
889 0.899104412704613
890 0.899104412704613
891 0.899104412704613
892 0.7719824514064162
893 0.7719824514064162
894 0.7719824514064162
895 0.7719824514064162
896 0.696197087425911
897 0.696197087425911
898 0.696197087425911
899 0.696197087425911
900 0.6327055551417357
901 0.6327055551417357
902 0.6327055551417357
903 0.6327055551417357
904 0.49843315872775995
905 0.49843315872775995
906 0.49843315872775995
907 0.49843315872775995
908 0.7204620150050924
909 0.7204620150050924
910 0.7204620150050924
911 0.7204620150050924
912 0.7792231115216312
913 0.7792231115216312
914 0.7792231115216312
915 0.7792231115216312
916 1.3649834726145378
917 1.3649834726145378
918 1.3649834726145378
919 1.3649834726145378
920 2.405434258912677
921 2.405434258912677
922 2.405434258912677
923 2.405434258912677
924 1.320167780774296
925 1.320167780774296
926 1.320167780774296
927 1.320167780774296
928 2.7255552432224426
929 2.7255552432224426
930 2.7255552432224426
931 2.7255552432224426
932 1.9530231054389515
933 1.9530231054389515
934 1.9530231054389515
935 1.9530231054389515
936 1.8890718627092704
937 1.8890718627092704
938 1.8890718627092704
939 1.8890718627092704
940 2.543763706391742
941 2.543763706391742
942 2.543763706391742
943 2.543763706391742
944 2.5076471513067524
945 2.0774947834024684
946 2.0774947834024684
947 2.0774947834024684
948 2.0774947834024684
949 2.102949679921622
950 2.102949679921622
951 2.102949679921622
952 2.102949679921622
953 1.91330206942423
954 1.91330206942423
955 1.91330206942423
956 1.91330206942423
957 1.6547932721270147
958 1.6547932721270147
959 1.6547932721270147
960 1.6547932721270147
961 1.928043307837427
962 1.928043307837427
963 1.928043307837427
964 1.928043307837427
965 1.4289723069468188
966 1.4289723069468188
967 1.4289723069468188
968 1.4289723069468188
969 1.5631830477408095
970 1.5631830477408095
971 1.5631830477408095
972 3.4353825296186846
973 3.4353825296186846
974 3.4353825296186846
975 3.4353825296186846
976 2.5542306886803803
977 2.5542306886803803
978 2.5542306886803803
979 2.5542306886803803
980 3.113213194502379
981 3.113213194502379
982 3.113213194502379
983 3.113213194502379
984 2.807087828322276
985 2.807087828322276
986 2.807087828322276
987 2.807087828322276
988 3.0118205664833417
989 3.0118205664833417
990 3.0118205664833417
991 3.0118205664833417
992 2.6126670448481004
993 2.6126670448481004
994 2.6126670448481004
995 2.6126670448481004
996 0.9846032173609085
997 0.9846032173609085
998 0.9846032173609085
999 0.9846032173609085
1000 0.7824149723617304
1001 0.7824149723617304
1002 0.7824149723617304
1003 0.7824149723617304
1004 0.9238089331682524
1005 2.8436308420244845
1006 2.8436308420244845
1007 2.8436308420244845
1008 2.8436308420244845
1009 2.335670514190036
1010 2.335670514190036
1011 2.335670514190036
1012 2.335670514190036
1013 3.08329991749786
1014 3.08329991749786
1015 3.08329991749786
1016 3.08329991749786
1017 3.1796276915828776
1018 3.1796276915828776
1019 3.1796276915828776
1020 3.1796276915828776
1021 2.8339583302848395
1022 2.8339583302848395
1023 2.8339583302848395
1024 2.8339583302848395
1025 3.1739043504324864
1026 3.1739043504324864
1027 3.1739043504324864
1028 3.1739043504324864
1029 2.507455436854028
1030 2.507455436854028
1031 2.507455436854028
1032 2.507455436854028
1033 3.012649513273668
1034 3.012649513273668
1035 3.012649513273668
1036 3.012649513273668
1037 2.4930596757407835
1038 2.4930596757407835
1039 2.4930596757407835
1040 2.4930596757407835
1041 2.8192621540618963
1042 1.3603042294615453
1043 1.3603042294615453
1044 1.3603042294615453
1045 1.3603042294615453
1046 1.3255125813767832
1047 1.3255125813767832
1048 1.3255125813767832
1049 1.3255125813767832
1050 1.3911447292758616
1051 1.3911447292758616
1052 1.3911447292758616
1053 1.3911447292758616
1054 1.2663688209208073
1055 2.5135611936741933
1056 2.5135611936741933
1057 2.5135611936741933
1058 2.0917362894436735
1059 2.0917362894436735
1060 2.535086566060832
1061 2.535086566060832
1062 2.535086566060832
1063 2.535086566060832
1064 2.152518705896774
1065 2.152518705896774
1066 2.152518705896774
1067 2.152518705896774
1068 2.7558758257419655
1069 2.7558758257419655
1070 2.7558758257419655
1071 2.7558758257419655
1072 1.5671577633266915
1073 1.5671577633266915
1074 1.5671577633266915
1075 1.5671577633266915
1076 2.1213902002641207
1077 2.1213902002641207
1078 2.1213902002641207
1079 2.1213902002641207
1080 0.5781819744160569
1081 0.5781819744160569
1082 0.5781819744160569
1083 0.5781819744160569
1084 1.1706726025697773
1085 1.1706726025697773
1086 1.1706726025697773
1087 1.1706726025697773
1088 0.49867936304569604
1089 0.49867936304569604
1090 0.49867936304569604
1091 0.49867936304569604
1092 0.9002597667549903
1093 0.9002597667549903
1094 0.9002597667549903
1095 0.9002597667549903
1096 1.150439784778554
1097 1.150439784778554
1098 1.150439784778554
1099 1.150439784778554
1100 1.3936073506702815
1101 1.3936073506702815
1102 1.3936073506702815
1103 3.23025675680235
1104 3.23025675680235
1105 3.23025675680235
1106 3.23025675680235
1107 3.9769895314662103
1108 3.9769895314662103
1109 3.9769895314662103
1110 3.9769895314662103
1111 4.1049223346352095
1112 4.1049223346352095
1113 4.1049223346352095
1114 4.1049223346352095
1115 4.19111398906146
1116 4.19111398906146
1117 4.19111398906146
1118 4.19111398906146
1119 2.86634695680869
1120 2.86634695680869
1121 2.86634695680869
1122 2.86634695680869
1123 3.210210838130877
1124 3.210210838130877
1125 3.210210838130877
1126 3.210210838130877
1127 2.6624764839036557
1128 2.6624764839036557
1129 2.6624764839036557
1130 2.6624764839036557
1131 0.7262240521476937
1132 0.7262240521476937
1133 0.7262240521476937
1134 0.7262240521476937
1135 0.6412902974999629
1136 2.3716995813627646
1137 3.130944775014014
1138 3.130944775014014
1139 3.130944775014014
1140 0.9203921253254095
1141 0.9203921253254095
1142 0.9203921253254095
1143 0.9203921253254095
1144 0.9991004441514255
1145 0.9991004441514255
1146 0.9991004441514255
1147 0.9991004441514255
1148 0.8568768056453023
1149 0.8568768056453023
1150 3.3419929692134076
1151 1.0303670635235183
1152 0.18869293392040992
1153 0.18869293392040992
1154 0.18869293392040992
1155 0.18869293392040992
1156 0.16952068811570178
1157 0.16952068811570178
1158 0.16952068811570178
1159 0.16952068811570178
1160 0.24454985325712075
1161 0.24454985325712075
1162 0.24454985325712075
1163 0.24454985325712075
1164 0.20340033874779662
1165 0.20340033874779662
1166 0.20340033874779662
1167 0.20340033874779662
1168 0.19760157217591537
1169 0.19760157217591537
1170 0.19760157217591537
1171 0.19760157217591537
1172 0.21999888297251963
1173 0.21999888297251963
1174 2.471403556883152
1175 2.471403556883152
1176 0.6641724022827654
1177 0.6641724022827654
1178 0.6641724022827654
1179 0.6641724022827654
1180 0.7140312731601811
1181 0.7140312731601811
1182 0.7140312731601811
1183 2.159124841057131
1184 2.159124841057131
1185 2.159124841057131
1186 2.159124841057131
1187 2.2802666913048513
1188 2.2802666913048513
1189 2.2802666913048513
1190 2.2802666913048513
1191 1.800081197701727
1192 1.800081197701727
1193 1.800081197701727
1194 1.800081197701727
1195 2.752182608402536
1196 2.752182608402536
1197 2.752182608402536
1198 2.752182608402536
1199 1.8866745747148326
1200 1.8866745747148326
1201 1.8866745747148326
1202 1.8866745747148326
1203 1.229542407802743
1204 1.229542407802743
1205 1.229542407802743
1206 1.229542407802743
1207 0.8303094412806886
1208 0.8303094412806886
1209 0.8303094412806886
1210 0.8303094412806886
1211 1.2488738899922884
1212 4.40342784089281
1213 4.40342784089281
1214 4.40342784089281
1215 4.40342784089281
1216 4.241080859339621
1217 4.241080859339621
1218 4.241080859339621
1219 4.241080859339621
1220 3.639162108162823
1221 3.639162108162823
1222 3.639162108162823
1223 3.639162108162823
1224 3.5932322032824073
1225 3.5932322032824073
1226 3.5932322032824073
1227 3.5932322032824073
1228 3.8238929123403325
1229 3.8238929123403325
1230 3.8238929123403325
1231 3.8238929123403325
1232 3.304468338816567
1233 3.304468338816567
1234 3.304468338816567
1235 3.304468338816567
1236 3.1548659265979455
1237 1.1270842807302563
1238 1.1270842807302563
1239 1.1270842807302563
1240 1.1270842807302563
1241 1.1393359064097086
1242 1.1393359064097086
1243 1.1393359064097086
1244 1.1393359064097086
1245 0.9849867330347551
1246 0.9849867330347551
1247 0.9849867330347551
1248 0.9849867330347551
1249 1.2477857734988929
1250 1.2477857734988929
1251 1.2477857734988929
1252 1.2477857734988929
1253 1.3017157790803728
1254 1.3017157790803728
1255 1.3017157790803728
1256 1.3017157790803728
1257 0.8614558701703705
1258 0.8614558701703705
1259 4.310053354058021
1260 4.310053354058021
1261 4.310053354058021
1262 4.310053354058021
1263 1.4662069290504682
1264 1.4662069290504682
1265 1.4662069290504682
1266 1.4662069290504682
1267 2.9618241538365875
1268 2.9618241538365875
1269 2.9618241538365875
1270 2.9618241538365875
1271 1.9413836180224375
1272 1.9413836180224375
1273 1.9413836180224375
1274 1.9413836180224375
1275 1.5905904970451648
1276 1.5905904970451648
1277 1.5905904970451648
1278 1.5905904970451648
1279 1.8759355353710425
1280 1.8759355353710425
1281 1.8759355353710425
1282 1.8759355353710425
1283 1.6131680929971939
1284 1.6131680929971939
1285 1.6131680929971939
1286 1.6131680929971939
1287 1.5564410595048195
1288 1.5564410595048195
1289 0.19568294135722702
1290 0.19568294135722702
1291 0.19568294135722702
1292 0.19568294135722702
1293 0.24643867119978155
1294 2.661443121200329
1295 2.661443121200329
1296 2.661443121200329
1297 2.661443121200329
1298 0.6281763691122619
1299 0.6281763691122619
1300 0.6281763691122619
1301 0.6281763691122619
1302 0.812034176038713
1303 0.812034176038713
1304 0.812034176038713
1305 0.812034176038713
1306 0.6720293590992203
1307 0.6720293590992203
1308 0.6720293590992203
1309 0.6720293590992203
1310 0.8121398557376116
1311 0.8121398557376116
1312 0.8121398557376116
1313 0.8121398557376116
1314 0.6128603741353883
1315 0.6128603741353883
1316 0.6128603741353883
1317 0.6128603741353883
1318 0.5847514080441856
1319 3.5284347340995152
1320 3.5284347340995152
1321 3.5284347340995152
1322 3.5284347340995152
1323 3.754988612275885
1324 3.754988612275885
1325 3.754988612275885
1326 3.754988612275885
1327 3.545032319480095
1328 3.545032319480095
1329 3.545032319480095
1330 3.545032319480095
1331 2.4920362719600218
1332 2.4920362719600218
1333 2.4920362719600218
1334 2.4920362719600218
1335 3.6518893655144864
1336 3.6518893655144864
1337 3.6518893655144864
1338 3.6518893655144864
1339 2.2506574846015512
1340 2.2506574846015512
1341 2.2506574846015512
1342 2.2506574846015512
1343 4.436574604335378
1344 4.436574604335378
1345 0.57121068297549
1346 0.57121068297549
1347 0.57121068297549
1348 0.57121068297549
1349 0.42689241389866706
1350 0.42689241389866706
1351 0.42689241389866706
1352 0.42689241389866706
1353 0.8028928528992422
1354 0.8028928528992422
1355 0.8028928528992422
1356 0.8028928528992422
1357 0.46380852661264893
1358 1.8283029940037254
1359 1.8283029940037254
1360 1.8283029940037254
1361 1.8283029940037254
1362 2.3235922188304396
1363 2.3235922188304396
1364 2.3235922188304396
1365 2.3235922188304396
1366 3.797958395290385
1367 3.797958395290385
1368 3.797958395290385
1369 3.797958395290385
1370 3.402545613268254
1371 3.402545613268254
1372 3.402545613268254
1373 3.6332934758781112
1374 3.6332934758781112
1375 0.770717734995818
1376 0.770717734995818
1377 0.770717734995818
1378 0.770717734995818
1379 4.111206188376789
1380 4.111206188376789
1381 4.111206188376789
1382 4.111206188376789
1383 3.1843820498194555
1384 3.1843820498194555
1385 3.1843820498194555
1386 3.1843820498194555
1387 4.279437557956751
1388 4.279437557956751
1389 1.8637281174920832
1390 1.8637281174920832
1391 1.8637281174920832
1392 1.8637281174920832
1393 2.957754043206303
1394 2.957754043206303
1395 2.957754043206303
1396 2.957754043206303
1397 2.7263760533377335
1398 2.7263760533377335
1399 2.7263760533377335
1400 2.7263760533377335
1401 2.132472873661599
1402 2.132472873661599
1403 2.132472873661599
1404 2.132472873661599
1405 2.2221562532428436
1406 2.2221562532428436
1407 2.2221562532428436
1408 2.2221562532428436
1409 2.473524664041494
1410 2.473524664041494
1411 2.473524664041494
1412 2.473524664041494
1413 2.583150022259578
1414 1.9079707018529617
1415 1.9079707018529617
1416 1.9079707018529617
1417 1.9079707018529617
1418 1.682406010954884
1419 1.682406010954884
1420 1.682406010954884
1421 1.682406010954884
1422 1.7767195949784171
1423 1.7767195949784171
1424 1.7767195949784171
1425 1.7767195949784171
1426 1.4368767293500453
1427 1.4368767293500453
1428 1.4368767293500453
1429 1.4368767293500453
1430 1.5868782884830233
1431 1.5868782884830233
1432 1.5868782884830233
1433 1.5868782884830233
1434 1.8637581019900147
1435 1.8637581019900147
1436 1.8637581019900147
1437 1.8637581019900147
1438 2.024185235744919
1439 2.024185235744919
1440 2.024185235744919
1441 2.024185235744919
1442 1.3914714045030623
1443 1.3914714045030623
1444 0.17644480258429684
1445 0.17644480258429684
1446 0.17644480258429684
1447 0.17644480258429684
1448 2.004441802476391
1449 2.004441802476391
1450 2.004441802476391
1451 2.004441802476391
1452 1.7401844450458994
1453 1.7401844450458994
1454 1.7401844450458994
1455 1.7401844450458994
1456 2.35097297600179
1457 2.35097297600179
1458 2.35097297600179
1459 2.35097297600179
1460 1.7163835055249659
1461 1.7163835055249659
1462 1.7163835055249659
1463 1.7163835055249659
1464 1.498227121169808
1465 1.498227121169808
1466 1.498227121169808
1467 1.0712369756040525
1468 1.0712369756040525
1469 1.0712369756040525
1470 1.0712369756040525
1471 1.7752815009661913
1472 1.7752815009661913
1473 1.7752815009661913
1474 1.7752815009661913
1475 3.5793933351178184
1476 3.5793933351178184
1477 3.5793933351178184
1478 3.5793933351178184
1479 4.518877545220655
1480 4.518877545220655
1481 4.518877545220655
1482 4.518877545220655
1483 2.9094256572242965
1484 2.9094256572242965
1485 2.9094256572242965
1486 2.9094256572242965
1487 3.3263018264520516
1488 3.3263018264520516
1489 3.3263018264520516
1490 3.3263018264520516
1491 3.4877891291459613
1492 3.4877891291459613
1493 3.4877891291459613
1494 3.4877891291459613
1495 3.0232350111931288
1496 3.0232350111931288
1497 3.0232350111931288
1498 3.0232350111931288
1499 3.286666030217953
1500 3.286666030217953
1501 3.286666030217953
1502 3.286666030217953
1503 3.218278803155478
1504 3.218278803155478
1505 3.218278803155478
1506 3.218278803155478
1507 3.309935021091421
1508 3.309935021091421
1509 3.309935021091421
1510 3.309935021091421
1511 2.2103883405686897
1512 2.2103883405686897
1513 2.2103883405686897
1514 2.2103883405686897
1515 3.4799440677783378
1516 3.4799440677783378
1517 3.4799440677783378
1518 3.4799440677783378
1519 3.1025686735012457
1520 3.1025686735012457
1521 3.1025686735012457
1522 3.1025686735012457
1523 2.6293515308559536
1524 2.6293515308559536
1525 2.6293515308559536
1526 2.6293515308559536
1527 1.7341629234794305
1528 1.7341629234794305
1529 1.7341629234794305
1530 1.7341629234794305
1531 2.866635263142487
1532 2.866635263142487
1533 2.866635263142487
1534 2.866635263142487
1535 2.6299567205511347
1536 2.6299567205511347
1537 2.6299567205511347
1538 2.6299567205511347
1539 3.2944046710949673
1540 3.2944046710949673
1541 3.2944046710949673
1542 3.2944046710949673
1543 2.167335405658542
1544 2.167335405658542
1545 2.167335405658542
1546 2.167335405658542
1547 2.757114012105357
1548 2.757114012105357
1549 2.757114012105357
1550 2.757114012105357
1551 4.277050431710566
1552 4.277050431710566
1553 4.277050431710566
1554 4.277050431710566
1555 2.6900399183118004
1556 2.6900399183118004
1557 2.6900399183118004
1558 2.6900399183118004
1559 2.732528138465764
1560 2.732528138465764
1561 2.732528138465764
1562 2.732528138465764
1563 1.9382645795028135
1564 1.9382645795028135
1565 1.9382645795028135
1566 1.9382645795028135
1567 2.2881726980609844
1568 2.2881726980609844
1569 2.2881726980609844
1570 2.2881726980609844
1571 4.198276663280474
1572 4.633345132990911
1573 4.633345132990911
1574 4.633345132990911
1575 4.633345132990911
1576 3.875874675021362
1577 3.875874675021362
1578 3.875874675021362
1579 3.875874675021362
1580 3.920589695787894
1581 3.920589695787894
1582 3.920589695787894
1583 3.920589695787894
1584 4.782730599560092
1585 4.782730599560092
1586 4.782730599560092
1587 2.947845507359675
1588 2.947845507359675
1589 2.947845507359675
1590 2.947845507359675
1591 2.8395118925879546
1592 2.8395118925879546
1593 2.8395118925879546
1594 2.8395118925879546
1595 3.189691116154263
1596 3.189691116154263
1597 3.189691116154263
1598 3.189691116154263
1599 3.0000249445705855
1600 3.0000249445705855
1601 3.0000249445705855
1602 3.0000249445705855
1603 3.0579176732949462
1604 3.0579176732949462
1605 3.0579176732949462
1606 3.0579176732949462
1607 3.126335732862816
1608 3.126335732862816
1609 3.126335732862816
1610 3.126335732862816
1611 2.5016715444581474
1612 2.5016715444581474
1613 2.5016715444581474
1614 2.5016715444581474
1615 2.6978436087783026
1616 2.6978436087783026
1617 2.6978436087783026
1618 2.6978436087783026
1619 1.8954712891861394
1620 1.8954712891861394
1621 1.8954712891861394
1622 1.5481254009942491
1623 1.5481254009942491
1624 1.5481254009942491
1625 1.5481254009942491
1626 3.9323425177673745
1627 3.9323425177673745
1628 3.9323425177673745
1629 3.9323425177673745
1630 3.5091951200941662
1631 3.5091951200941662
1632 3.5091951200941662
1633 3.5091951200941662
1634 2.029929695936229
1635 2.029929695936229
1636 4.385074694840483
1637 4.385074694840483
1638 4.385074694840483
1639 4.385074694840483
1640 4.20241484647422
1641 4.20241484647422
1642 4.20241484647422
1643 4.20241484647422
1644 4.064684347708133
1645 4.064684347708133
1646 4.064684347708133
1647 1.1284203406192113
1648 1.1284203406192113
1649 1.1284203406192113
1650 1.1284203406192113
1651 1.1084425655891266
1652 1.1084425655891266
1653 1.1084425655891266
1654 1.1084425655891266
1655 0.9826018705442703
1656 0.9826018705442703
1657 0.9826018705442703
1658 0.9826018705442703
1659 1.0637705573326728
1660 1.0637705573326728
1661 1.0637705573326728
1662 1.0637705573326728
1663 1.1343715234764915
1664 0.26461057757223927
1665 0.26461057757223927
1666 0.26461057757223927
1667 0.26461057757223927
1668 1.8863843740174286
1669 1.8863843740174286
1670 1.8863843740174286
1671 1.8863843740174286
1672 1.476454544324825
1673 1.476454544324825
1674 1.476454544324825
1675 1.476454544324825
1676 1.9240527999045165
1677 1.2930560025386875
1678 2.952839633253641
1679 2.952839633253641
1680 2.952839633253641
1681 2.952839633253641
1682 2.336277711263601
1683 2.336277711263601
1684 2.336277711263601
1685 2.336277711263601
1686 2.0997791420982534
1687 2.0997791420982534
1688 2.0997791420982534
1689 2.0997791420982534
1690 2.54493875575894
1691 2.54493875575894
1692 2.54493875575894
1693 2.54493875575894
1694 2.279275584550368
1695 2.279275584550368
1696 2.279275584550368
1697 2.279275584550368
1698 2.846553236947347
1699 2.846553236947347
1700 2.846553236947347
1701 2.846553236947347
1702 2.14114028461543
1703 2.14114028461543
1704 2.14114028461543
1705 2.14114028461543
1706 1.513281230513035
1707 1.513281230513035
1708 1.513281230513035
1709 1.513281230513035
1710 2.5683385552190283
1711 2.5683385552190283
1712 2.5683385552190283
1713 2.5683385552190283
1714 2.217366421977312
1715 2.217366421977312
1716 2.217366421977312
1717 2.217366421977312
1718 3.528182528882955
1719 3.528182528882955
1720 3.528182528882955
1721 3.528182528882955
1722 2.018636837858894
1723 2.018636837858894
1724 2.018636837858894
1725 1.419674761042356
1726 1.419674761042356
1727 1.419674761042356
1728 1.419674761042356
1729 0.9891066406758598
1730 0.9891066406758598
1731 0.9891066406758598
1732 0.9891066406758598
1733 0.8646494641372112
1734 0.8646494641372112
1735 0.8646494641372112
1736 0.8646494641372112
1737 1.007071623063739
1738 1.007071623063739
1739 1.007071623063739
1740 1.007071623063739
1741 1.1215520852909138
1742 1.1215520852909138
1743 1.1215520852909138
1744 1.1215520852909138
1745 1.4935687502472952
1746 1.4935687502472952
1747 1.4935687502472952
1748 1.4935687502472952
1749 1.026812630558631
1750 1.026812630558631
1751 1.026812630558631
1752 1.026812630558631
1753 1.2955695688901026
1754 1.2955695688901026
1755 1.2955695688901026
1756 1.2955695688901026
1757 2.2026480426505453
1758 2.2026480426505453
1759 2.2026480426505453
1760 2.2026480426505453
1761 2.774730627036473
1762 2.774730627036473
1763 2.774730627036473
1764 2.774730627036473
1765 2.9781082876226352
1766 2.9781082876226352
1767 2.9781082876226352
1768 2.9781082876226352
1769 2.8646422342871984
1770 2.8646422342871984
1771 2.8646422342871984
1772 2.8646422342871984
1773 3.3659278968943553
1774 3.3659278968943553
1775 3.3659278968943553
1776 3.3659278968943553
1777 2.128288337066051
1778 2.128288337066051
1779 2.128288337066051
1780 2.128288337066051
1781 3.6812900467248992
1782 3.6812900467248992
1783 3.6812900467248992
1784 3.6812900467248992
1785 2.61971356383541
1786 2.61971356383541
1787 2.61971356383541
1788 2.61971356383541
1789 2.2395495993988126
1790 2.2395495993988126
1791 2.2395495993988126
1792 1.9594959019961058
1793 1.9594959019961058
1794 1.9594959019961058
1795 1.9594959019961058
1796 1.4420267500875217
1797 1.4420267500875217
1798 1.4420267500875217
1799 1.4420267500875217
1800 1.1505083617952583
1801 1.1505083617952583
1802 1.1505083617952583
1803 1.1505083617952583
1804 1.1598879502277406
1805 1.1598879502277406
1806 1.1598879502277406
1807 1.1598879502277406
1808 1.8655388032187825
1809 1.8655388032187825
1810 3.427141366963088
1811 3.427141366963088
1812 3.427141366963088
1813 3.427141366963088
1814 3.2804339613774856
1815 3.2804339613774856
1816 3.2804339613774856
1817 3.2804339613774856
1818 3.183195959435546
1819 3.183195959435546
1820 3.183195959435546
1821 3.183195959435546
1822 2.7916011657426454
1823 2.7916011657426454
1824 2.7916011657426454
1825 2.7916011657426454
1826 2.8753476964525393
1827 2.8753476964525393
1828 2.8753476964525393
1829 2.8753476964525393
1830 2.8763884448019272
1831 2.8763884448019272
1832 2.8763884448019272
1833 2.8763884448019272
1834 3.785527737669081
1835 3.785527737669081
1836 3.785527737669081
1837 3.785527737669081
1838 3.3973829618066302
1839 3.3973829618066302
1840 3.3973829618066302
1841 3.3973829618066302
1842 2.7900158002798228
1843 2.7900158002798228
1844 2.5674861313006385
1845 2.5674861313006385
1846 2.5674861313006385
1847 2.5674861313006385
1848 4.876331576268915
1849 4.876331576268915
1850 4.876331576268915
1851 4.876331576268915
1852 3.2475854671091655
1853 3.2475854671091655
1854 3.2475854671091655
1855 3.2475854671091655
1856 3.5107547273025226
1857 3.5107547273025226
1858 3.5107547273025226
1859 3.5107547273025226
1860 3.240953429777386
1861 3.240953429777386
1862 3.240953429777386
1863 3.892809200814503
1864 3.892809200814503
1865 3.892809200814503
1866 3.892809200814503
1867 3.099198155270363
1868 3.099198155270363
1869 3.099198155270363
1870 3.099198155270363
1871 2.003111690169436
1872 2.003111690169436
1873 2.003111690169436
1874 2.003111690169436
1875 2.9670557104060005
1876 2.9670557104060005
1877 2.9670557104060005
1878 2.9670557104060005
1879 2.014714993613448
1880 2.014714993613448
1881 2.014714993613448
1882 2.014714993613448
1883 2.264613582845466
1884 2.264613582845466
1885 2.264613582845466
1886 2.264613582845466
1887 1.9683976782949237
1888 1.9683976782949237
1889 1.9683976782949237
1890 1.9683976782949237
1891 1.6834191545950863
1892 1.6834191545950863
1893 1.6834191545950863
1894 1.6834191545950863
1895 2.0607911488962065
1896 2.0607911488962065
1897 2.0607911488962065
1898 2.0607911488962065
1899 2.6542703599814343
1900 2.6542703599814343
1901 2.6542703599814343
1902 2.6542703599814343
1903 2.0444505232757484
1904 2.0444505232757484
1905 2.0444505232757484
1906 2.0444505232757484
1907 3.0336320080096373
1908 3.0336320080096373
1909 3.0336320080096373
1910 3.0336320080096373
1911 1.8614477054051148
1912 1.8614477054051148
1913 1.8614477054051148
1914 1.8614477054051148
1915 2.9989873966958864
1916 2.9989873966958864
1917 2.9989873966958864
1918 2.9989873966958864
1919 1.8139330643382507
1920 1.8139330643382507
1921 1.8139330643382507
1922 1.8139330643382507
1923 2.903957479406761
1924 2.903957479406761
1925 2.903957479406761
1926 2.903957479406761
1927 2.351912514434158
1928 2.351912514434158
1929 2.351912514434158
1930 2.351912514434158
1931 1.6439725963245109
1932 1.6439725963245109
1933 1.6439725963245109
1934 1.6439725963245109
1935 2.2053107754787487
1936 2.2053107754787487
1937 2.2053107754787487
1938 2.2053107754787487
1939 2.2182082682464643
1940 2.2182082682464643
1941 2.2182082682464643
1942 2.2182082682464643
1943 2.5769308223975553
1944 2.5769308223975553
1945 2.5769308223975553
1946 2.5769308223975553
1947 2.2931239933469865
1948 2.2931239933469865
1949 2.2931239933469865
1950 2.2931239933469865
1951 2.756357041580622
1952 1.272767613422788
1953 1.272767613422788
1954 1.272767613422788
1955 1.272767613422788
1956 2.143933848529081
1957 2.143933848529081
1958 2.143933848529081
1959 2.143933848529081
1960 1.5092048865804273
1961 1.5092048865804273
1962 1.5092048865804273
1963 1.5092048865804273
1964 2.017014892141707
1965 2.017014892141707
1966 2.017014892141707
1967 2.017014892141707
1968 4.072239051853862
1969 4.072239051853862
1970 4.072239051853862
1971 1.2171093155767083
1972 2.3940988971406916
1973 2.3940988971406916
1974 0.7753281660052865
1975 0.7753281660052865
1976 0.7753281660052865
1977 0.7753281660052865
1978 1.4106982414088476
1979 1.4106982414088476
1980 1.4106982414088476
1981 1.4106982414088476
1982 0.6865871231654561
1983 0.6865871231654561
1984 2.9941087699454116
1985 2.9941087699454116
1986 2.9941087699454116
1987 2.9941087699454116
1988 2.0187609307404135
1989 2.0187609307404135
1990 2.0187609307404135
1991 2.0187609307404135
1992 4.1223404597296
1993 4.1223404597296
1994 4.1223404597296
1995 1.4094526814308759
1996 1.4094526814308759
1997 1.4094526814308759
1998 1.4094526814308759
1999 1.243366827618434
