0 2.6856678847898063
1 2.3609749058908998
2 2.3609749058908998
3 0.6505523522759625
4 0.6505523522759625
5 0.6505523522759625
6 2.4336459183955332
7 2.4336459183955332
8 2.4336459183955332
9 2.4336459183955332
10 2.5895970092139797
11 2.5895970092139797
12 2.5895970092139797
13 2.5895970092139797
14 4.811510176557651
15 3.0866206893417374
16 3.0866206893417374
17 3.0866206893417374
18 3.0866206893417374
19 5.421634425147952
20 1.1280835437241075
21 1.1280835437241075
22 1.1280835437241075
23 1.1280835437241075
24 1.329791413930768
25 1.329791413930768
26 1.329791413930768
27 1.329791413930768
28 0.1
29 0.1
30 0.1
31 0.1
32 1.795638836911505
33 1.795638836911505
34 1.795638836911505
35 4.054094485630656
36 4.054094485630656
37 4.054094485630656
38 4.054094485630656
39 4.153583118952118
40 4.153583118952118
41 4.153583118952118
42 4.153583118952118
43 3.9845911843509776
44 3.9845911843509776
45 1.285371158521727
46 1.285371158521727
47 1.285371158521727
48 1.285371158521727
49 1.3900762456092333
50 1.3146979385163173
51 1.3146979385163173
52 1.3146979385163173
53 1.3146979385163173
54 1.3959698957736317
55 1.3959698957736317
56 1.3959698957736317
57 1.3959698957736317
58 1.5630636862603273
59 1.5630636862603273
60 1.5630636862603273
61 1.5630636862603273
62 1.5985929392040459
63 1.5985929392040459
64 1.5985929392040459
65 1.5985929392040459
66 0.4171143044279939
67 3.6102584035750684
68 3.6102584035750684
69 3.6102584035750684
70 3.6102584035750684
71 5.099966600374731
72 0.8678364155623663
73 0.8678364155623663
74 0.8678364155623663
75 0.8678364155623663
76 0.87759376604156
77 0.87759376604156
78 4.256544912055968
79 3.767170281353012
80 3.767170281353012
81 3.767170281353012
82 3.767170281353012
83 1.5372994450789146
84 1.5372994450789146
85 0.4257882113380707
86 0.4257882113380707
87 0.4257882113380707
88 0.4257882113380707
89 0.7802454061888021
90 0.7802454061888021
91 0.7802454061888021
92 0.7802454061888021
93 0.23060107823014386
94 0.23060107823014386
95 0.23060107823014386
96 2.5776725670557483
97 2.5776725670557483
98 2.5776725670557483
99 2.5776725670557483
100 5.7540880157562135
101 5.7540880157562135
102 5.7540880157562135
103 5.7540880157562135
104 2.3903396998406503
105 2.3903396998406503
106 2.3903396998406503
107 2.3903396998406503
108 1.944519017524071
109 1.944519017524071
110 1.944519017524071
111 1.944519017524071
112 2.358040920071451
113 2.358040920071451
114 2.358040920071451
115 2.358040920071451
116 2.2970707202050296
117 2.2970707202050296
118 3.812282979008005
119 3.812282979008005
120 3.812282979008005
121 3.812282979008005
122 1.2147228223540085
123 1.2147228223540085
124 1.2147228223540085
125 1.2147228223540085
126 1.3362091237648068
127 1.3362091237648068
128 1.3362091237648068
129 1.3362091237648068
130 3.6286403460356587
131 3.6286403460356587
132 3.6286403460356587
133 3.6286403460356587
134 2.54058693794697
135 2.54058693794697
136 2.54058693794697
137 2.54058693794697
138 4.567485902846569
139 4.567485902846569
140 4.567485902846569
141 4.567485902846569
142 3.799784264938225
143 3.799784264938225
144 3.799784264938225
145 3.799784264938225
146 3.1740236261042085
147 3.1740236261042085
148 3.1740236261042085
149 3.1740236261042085
150 3.9728772548517206
151 3.9728772548517206
152 3.9728772548517206
153 3.9728772548517206
154 3.5841199396372936
155 3.5841199396372936
156 3.5841199396372936
157 3.5841199396372936
158 2.2750327450334598
159 2.2750327450334598
160 2.2750327450334598
161 2.2750327450334598
162 2.1869362013340807
163 2.1869362013340807
164 2.1869362013340807
165 2.1869362013340807
166 4.835241029480455
167 4.835241029480455
168 4.835241029480455
169 4.835241029480455
170 2.06728609583385
171 2.06728609583385
172 2.06728609583385
173 4.81946567814537
174 4.81946567814537
175 4.81946567814537
176 4.81946567814537
177 0.9232634665077613
178 0.9232634665077613
179 0.9232634665077613
180 0.9232634665077613
181 2.83267673312891
182 2.83267673312891
183 2.83267673312891
184 2.83267673312891
185 2.3489001482358844
186 2.232751049456214
187 2.232751049456214
188 2.232751049456214
189 2.232751049456214
190 1.8744973127751974
191 1.8744973127751974
192 1.8744973127751974
193 2.192531921596874
194 2.192531921596874
195 2.192531921596874
196 2.192531921596874
197 0.8528563035660621
198 0.8528563035660621
199 0.8528563035660621
200 0.8528563035660621
201 6.258969849648713
202 6.258969849648713
203 6.258969849648713
204 4.543661535458762
205 4.543661535458762
206 4.543661535458762
207 4.543661535458762
208 2.5238062197367985
209 2.5238062197367985
210 2.5238062197367985
211 2.5238062197367985
212 2.5602081026429895
213 2.5602081026429895
214 2.5602081026429895
215 2.5602081026429895
216 4.431206158434175
217 4.431206158434175
218 4.431206158434175
219 4.431206158434175
220 4.046384460014237
221 4.046384460014237
222 4.046384460014237
223 4.046384460014237
224 2.817736184024738
225 2.817736184024738
226 2.817736184024738
227 2.817736184024738
228 2.3313965834012937
229 2.3313965834012937
230 2.3313965834012937
231 2.3313965834012937
232 3.4271438137004355
233 1.2345791716309722
234 1.2345791716309722
235 1.2345791716309722
236 1.2334594346646983
237 1.2334594346646983
238 1.2334594346646983
239 0.8751687105836287
240 0.8751687105836287
241 2.4092755218249704
242 2.3650075793829126
243 2.3650075793829126
244 2.3650075793829126
245 2.3650075793829126
246 1.5909174967745328
247 1.5909174967745328
248 1.5909174967745328
249 1.5909174967745328
250 2.4794618146382463
251 2.4794618146382463
252 2.4794618146382463
253 2.4794618146382463
254 1.2864592308908454
255 1.2864592308908454
256 1.2864592308908454
257 1.2864592308908454
258 1.8948736757596172
259 1.8948736757596172
260 1.8948736757596172
261 1.8948736757596172
262 3.652783464938338
263 3.652783464938338
264 3.652783464938338
265 3.652783464938338
266 2.794313092171695
267 2.794313092171695
268 2.794313092171695
269 0.9479514155160615
270 0.9479514155160615
271 0.9479514155160615
272 0.9479514155160615
273 1.5692376842528872
274 1.5692376842528872
275 1.5692376842528872
276 1.5692376842528872
277 0.466824539483076
278 0.466824539483076
279 0.466824539483076
280 0.466824539483076
281 1.149287007205692
282 1.149287007205692
283 1.149287007205692
284 1.149287007205692
285 1.1431874740447285
286 1.1431874740447285
287 1.1431874740447285
288 1.1431874740447285
289 1.1475722405789357
290 1.1475722405789357
291 1.1475722405789357
292 1.1475722405789357
293 1.0848245762062774
294 1.0848245762062774
295 1.0848245762062774
296 1.0848245762062774
297 1.9094367305645088
298 1.9094367305645088
299 2.3886520178114687
300 2.3886520178114687
301 2.3886520178114687
302 2.3886520178114687
303 3.9817359890063933
304 3.9817359890063933
305 3.9817359890063933
306 3.9817359890063933
307 2.822711866405239
308 2.822711866405239
309 2.822711866405239
310 2.822711866405239
311 0.8636486588287773
312 0.8636486588287773
313 0.8636486588287773
314 0.8636486588287773
315 4.259258999907542
316 4.259258999907542
317 4.259258999907542
318 4.259258999907542
319 5.04414647021325
320 5.04414647021325
321 5.04414647021325
322 5.04414647021325
323 4.1123053522873025
324 4.1123053522873025
325 4.1123053522873025
326 4.1123053522873025
327 2.7380763540469544
328 2.7380763540469544
329 2.7380763540469544
330 2.7380763540469544
331 2.4733245922386033
332 2.4733245922386033
333 2.4733245922386033
334 2.4733245922386033
335 6.604918634227637
336 6.604918634227637
337 6.604918634227637
338 6.604918634227637
339 5.500335626275918
340 5.500335626275918
341 5.500335626275918
342 0.17036321248395947
343 0.17036321248395947
344 0.17036321248395947
345 0.17036321248395947
346 0.9366982534206568
347 0.9366982534206568
348 5.626536852423726
349 5.626536852423726
350 5.626536852423726
351 5.626536852423726
352 3.6321124688372235
353 3.6321124688372235
354 3.6321124688372235
355 3.6321124688372235
356 4.369482722817923
357 4.369482722817923
358 4.369482722817923
359 4.369482722817923
360 1.601451032523379
361 1.601451032523379
362 1.601451032523379
363 1.601451032523379
364 1.4041902319766872
365 1.4041902319766872
366 1.4041902319766872
367 1.4041902319766872
368 1.5943785180143029
369 1.5943785180143029
370 1.5943785180143029
371 1.5943785180143029
372 1.8208952636438323
373 1.8208952636438323
374 1.8208952636438323
375 1.8208952636438323
376 1.0750195537645024
377 1.0750195537645024
378 1.0750195537645024
379 1.0750195537645024
380 0.4995303628465644
381 0.4995303628465644
382 0.4995303628465644
383 0.4995303628465644
384 1.072489984877676
385 2.006168985782781
386 2.006168985782781
387 2.006168985782781
388 2.006168985782781
389 1.481470827918499
390 1.481470827918499
391 1.481470827918499
392 1.481470827918499
393 2.502023964632125
394 2.502023964632125
395 2.502023964632125
396 2.502023964632125
397 2.5976299954898145
398 2.5976299954898145
399 2.5976299954898145
400 2.5976299954898145
401 1.9567312198858882
402 1.9567312198858882
403 1.9567312198858882
404 1.9567312198858882
405 1.7359941781226707
406 1.7359941781226707
407 1.7359941781226707
408 1.7359941781226707
409 1.9914104909138781
410 1.9914104909138781
411 1.9914104909138781
412 1.9914104909138781
413 2.9596310917740425
414 2.9596310917740425
415 2.9596310917740425
416 2.9596310917740425
417 0.469990662923069
418 0.469990662923069
419 0.469990662923069
420 0.469990662923069
421 3.143800555752593
422 3.143800555752593
423 3.143800555752593
424 0.1875310538754425
425 0.25358001345762027
426 0.25358001345762027
427 0.25358001345762027
428 0.25358001345762027
429 2.6454654451761135
430 2.6454654451761135
431 2.6454654451761135
432 2.6454654451761135
433 1.3324490686698085
434 1.3324490686698085
435 1.3324490686698085
436 1.3324490686698085
437 1.0272181983398148
438 1.0272181983398148
439 1.0272181983398148
440 1.0272181983398148
441 3.5562130527814997
442 3.5562130527814997
443 1.9265874641200023
444 1.9265874641200023
445 1.9265874641200023
446 1.9265874641200023
447 1.8245811928181446
448 1.8245811928181446
449 1.8245811928181446
450 1.8245811928181446
451 1.1174102617526327
452 1.1174102617526327
453 1.1174102617526327
454 1.1174102617526327
455 0.6332879150669731
456 0.6332879150669731
457 0.6332879150669731
458 0.6332879150669731
459 2.674332516631512
460 2.674332516631512
461 2.674332516631512
462 2.674332516631512
463 1.5497464001242645
464 1.5497464001242645
465 1.5497464001242645
466 1.5497464001242645
467 1.0806524934262471
468 1.0806524934262471
469 1.0806524934262471
470 2.5426122113555705
471 2.5426122113555705
472 2.5426122113555705
473 2.5426122113555705
474 2.6846578432907555
475 2.6846578432907555
476 2.6846578432907555
477 2.6846578432907555
478 3.4169212182362876
479 3.4169212182362876
480 3.4169212182362876
481 3.4169212182362876
482 2.1774338634398536
483 2.1774338634398536
484 2.1774338634398536
485 2.1774338634398536
486 4.456009090426192
487 4.456009090426192
488 4.456009090426192
489 4.456009090426192
490 1.4661668872303082
491 1.4661668872303082
492 1.4661668872303082
493 1.4661668872303082
494 3.562094920410717
495 3.562094920410717
496 1.3090988152534433
497 1.3090988152534433
498 1.3090988152534433
499 1.3090988152534433
500 3.0046959375732394
501 3.0046959375732394
502 3.0046959375732394
503 3.0046959375732394
504 1.962670324625203
505 1.962670324625203
506 1.962670324625203
507 1.962670324625203
508 0.9483102821359268
509 0.8285983438846672
510 0.8285983438846672
511 0.8285983438846672
512 0.8285983438846672
513 0.5848215181245306
514 0.5848215181245306
515 0.5848215181245306
516 0.5848215181245306
517 0.7986907810010906
518 0.7986907810010906
519 0.7986907810010906
520 0.7986907810010906
521 1.141014098838221
522 1.141014098838221
523 1.141014098838221
524 1.141014098838221
525 0.9463827402788856
526 0.9463827402788856
527 0.9463827402788856
528 0.9463827402788856
529 0.45406552936088496
530 0.45406552936088496
531 0.45406552936088496
532 0.45406552936088496
533 0.6353844853783576
534 5.747028091516862
535 5.747028091516862
536 5.747028091516862
537 5.747028091516862
538 3.6638292430108743
539 3.6638292430108743
540 3.6638292430108743
541 3.6638292430108743
542 2.871489769042938
543 2.871489769042938
544 2.871489769042938
545 2.871489769042938
546 5.312803853016037
547 5.312803853016037
548 5.312803853016037
549 5.312803853016037
550 2.855870363924529
551 2.855870363924529
552 2.513348851219485
553 2.513348851219485
554 2.513348851219485
555 2.513348851219485
556 1.9985962561579258
557 1.9985962561579258
558 1.9985962561579258
559 1.9985962561579258
560 5.069039213452998
561 5.069039213452998
562 5.069039213452998
563 5.069039213452998
564 2.8271445452461283
565 2.8271445452461283
566 2.8271445452461283
567 2.8271445452461283
568 3.431162597591362
569 3.431162597591362
570 3.431162597591362
571 3.431162597591362
572 5.984263400474054
573 5.984263400474054
574 5.984263400474054
575 5.984263400474054
576 3.7056753134780696
577 3.7056753134780696
578 3.7056753134780696
579 3.7056753134780696
580 0.5830628799171939
581 0.5830628799171939
582 0.5830628799171939
583 0.5830628799171939
584 1.143195387660838
585 1.143195387660838
586 2.748588897217738
587 2.748588897217738
588 2.748588897217738
589 2.748588897217738
590 0.1
591 0.1
592 1.1408652531168066
593 1.1408652531168066
594 1.1408652531168066
595 1.1408652531168066
596 3.456973474591447
597 3.456973474591447
598 3.456973474591447
599 3.456973474591447
600 0.745848618861205
601 0.745848618861205
602 0.745848618861205
603 0.939226753903287
604 0.939226753903287
605 0.939226753903287
606 0.939226753903287
607 0.8157165040655454
608 0.8157165040655454
609 0.8157165040655454
610 0.8157165040655454
611 2.146291119277804
612 1.5916084966144841
613 1.5916084966144841
614 1.5916084966144841
615 1.5916084966144841
616 3.179668145281826
617 3.179668145281826
618 3.179668145281826
619 3.179668145281826
620 0.5079171111316425
621 0.5079171111316425
622 0.5079171111316425
623 0.5079171111316425
624 4.844928279395143
625 4.844928279395143
626 2.949434052012812
627 2.949434052012812
628 2.949434052012812
629 2.949434052012812
630 3.6334056015189247
631 8.608045347559521
632 2.457813038018631
633 2.457813038018631
634 2.457813038018631
635 2.457813038018631
636 2.5239377838954615
637 2.5239377838954615
638 2.5239377838954615
639 2.5239377838954615
640 4.150022014134773
641 4.150022014134773
642 4.150022014134773
643 4.150022014134773
644 3.736493601003017
645 3.736493601003017
646 3.736493601003017
647 3.736493601003017
648 3.360587197425002
649 3.360587197425002
650 3.360587197425002
651 0.6973519914740034
652 0.6973519914740034
653 2.7965392539696654
654 2.7965392539696654
655 2.7965392539696654
656 2.7965392539696654
657 3.3715123638243822
658 3.3715123638243822
659 0.4837146933770351
660 0.4837146933770351
661 0.4837146933770351
662 0.4837146933770351
663 1.198094517001288
664 1.198094517001288
665 1.198094517001288
666 1.198094517001288
667 0.39851302347628226
668 0.39851302347628226
669 0.39851302347628226
670 0.39851302347628226
671 1.54716736768856
672 1.54716736768856
673 1.54716736768856
674 1.54716736768856
675 0.6197145282735981
676 0.6197145282735981
677 0.6197145282735981
678 0.6197145282735981
679 0.899108795283166
680 2.624662096338793
681 2.624662096338793
682 2.624662096338793
683 2.624662096338793
684 4.019862736283127
685 4.019862736283127
686 4.019862736283127
687 4.019862736283127
688 2.4259395365887606
689 2.4259395365887606
690 2.4259395365887606
691 2.4259395365887606
692 5.157069528379172
693 3.7157198011858017
694 3.7157198011858017
695 3.7157198011858017
696 3.7157198011858017
697 7.039909735083533
698 0.5468466849786681
699 0.5468466849786681
700 0.5468466849786681
701 0.5468466849786681
702 1.3540907966767635
703 1.3540907966767635
704 1.3540907966767635
705 1.3540907966767635
706 0.8406820356266455
707 0.8406820356266455
708 0.8406820356266455
709 0.8406820356266455
710 1.2843979863242785
711 1.2843979863242785
712 1.2843979863242785
713 1.2843979863242785
714 4.599208917059013
715 4.599208917059013
716 1.2921013333697315
717 1.2921013333697315
718 1.2921013333697315
719 2.7248945320689493
720 2.7248945320689493
721 2.7248945320689493
722 2.7248945320689493
723 3.5697523076999946
724 3.5697523076999946
725 0.6035589465695541
726 0.6035589465695541
727 0.6035589465695541
728 0.6035589465695541
729 0.7805840124495456
730 0.7805840124495456
731 0.7805840124495456
732 0.7805840124495456
733 0.9787208918411441
734 0.9787208918411441
735 3.4081651814798564
736 0.24871204184750745
737 0.24871204184750745
738 0.24871204184750745
739 0.24871204184750745
740 0.19851643465105026
741 0.19851643465105026
742 0.19851643465105026
743 0.19851643465105026
744 0.1
745 0.1
746 0.1
747 0.1
748 0.2225385744289374
749 0.2225385744289374
750 0.2225385744289374
751 0.2225385744289374
752 0.2302376268331392
753 0.2302376268331392
754 0.2302376268331392
755 0.2302376268331392
756 0.1
757 0.1
758 0.1
759 0.1
760 0.22143113103980194
761 0.22143113103980194
762 0.22143113103980194
763 0.22143113103980194
764 0.2530757711300248
765 0.2530757711300248
766 0.2530757711300248
767 0.2530757711300248
768 0.18622288114651622
769 0.18622288114651622
770 0.18622288114651622
771 0.18622288114651622
772 0.1
773 0.1
774 0.1
775 0.1
776 0.2131496211195839
777 0.2131496211195839
778 0.2131496211195839
779 0.2131496211195839
780 0.17953648021799645
781 0.17953648021799645
782 0.17953648021799645
783 0.17953648021799645
784 0.24329175244676193
785 0.24329175244676193
786 0.24329175244676193
787 0.24329175244676193
788 0.21638131994357615
789 0.21638131994357615
790 0.21638131994357615
791 0.21638131994357615
792 0.13823041373891892
793 0.13823041373891892
794 0.13823041373891892
795 0.13823041373891892
796 0.1
797 0.1
798 0.1
799 0.1
800 0.1731071488308825
801 0.1731071488308825
802 0.1731071488308825
803 0.1731071488308825
804 0.16677810236759616
805 0.16677810236759616
806 0.16677810236759616
807 0.16677810236759616
808 0.2535108082375811
809 0.2535108082375811
810 0.2535108082375811
811 0.2535108082375811
812 0.1
813 0.1
814 0.1
815 0.1
816 0.3113916598106947
817 0.3113916598106947
818 0.3113916598106947
819 0.3113916598106947
820 0.23888684610600097
821 0.23888684610600097
822 0.23888684610600097
823 0.23888684610600097
824 0.28085197153838315
825 0.28085197153838315
826 0.28085197153838315
827 0.28085197153838315
828 0.1
829 0.1
830 0.1
831 0.1
832 0.24000403804439996
833 0.24000403804439996
834 0.24000403804439996
835 0.24000403804439996
836 0.14110265475717
837 0.14110265475717
838 0.14110265475717
839 0.14110265475717
840 0.2597984678414649
841 0.2597984678414649
842 0.2597984678414649
843 0.2597984678414649
844 0.1
845 0.1
846 0.1
847 0.1
848 0.19790573951943383
849 0.19790573951943383
850 0.19790573951943383
851 0.19790573951943383
852 2.004460052840509
853 2.004460052840509
854 2.004460052840509
855 2.004460052840509
856 2.024200572535862
857 2.024200572535862
858 2.024200572535862
859 2.024200572535862
860 2.3409119281527735
861 2.3409119281527735
862 2.3409119281527735
863 2.3409119281527735
864 0.9816589853751845
865 0.9816589853751845
866 0.9816589853751845
867 0.9816589853751845
868 1.8931618802015417
869 1.8931618802015417
870 1.8931618802015417
871 1.8931618802015417
872 2.481234102440432
873 2.481234102440432
874 2.481234102440432
875 2.481234102440432
876 1.5335951111422592
877 1.5335951111422592
878 1.5335951111422592
879 1.5335951111422592
880 1.6108300534486626
881 1.6108300534486626
882 1.6108300534486626
883 1.6108300534486626
884 0.6423110029085478
885 0.6423110029085478
886 0.6423110029085478
887 0.6423110029085478
888 2.175880531398642
889 2.175880531398642
890 2.175880531398642
891 2.175880531398642
892 1.1230700787582812
893 1.1230700787582812
894 1.1230700787582812
895 1.1230700787582812
896 1.3439805194775911
897 1.3439805194775911
898 2.230512375526527
899 2.230512375526527
900 2.230512375526527
901 5.891553583002615
902 6.033972621634123
903 6.033972621634123
904 6.033972621634123
905 6.033972621634123
906 3.1341430043493044
907 3.1341430043493044
908 3.1341430043493044
909 3.1341430043493044
910 3.786571931012338
911 3.786571931012338
912 3.786571931012338
913 3.786571931012338
914 4.023230220857988
915 4.023230220857988
916 4.023230220857988
917 3.439591521522328
918 3.439591521522328
919 3.439591521522328
920 3.439591521522328
921 2.7553438802702757
922 2.7553438802702757
923 2.7553438802702757
924 2.7553438802702757
925 3.56672320723416
926 3.56672320723416
927 3.56672320723416
928 3.56672320723416
929 3.6452892279659848
930 3.6452892279659848
931 3.6452892279659848
932 3.6452892279659848
933 1.9024532172259958
934 1.9024532172259958
935 1.9024532172259958
936 4.05466180298662
937 4.05466180298662
938 4.05466180298662
939 4.05466180298662
940 0.1
941 0.1
942 0.1
943 0.1
944 4.987155780670119
945 4.987155780670119
946 4.987155780670119
947 4.987155780670119
948 2.8542166654137837
949 2.8542166654137837
950 2.8542166654137837
951 2.8542166654137837
952 4.555775608196973
953 4.555775608196973
954 4.555775608196973
955 4.555775608196973
956 2.888764054816361
957 2.888764054816361
958 2.888764054816361
959 2.888764054816361
960 4.311939992521491
961 4.311939992521491
962 4.311939992521491
963 4.311939992521491
964 4.642254819062794
965 4.642254819062794
966 4.642254819062794
967 4.642254819062794
968 4.085665540116703
969 4.085665540116703
970 4.085665540116703
971 4.085665540116703
972 3.9208040143020884
973 3.9208040143020884
974 3.9208040143020884
975 2.6810228901873314
976 2.6810228901873314
977 2.6810228901873314
978 2.6810228901873314
979 1.203150175637467
980 1.203150175637467
981 1.203150175637467
982 1.203150175637467
983 1.5928333758000313
984 1.5928333758000313
985 1.5928333758000313
986 1.5928333758000313
987 1.709958667659666
988 1.709958667659666
989 1.709958667659666
990 1.709958667659666
991 2.6101294078439174
992 2.6101294078439174
993 2.6101294078439174
994 2.6101294078439174
995 3.5310467341125915
996 3.5310467341125915
997 3.5310467341125915
998 3.5310467341125915
999 0.5176841334214768
1000 0.5176841334214768
1001 0.5176841334214768
1002 0.5176841334214768
1003 2.8070950634799035
1004 2.8070950634799035
1005 2.8070950634799035
1006 2.8070950634799035
1007 2.385392933500054
1008 2.385392933500054
1009 2.385392933500054
1010 0.7380019976098311
1011 0.7380019976098311
1012 0.7380019976098311
1013 0.7380019976098311
1014 1.545856296954257
1015 1.545856296954257
1016 1.545856296954257
1017 1.545856296954257
1018 1.3126134984376174
1019 1.3126134984376174
1020 1.3126134984376174
1021 1.3126134984376174
1022 0.9995892332400487
1023 6.478540578024443
1024 6.478540578024443
1025 6.478540578024443
1026 6.478540578024443
1027 4.777338844886174
1028 4.777338844886174
1029 4.777338844886174
1030 4.777338844886174
1031 2.6681843372719
1032 2.6681843372719
1033 2.6681843372719
1034 2.296660830080994
1035 2.296660830080994
1036 2.296660830080994
1037 2.55747441683172
1038 2.55747441683172
1039 2.55747441683172
1040 2.55747441683172
1041 2.224282098138922
1042 2.224282098138922
1043 5.503500483919853
1044 5.503500483919853
1045 5.503500483919853
1046 5.503500483919853
1047 4.770967520483864
1048 4.770967520483864
1049 4.770967520483864
1050 4.770967520483864
1051 4.373311906269172
1052 2.9663836971996753
1053 2.9663836971996753
1054 2.9663836971996753
1055 2.9663836971996753
1056 2.521054288288325
1057 2.521054288288325
1058 2.521054288288325
1059 2.521054288288325
1060 1.7328628940172401
1061 1.7328628940172401
1062 1.7328628940172401
1063 1.7328628940172401
1064 2.060103189772164
1065 2.060103189772164
1066 2.060103189772164
1067 2.060103189772164
1068 0.9323113976605064
1069 0.9323113976605064
1070 0.9323113976605064
1071 0.9323113976605064
1072 2.399995065896373
1073 2.399995065896373
1074 2.399995065896373
1075 2.399995065896373
1076 2.1127848497589334
1077 2.907727344813903
1078 2.907727344813903
1079 2.907727344813903
1080 2.907727344813903
1081 2.7382145070123385
1082 2.7382145070123385
1083 2.7382145070123385
1084 2.7382145070123385
1085 0.8076823708167971
1086 0.8076823708167971
1087 0.8076823708167971
1088 0.8076823708167971
1089 3.5489278075967796
1090 3.5489278075967796
1091 3.5489278075967796
1092 3.5489278075967796
1093 4.79329703036325
1094 4.79329703036325
1095 4.79329703036325
1096 4.79329703036325
1097 3.2499605566820886
1098 3.2499605566820886
1099 3.2499605566820886
1100 3.2499605566820886
1101 2.7791884809411944
1102 2.7791884809411944
1103 2.7791884809411944
1104 2.7791884809411944
1105 1.224938583483632
1106 5.410695563958484
1107 5.410695563958484
1108 5.410695563958484
1109 5.410695563958484
1110 2.168434524778213
1111 2.168434524778213
1112 2.168434524778213
1113 2.168434524778213
1114 3.3611333644378503
1115 3.3611333644378503
1116 3.3611333644378503
1117 3.308397031881566
1118 3.308397031881566
1119 3.308397031881566
1120 3.308397031881566
1121 2.654517539524759
1122 2.654517539524759
1123 4.139792682157471
1124 4.139792682157471
1125 4.139792682157471
1126 4.139792682157471
1127 0.784673751159823
1128 0.784673751159823
1129 0.784673751159823
1130 0.784673751159823
1131 4.48387553065291
1132 4.48387553065291
1133 4.48387553065291
1134 4.48387553065291
1135 2.361526478415026
1136 2.361526478415026
1137 2.361526478415026
1138 2.361526478415026
1139 1.8739893328325548
1140 1.8739893328325548
1141 1.8739893328325548
1142 4.5585707942149885
1143 4.5585707942149885
1144 4.5585707942149885
1145 4.5585707942149885
1146 2.991942894395314
1147 2.991942894395314
1148 1.2136511401234922
1149 1.2136511401234922
1150 1.2136511401234922
1151 1.2136511401234922
1152 4.783586812290255
1153 4.783586812290255
1154 6.120741398483139
1155 6.120741398483139
1156 6.120741398483139
1157 6.120741398483139
1158 3.88849543141198
1159 3.88849543141198
1160 3.88849543141198
1161 3.88849543141198
1162 1.5679835637026878
1163 1.5679835637026878
1164 1.5679835637026878
1165 1.5679835637026878
1166 1.545633393238032
1167 1.545633393238032
1168 0.9758621656592105
1169 0.9758621656592105
1170 0.9758621656592105
1171 0.9758621656592105
1172 1.4122070043634618
1173 1.4122070043634618
1174 1.4122070043634618
1175 1.4122070043634618
1176 1.597534130287954
1177 1.597534130287954
1178 1.597534130287954
1179 0.9442822955787697
1180 0.9442822955787697
1181 0.9442822955787697
1182 0.9442822955787697
1183 2.319739668681012
1184 2.319739668681012
1185 2.319739668681012
1186 0.442226959447858
1187 0.442226959447858
1188 0.442226959447858
1189 0.442226959447858
1190 1.7905140940236994
1191 1.7905140940236994
1192 5.6022727321702455
1193 5.6022727321702455
1194 5.6022727321702455
1195 5.6022727321702455
1196 4.8678086806044965
1197 4.8678086806044965
1198 4.8678086806044965
1199 4.8678086806044965
1200 3.3328892495087348
1201 3.3328892495087348
1202 3.3328892495087348
1203 3.3328892495087348
1204 5.087245612720603
1205 5.087245612720603
1206 5.087245612720603
1207 5.087245612720603
1208 2.6909052501706836
1209 2.6909052501706836
1210 2.6909052501706836
1211 2.6909052501706836
1212 2.985334527225491
1213 2.985334527225491
1214 2.985334527225491
1215 2.985334527225491
1216 3.049851874087166
1217 3.049851874087166
1218 3.049851874087166
1219 3.049851874087166
1220 1.1463979391095025
1221 1.1463979391095025
1222 1.1463979391095025
1223 1.1463979391095025
1224 0.7373533743802878
1225 0.7373533743802878
1226 0.7373533743802878
1227 0.7373533743802878
1228 0.2343617808860856
1229 0.2343617808860856
1230 0.2343617808860856
1231 0.2343617808860856
1232 1.307179131434221
1233 1.307179131434221
1234 1.307179131434221
1235 1.307179131434221
1236 1.364372209521379
1237 1.364372209521379
1238 1.9357336321154985
1239 1.9357336321154985
1240 0.1
1241 0.1
1242 0.1
1243 0.1
1244 0.802421489830298
1245 0.802421489830298
1246 0.802421489830298
1247 0.802421489830298
1248 0.7906463909274577
1249 0.7906463909274577
1250 2.7359218226585726
1251 2.7359218226585726
1252 2.7359218226585726
1253 2.7359218226585726
1254 0.489693383807297
1255 0.489693383807297
1256 0.489693383807297
1257 1.9002081006377498
1258 1.9002081006377498
1259 1.531510207763964
1260 1.531510207763964
1261 1.531510207763964
1262 1.531510207763964
1263 1.6510805150931547
1264 2.3834954427530506
1265 2.3834954427530506
1266 2.3834954427530506
1267 2.3834954427530506
1268 0.990423620872749
1269 0.990423620872749
1270 0.990423620872749
1271 0.990423620872749
1272 2.968125704576664
1273 4.068465725876192
1274 4.068465725876192
1275 4.068465725876192
1276 4.068465725876192
1277 4.720083654476725
1278 4.720083654476725
1279 4.720083654476725
1280 4.720083654476725
1281 7.5768795648625
1282 7.5768795648625
1283 7.5768795648625
1284 7.5768795648625
1285 6.323316152013056
1286 6.323316152013056
1287 1.3986876097571241
1288 1.3986876097571241
1289 1.3986876097571241
1290 1.3986876097571241
1291 0.9255773672401568
1292 0.9255773672401568
1293 0.9255773672401568
1294 0.9255773672401568
1295 0.16331827763214646
1296 0.25981438229743103
1297 0.25981438229743103
1298 0.25981438229743103
1299 0.25981438229743103
1300 1.9860787480448372
1301 1.9860787480448372
1302 1.9860787480448372
1303 1.9860787480448372
1304 2.905514549359629
1305 2.905514549359629
1306 2.905514549359629
1307 2.905514549359629
1308 3.2691626555824076
1309 3.2691626555824076
1310 3.2691626555824076
1311 3.2691626555824076
1312 0.660209465005841
1313 0.660209465005841
1314 1.483269074629532
1315 1.483269074629532
1316 1.483269074629532
1317 1.483269074629532
1318 0.8496566109136556
1319 0.8496566109136556
1320 0.8496566109136556
1321 0.8496566109136556
1322 1.2714718260331614
1323 1.2714718260331614
1324 1.2714718260331614
1325 1.2714718260331614
1326 1.3985343263176009
1327 1.3985343263176009
1328 6.815971895187825
1329 6.815971895187825
1330 6.815971895187825
1331 2.538970997420285
1332 2.538970997420285
1333 2.538970997420285
1334 2.538970997420285
1335 1.9394594525695514
1336 1.9394594525695514
1337 1.9394594525695514
1338 1.9394594525695514
1339 1.3867942251668839
1340 1.3867942251668839
1341 1.3867942251668839
1342 1.3867942251668839
1343 0.76904877926536
1344 0.76904877926536
1345 0.76904877926536
1346 0.76904877926536
1347 1.546661182701789
1348 1.546661182701789
1349 4.423728423733703
1350 4.270294961716631
1351 4.270294961716631
1352 4.270294961716631
1353 2.193028274171717
1354 2.193028274171717
1355 2.193028274171717
1356 3.846814511946263
1357 3.846814511946263
1358 3.846814511946263
1359 3.846814511946263
1360 2.3377183830214996
1361 2.3377183830214996
1362 2.3377183830214996
1363 2.7182522067046735
1364 2.7182522067046735
1365 2.7182522067046735
1366 2.334785671865542
1367 2.334785671865542
1368 2.334785671865542
1369 2.334785671865542
1370 1.2634716878557992
1371 1.2634716878557992
1372 1.2634716878557992
1373 3.5615475417901106
1374 3.5615475417901106
1375 3.5615475417901106
1376 3.5615475417901106
1377 3.803698509534721
1378 3.803698509534721
1379 3.803698509534721
1380 3.803698509534721
1381 2.1492627569350837
1382 2.1492627569350837
1383 2.1492627569350837
1384 2.1492627569350837
1385 2.317957453420635
1386 2.317957453420635
1387 2.317957453420635
1388 2.317957453420635
1389 2.777132929429034
1390 2.777132929429034
1391 2.777132929429034
1392 2.777132929429034
1393 1.3976078952078037
1394 1.3976078952078037
1395 1.3976078952078037
1396 1.3976078952078037
1397 0.4252558684999719
1398 0.4252558684999719
1399 0.4252558684999719
1400 0.4252558684999719
1401 5.0284017449319744
1402 5.0284017449319744
1403 5.0284017449319744
1404 5.0284017449319744
1405 3.1407121744026303
1406 3.1407121744026303
1407 3.1407121744026303
1408 3.1407121744026303
1409 1.4060403794079477
1410 1.4060403794079477
1411 1.4060403794079477
1412 1.4060403794079477
1413 2.847847669971198
1414 2.847847669971198
1415 2.847847669971198
1416 2.847847669971198
1417 4.03861379372943
1418 4.03861379372943
1419 4.03861379372943
1420 4.03861379372943
1421 0.4526749620111912
1422 1.4565631827841456
1423 1.4565631827841456
1424 1.4565631827841456
1425 1.4565631827841456
1426 1.465724458834486
1427 1.465724458834486
1428 1.465724458834486
1429 1.465724458834486
1430 3.6374160636726574
1431 3.6374160636726574
1432 3.6374160636726574
1433 3.6374160636726574
1434 0.2901403758300225
1435 0.2901403758300225
1436 0.2901403758300225
1437 0.2901403758300225
1438 1.284512155004459
1439 1.284512155004459
1440 1.284512155004459
1441 1.284512155004459
1442 2.998670097337533
1443 2.998670097337533
1444 2.998670097337533
1445 2.998670097337533
1446 3.111484365885791
1447 3.111484365885791
1448 3.111484365885791
1449 3.111484365885791
1450 2.830072983656575
1451 2.830072983656575
1452 2.830072983656575
1453 2.830072983656575
1454 1.3496282098427113
1455 1.3496282098427113
1456 1.3496282098427113
1457 3.444676993587912
1458 3.444676993587912
1459 3.444676993587912
1460 3.444676993587912
1461 1.245138284232827
1462 1.245138284232827
1463 1.245138284232827
1464 1.724273207583105
1465 2.324497572738509
1466 2.324497572738509
1467 2.324497572738509
1468 2.324497572738509
1469 1.2470469502876125
1470 1.2470469502876125
1471 1.2470469502876125
1472 4.9163936457832085
1473 4.9163936457832085
1474 4.9163936457832085
1475 4.9163936457832085
1476 5.408991415586502
1477 5.408991415586502
1478 5.408991415586502
1479 5.408991415586502
1480 7.054305370429786
1481 7.054305370429786
1482 7.054305370429786
1483 7.054305370429786
1484 3.0957972085879835
1485 3.0957972085879835
1486 3.0957972085879835
1487 3.0957972085879835
1488 4.39157003544064
1489 4.39157003544064
1490 4.39157003544064
1491 4.39157003544064
1492 1.1402619948786343
1493 1.1402619948786343
1494 1.1402619948786343
1495 1.1402619948786343
1496 3.601229486674962
1497 3.601229486674962
1498 3.601229486674962
1499 3.601229486674962
1500 4.435440124487697
1501 4.435440124487697
1502 4.435440124487697
1503 4.435440124487697
1504 2.6078391816803173
1505 2.6078391816803173
1506 2.6078391816803173
1507 2.6078391816803173
1508 1.1366258991349631
1509 1.1366258991349631
1510 1.1366258991349631
1511 6.41368581708336
1512 6.41368581708336
1513 6.41368581708336
1514 6.41368581708336
1515 4.849458669196476
1516 4.849458669196476
1517 3.9010346801084244
1518 3.9010346801084244
1519 3.9010346801084244
1520 1.5090232471382876
1521 1.5090232471382876
1522 1.917177270622045
1523 1.917177270622045
1524 1.917177270622045
1525 1.917177270622045
1526 4.46200029854705
1527 4.46200029854705
1528 4.46200029854705
1529 4.46200029854705
1530 1.6239035076329265
1531 1.6239035076329265
1532 1.6239035076329265
1533 1.6239035076329265
1534 2.8953914078121725
1535 2.8953914078121725
1536 2.8953914078121725
1537 2.8953914078121725
1538 4.601716690281426
1539 4.601716690281426
1540 4.601716690281426
1541 4.601716690281426
1542 2.9394441064470636
1543 2.9394441064470636
1544 2.9394441064470636
1545 2.9394441064470636
1546 5.268134356243593
1547 5.268134356243593
1548 5.268134356243593
1549 5.268134356243593
1550 5.956727405813886
1551 5.956727405813886
1552 5.956727405813886
1553 5.956727405813886
1554 2.711720430768817
1555 2.711720430768817
1556 2.711720430768817
1557 2.711720430768817
1558 5.910613639058409
1559 5.910613639058409
1560 5.910613639058409
1561 5.910613639058409
1562 3.4290989979032886
1563 3.4290989979032886
1564 2.4099606538940055
1565 2.4099606538940055
1566 2.4099606538940055
1567 2.4099606538940055
1568 2.0983543449745206
1569 2.0983543449745206
1570 2.0983543449745206
1571 2.0983543449745206
1572 1.0611351825302786
1573 1.0611351825302786
1574 1.0611351825302786
1575 1.0611351825302786
1576 1.7631917296480948
1577 1.7631917296480948
1578 1.7631917296480948
1579 1.7631917296480948
1580 1.5524251513274223
1581 1.5524251513274223
1582 1.5524251513274223
1583 1.5524251513274223
1584 2.250442940098253
1585 2.250442940098253
1586 2.250442940098253
1587 2.250442940098253
1588 0.2263547297970976
1589 0.2263547297970976
1590 0.2263547297970976
1591 0.2263547297970976
1592 1.5813431835592036
1593 2.9890253847947776
1594 2.9890253847947776
1595 2.9890253847947776
1596 2.9890253847947776
1597 3.2448598546092864
1598 3.2448598546092864
1599 3.2448598546092864
1600 3.2448598546092864
1601 1.8419278947634512
1602 1.8419278947634512
1603 1.8419278947634512
1604 1.8419278947634512
1605 4.605694900212335
1606 4.605694900212335
1607 4.605694900212335
1608 4.605694900212335
1609 3.705812424252596
1610 3.705812424252596
1611 3.705812424252596
1612 3.705812424252596
1613 2.8524516438023517
1614 2.8524516438023517
1615 2.8524516438023517
1616 2.8524516438023517
1617 2.1322846512269003
1618 2.1322846512269003
1619 2.1322846512269003
1620 2.1322846512269003
1621 4.162109675486987
1622 4.162109675486987
1623 4.162109675486987
1624 4.162109675486987
1625 4.034497367427965
1626 4.034497367427965
1627 4.034497367427965
1628 4.034497367427965
1629 4.341002275664593
1630 4.341002275664593
1631 4.341002275664593
1632 4.341002275664593
1633 3.8704302752588378
1634 3.8704302752588378
1635 3.8704302752588378
1636 3.8704302752588378
1637 3.2358547637604995
1638 0.5506944820590881
1639 0.5506944820590881
1640 0.5506944820590881
1641 0.5506944820590881
1642 0.35526972761333975
1643 0.35526972761333975
1644 0.35526972761333975
1645 0.35526972761333975
1646 0.46715318266445005
1647 0.46715318266445005
1648 0.46715318266445005
1649 0.46715318266445005
1650 5.898981934123734
1651 5.898981934123734
1652 5.898981934123734
1653 5.898981934123734
1654 2.3787714193971747
1655 2.3787714193971747
1656 2.3787714193971747
1657 2.3787714193971747
1658 4.208256425164643
1659 4.208256425164643
1660 4.208256425164643
1661 4.208256425164643
1662 3.994416890097132
1663 3.994416890097132
1664 3.994416890097132
1665 0.8740840420658924
1666 0.8740840420658924
1667 0.8740840420658924
1668 0.8740840420658924
1669 4.939667053417072
1670 4.939667053417072
1671 4.939667053417072
1672 4.939667053417072
1673 3.1541214184144506
1674 3.1541214184144506
1675 3.1541214184144506
1676 3.1541214184144506
1677 2.9194200660098666
1678 2.9194200660098666
1679 2.9194200660098666
1680 2.9194200660098666
1681 3.6513819723970156
1682 3.6513819723970156
1683 3.6513819723970156
1684 3.6513819723970156
1685 3.981297907865584
1686 3.981297907865584
1687 3.981297907865584
1688 3.981297907865584
1689 4.8785261069100185
1690 4.8785261069100185
1691 4.8785261069100185
1692 4.8785261069100185
1693 3.168555425204896
1694 1.1560222491294765
1695 1.1560222491294765
1696 3.7084792389651895
1697 3.7084792389651895
1698 3.7084792389651895
1699 3.7084792389651895
1700 5.310357326096721
1701 5.310357326096721
1702 5.310357326096721
1703 5.310357326096721
1704 3.8401102630522037
1705 3.8401102630522037
1706 3.8401102630522037
1707 3.8401102630522037
1708 2.7800809208072685
1709 2.7800809208072685
1710 2.7800809208072685
1711 2.7800809208072685
1712 5.689844265458498
1713 5.689844265458498
1714 5.689844265458498
1715 5.689844265458498
1716 1.8282166590243807
1717 1.8282166590243807
1718 1.8282166590243807
1719 1.8282166590243807
1720 2.9331857497120026
1721 2.9331857497120026
1722 2.9331857497120026
1723 2.9331857497120026
1724 1.8480259248305122
1725 1.8480259248305122
1726 1.8480259248305122
1727 1.8480259248305122
1728 1.0237590255727098
1729 1.0237590255727098
1730 1.0237590255727098
1731 1.0237590255727098
1732 2.6894403335182733
1733 1.8541668595603822
1734 1.8541668595603822
1735 1.8541668595603822
1736 1.8541668595603822
1737 2.4836504905056227
1738 2.4836504905056227
1739 2.4836504905056227
1740 2.4836504905056227
1741 3.596795310518133
1742 3.596795310518133
1743 3.596795310518133
1744 3.596795310518133
1745 3.480920276544075
1746 3.480920276544075
1747 3.480920276544075
1748 3.480920276544075
1749 1.6774202386828336
1750 1.6774202386828336
1751 1.6774202386828336
1752 1.6774202386828336
1753 6.467400512276127
1754 6.467400512276127
1755 6.467400512276127
1756 6.467400512276127
1757 1.6813100490107438
1758 1.6813100490107438
1759 1.6813100490107438
1760 1.6813100490107438
1761 4.71546061130071
1762 4.71546061130071
1763 4.71546061130071
1764 4.71546061130071
1765 4.156164325598624
1766 4.156164325598624
1767 1.3421094758182437
1768 1.3421094758182437
1769 1.3421094758182437
1770 1.3421094758182437
1771 1.8086017162485102
1772 1.8086017162485102
1773 1.8086017162485102
1774 1.8086017162485102
1775 0.9604133090044552
1776 4.391008748287298
1777 4.391008748287298
1778 4.391008748287298
1779 4.391008748287298
1780 5.541933268824972
1781 0.1
1782 0.1
1783 0.1
1784 0.1
1785 0.48900343422205683
1786 0.48900343422205683
1787 0.48900343422205683
1788 0.48900343422205683
1789 3.2718957403848323
1790 3.2718957403848323
1791 3.2718957403848323
1792 3.2718957403848323
1793 0.7208384994788024
1794 0.7208384994788024
1795 0.7208384994788024
1796 0.7208384994788024
1797 2.135451762996354
1798 2.135451762996354
1799 1.1995115731436785
1800 1.1995115731436785
1801 1.1995115731436785
1802 1.1995115731436785
1803 2.083566692679923
1804 2.083566692679923
1805 3.175242923857524
1806 3.175242923857524
1807 3.175242923857524
1808 3.175242923857524
1809 2.872277383647438
1810 2.872277383647438
1811 2.872277383647438
1812 2.872277383647438
1813 1.6542165063664962
1814 1.6542165063664962
1815 1.6542165063664962
1816 1.6542165063664962
1817 1.3568109669541564
1818 1.3568109669541564
1819 1.3568109669541564
1820 1.3568109669541564
1821 1.425626938409251
1822 1.425626938409251
1823 1.425626938409251
1824 0.7945212205506507
1825 0.7945212205506507
1826 0.7945212205506507
1827 0.7945212205506507
1828 0.7916868354917385
1829 0.7916868354917385
1830 0.7916868354917385
1831 0.7916868354917385
1832 0.33269646799150443
1833 0.33269646799150443
1834 0.33269646799150443
1835 0.33269646799150443
1836 2.242142047144303
1837 2.242142047144303
1838 2.242142047144303
1839 2.242142047144303
1840 1.1524345064032162
1841 1.1386959404686492
1842 1.1386959404686492
1843 1.1386959404686492
1844 5.701312060642802
1845 5.701312060642802
1846 3.4656189482325495
1847 3.4656189482325495
1848 3.4656189482325495
1849 3.4656189482325495
1850 1.893615093575339
1851 1.893615093575339
1852 1.893615093575339
1853 1.893615093575339
1854 1.0112619137609462
1855 1.0112619137609462
1856 1.0112619137609462
1857 1.0112619137609462
1858 2.6497080283385968
1859 2.6497080283385968
1860 2.6497080283385968
1861 2.6497080283385968
1862 2.6365481163792115
1863 3.053207411498085
1864 2.4117033749331025
1865 2.4117033749331025
1866 2.4117033749331025
1867 2.4117033749331025
1868 2.7829686100504776
1869 2.7829686100504776
1870 2.7829686100504776
1871 2.7829686100504776
1872 2.901139248012099
1873 2.901139248012099
1874 2.901139248012099
1875 2.901139248012099
1876 1.4022842439794432
1877 1.4022842439794432
1878 1.4022842439794432
1879 1.4022842439794432
1880 2.204579648614456
1881 2.204579648614456
1882 2.204579648614456
1883 2.204579648614456
1884 1.0308805274934747
1885 1.0308805274934747
1886 1.0308805274934747
1887 1.0308805274934747
1888 3.986799821048171
1889 3.986799821048171
1890 3.986799821048171
1891 3.986799821048171
1892 2.1669780533863956
1893 2.1669780533863956
1894 2.1669780533863956
1895 4.308016463907071
1896 4.308016463907071
1897 0.41654957886840605
1898 0.41654957886840605
1899 0.41654957886840605
1900 0.41654957886840605
1901 1.1676125859683555
1902 1.1676125859683555
1903 1.1676125859683555
1904 1.1676125859683555
1905 3.145168229924622
1906 3.145168229924622
1907 3.145168229924622
1908 3.145168229924622
1909 2.5373915119501365
1910 2.5373915119501365
1911 2.5373915119501365
1912 2.5373915119501365
1913 1.13521808028767
1914 1.13521808028767
1915 1.1162710041140924
1916 1.1162710041140924
1917 1.1162710041140924
1918 1.1162710041140924
1919 5.142828182510078
1920 3.8265223415385883
1921 3.8265223415385883
1922 3.8265223415385883
1923 3.8265223415385883
1924 4.900922071894534
1925 4.900922071894534
1926 4.900922071894534
1927 4.900922071894534
1928 1.87277190070051
1929 1.87277190070051
1930 1.87277190070051
1931 1.87277190070051
1932 1.9707535094066895
1933 1.9707535094066895
1934 1.9707535094066895
1935 1.9707535094066895
1936 3.1643343130632355
1937 3.1643343130632355
1938 3.1643343130632355
1939 3.1643343130632355
1940 4.443050818457393
1941 4.443050818457393
1942 4.443050818457393
1943 4.443050818457393
1944 1.5551537124680206
1945 1.5551537124680206
1946 1.5551537124680206
1947 1.5551537124680206
1948 4.874745392524227
1949 4.874745392524227
1950 4.874745392524227
1951 4.874745392524227
1952 2.7322074895864787
1953 2.7322074895864787
1954 2.7322074895864787
1955 2.7322074895864787
1956 3.55027990457104
1957 3.55027990457104
1958 3.55027990457104
1959 3.55027990457104
1960 0.565511201575194
1961 0.565511201575194
1962 0.565511201575194
1963 0.565511201575194
1964 2.841296688538681
1965 2.841296688538681
1966 2.841296688538681
1967 2.841296688538681
1968 1.2633007862215335
1969 1.2633007862215335
1970 1.2633007862215335
1971 2.8320855996146386
1972 0.4072883926121265
1973 0.4072883926121265
1974 0.4072883926121265
1975 0.4072883926121265
1976 0.3247679661823784
1977 0.3247679661823784
1978 0.3247679661823784
1979 0.3247679661823784
1980 1.3480756285829734
1981 1.3480756285829734
1982 2.7232229272615402
1983 2.7232229272615402
1984 2.7232229272615402
1985 2.7232229272615402
1986 1.0880413435194356
1987 1.0880413435194356
1988 1.0880413435194356
1989 1.0880413435194356
1990 4.043900740841967
1991 4.043900740841967
1992 4.043900740841967
1993 4.043900740841967
1994 3.759228334002583
1995 3.759228334002583
1996 3.759228334002583
1997 3.759228334002583
1998 3.1079447503629702
1999 3.1079447503629702
