0 1.8188405980948736
1 1.8188405980948736
2 1.8188405980948736
3 1.8188405980948736
4 1.8188405980948736
5 1.7807807364872086
6 1.7807807364872086
7 1.7807807364872086
8 1.7807807364872086
9 1.7807807364872086
10 2.1301646625792547
11 2.1301646625792547
12 2.1301646625792547
13 2.1301646625792547
14 2.1301646625792547
15 1.7731282362546485
16 1.7731282362546485
17 1.7731282362546485
18 1.7731282362546485
19 1.7731282362546485
20 2.012720029356361
21 2.012720029356361
22 2.012720029356361
23 2.012720029356361
24 2.012720029356361
25 1.6022987042552517
26 1.6022987042552517
27 1.6022987042552517
28 1.6022987042552517
29 1.6022987042552517
30 2.1490221902249615
31 2.1490221902249615
32 2.1490221902249615
33 2.1490221902249615
34 2.1490221902249615
35 1.9805877905214113
36 1.9805877905214113
37 1.9805877905214113
38 1.9805877905214113
39 1.9805877905214113
40 2.384395216028801
41 2.384395216028801
42 2.384395216028801
43 2.384395216028801
44 2.384395216028801
45 1.6970336044995566
46 1.6970336044995566
47 1.6970336044995566
48 1.6970336044995566
49 1.6970336044995566
50 2.1190474941519013
51 2.1190474941519013
52 2.1190474941519013
53 2.1190474941519013
54 2.1190474941519013
55 2.181061731082944
56 2.181061731082944
57 2.181061731082944
58 2.181061731082944
59 2.181061731082944
60 1.7525738003074345
61 1.7525738003074345
62 1.7525738003074345
63 1.7525738003074345
64 1.7525738003074345
65 1.9048426379879102
66 1.9048426379879102
67 1.9048426379879102
68 1.9048426379879102
69 1.9048426379879102
70 1.7595722591743208
71 1.7595722591743208
72 1.7595722591743208
73 1.7595722591743208
74 1.7595722591743208
75 2.1337756266466155
76 2.1337756266466155
77 2.1337756266466155
78 2.1337756266466155
79 2.1337756266466155
80 1.8735636840636873
81 1.8735636840636873
82 1.8735636840636873
83 1.8735636840636873
84 1.8735636840636873
85 2.1511482242355013
86 2.1511482242355013
87 2.1511482242355013
88 2.1511482242355013
89 2.1511482242355013
90 1.9810982781867748
91 1.9810982781867748
92 1.9810982781867748
93 1.9810982781867748
94 1.9810982781867748
95 1.6641745623348259
96 1.6641745623348259
97 1.6641745623348259
98 1.6641745623348259
99 1.6641745623348259
100 2.031679214025453
101 2.031679214025453
102 2.031679214025453
103 2.031679214025453
104 2.031679214025453
105 2.2502075498090663
106 2.2502075498090663
107 2.2502075498090663
108 2.2502075498090663
109 2.2502075498090663
110 2.126853853678007
111 2.126853853678007
112 2.126853853678007
113 2.126853853678007
114 2.126853853678007
115 2.305836516731376
116 1.071297354757977
117 1.071297354757977
118 1.071297354757977
119 1.071297354757977
120 1.071297354757977
121 1.0760814754038333
122 1.0760814754038333
123 1.0760814754038333
124 1.0760814754038333
125 1.0760814754038333
126 1.150293335646346
127 1.150293335646346
128 1.150293335646346
129 1.150293335646346
130 1.150293335646346
131 0.9690156357442907
132 0.9690156357442907
133 0.9690156357442907
134 0.9690156357442907
135 0.9690156357442907
136 0.9789791059186597
137 0.9789791059186597
138 0.9789791059186597
139 0.9789791059186597
140 0.9789791059186597
141 1.0494139463963554
142 1.0494139463963554
143 1.0494139463963554
144 1.0494139463963554
145 1.0494139463963554
146 0.9077092096825019
147 0.9077092096825019
148 0.9077092096825019
149 0.9077092096825019
150 0.9077092096825019
151 1.128778030951407
152 1.128778030951407
153 1.128778030951407
154 1.128778030951407
155 1.128778030951407
156 0.9477560542986534
157 0.9477560542986534
158 0.9477560542986534
159 0.9477560542986534
160 0.9477560542986534
161 0.8401303396766153
162 0.8401303396766153
163 0.8401303396766153
164 0.8401303396766153
165 0.8401303396766153
166 1.0898111442010738
167 1.0898111442010738
168 1.0898111442010738
169 1.0898111442010738
170 1.0898111442010738
171 1.2959395768879278
172 1.2959395768879278
173 1.2959395768879278
174 1.2959395768879278
175 1.2959395768879278
176 1.1225872891393849
177 1.1225872891393849
178 1.1225872891393849
179 1.1225872891393849
180 1.1225872891393849
181 1.0592357706818174
182 1.0592357706818174
183 1.0592357706818174
184 1.0592357706818174
185 1.0592357706818174
186 1.025632280847662
187 1.025632280847662
188 1.025632280847662
189 1.025632280847662
190 1.025632280847662
191 1.168601535334301
192 1.168601535334301
193 1.168601535334301
194 1.168601535334301
195 1.168601535334301
196 1.2875469435964628
197 1.2875469435964628
198 1.2875469435964628
199 1.2875469435964628
200 1.2875469435964628
201 1.0409807834136628
202 1.0409807834136628
203 1.0409807834136628
204 1.0409807834136628
205 1.0409807834136628
206 1.1699597083954056
207 1.1699597083954056
208 1.1699597083954056
209 1.1699597083954056
210 1.1699597083954056
211 1.0265023289596469
212 1.0265023289596469
213 1.0265023289596469
214 1.0265023289596469
215 1.0265023289596469
216 1.0087447293606004
217 1.0087447293606004
218 1.0087447293606004
219 1.0087447293606004
220 1.0087447293606004
221 1.0938274062319224
222 1.0938274062319224
223 1.0938274062319224
224 1.0938274062319224
225 1.0938274062319224
226 0.9065856975930773
227 0.9065856975930773
228 0.9065856975930773
229 0.9065856975930773
230 0.9065856975930773
231 1.0820282105044237
232 1.0820282105044237
233 1.0820282105044237
234 1.0820282105044237
235 1.0820282105044237
236 1.2320146945311163
237 1.2320146945311163
238 1.2320146945311163
239 1.2320146945311163
240 1.2320146945311163
241 1.3270064763993912
242 1.3270064763993912
243 1.3270064763993912
244 1.3270064763993912
245 1.3270064763993912
246 1.2833720737328644
247 1.2833720737328644
248 1.2833720737328644
249 1.2833720737328644
250 1.2833720737328644
251 0.9961084828990748
252 0.9961084828990748
253 0.9961084828990748
254 0.9961084828990748
255 0.9961084828990748
256 1.1613012318242593
257 1.1613012318242593
258 1.1613012318242593
259 1.1613012318242593
260 1.1613012318242593
261 0.9723056574814534
262 0.9723056574814534
263 0.9723056574814534
264 0.9723056574814534
265 0.9723056574814534
266 1.1162805749219662
267 1.1162805749219662
268 1.1162805749219662
269 1.1162805749219662
270 1.1162805749219662
271 1.1274485281270115
272 1.1274485281270115
273 1.1274485281270115
274 1.1274485281270115
275 1.1274485281270115
276 1.317878011536992
277 1.317878011536992
278 1.317878011536992
279 1.317878011536992
280 1.317878011536992
281 1.038588440683223
282 1.038588440683223
283 1.038588440683223
284 1.038588440683223
285 1.038588440683223
286 1.014200910327032
287 1.014200910327032
288 1.014200910327032
289 1.014200910327032
290 1.014200910327032
291 1.0113250364485415
292 1.0113250364485415
293 1.0113250364485415
294 1.0113250364485415
295 1.0113250364485415
296 0.9842875715029009
297 0.9842875715029009
298 0.9842875715029009
299 0.9842875715029009
300 0.9842875715029009
301 1.2076809706716327
302 1.2076809706716327
303 1.2076809706716327
304 1.2076809706716327
305 1.2076809706716327
306 1.034725562034817
307 1.034725562034817
308 1.034725562034817
309 1.034725562034817
310 1.034725562034817
311 1.1015565324133327
312 1.1015565324133327
313 1.1015565324133327
314 1.1015565324133327
315 1.1015565324133327
316 1.2854299574187982
317 1.2854299574187982
318 1.2854299574187982
319 1.2854299574187982
320 1.2854299574187982
321 1.1111314697844301
322 1.1111314697844301
323 1.1111314697844301
324 1.1111314697844301
325 1.1111314697844301
326 0.9992766067775453
327 0.9992766067775453
328 0.9992766067775453
329 0.9992766067775453
330 0.9992766067775453
331 1.1261360390323465
332 1.1261360390323465
333 1.1261360390323465
334 1.1261360390323465
335 1.1261360390323465
336 1.1809330602549921
337 1.1809330602549921
338 1.1809330602549921
339 1.1809330602549921
340 1.1809330602549921
341 1.1091848481338102
342 2.1797219644787966
343 2.1797219644787966
344 2.1797219644787966
345 2.1797219644787966
346 2.1797219644787966
347 1.8687131271178068
348 1.8687131271178068
349 1.8687131271178068
350 1.8687131271178068
351 1.8687131271178068
352 2.062276632749699
353 2.062276632749699
354 2.062276632749699
355 2.062276632749699
356 2.062276632749699
357 2.0327216411676514
358 2.0327216411676514
359 2.0327216411676514
360 2.0327216411676514
361 2.0327216411676514
362 1.8506723317808749
363 1.8506723317808749
364 1.8506723317808749
365 1.8506723317808749
366 1.8506723317808749
367 2.134594608299891
368 2.134594608299891
369 2.134594608299891
370 2.134594608299891
371 2.134594608299891
372 2.1585393408759064
373 2.1585393408759064
374 2.1585393408759064
375 2.1585393408759064
376 2.1585393408759064
377 2.0198714495732393
378 2.0198714495732393
379 2.0198714495732393
380 2.0198714495732393
381 2.0198714495732393
382 1.9914877412555392
383 1.9914877412555392
384 1.9914877412555392
385 1.9914877412555392
386 1.9914877412555392
387 2.0457553624165308
388 2.0457553624165308
389 2.0457553624165308
390 2.0457553624165308
391 2.0457553624165308
392 1.9617086119456548
393 1.9617086119456548
394 1.9617086119456548
395 1.9617086119456548
396 1.9617086119456548
397 2.2489274324579434
398 2.2489274324579434
399 0.7070286477348258
400 0.7070286477348258
401 0.7070286477348258
402 0.7070286477348258
403 0.7070286477348258
404 0.6603057512455707
405 0.6603057512455707
406 0.6603057512455707
407 0.6603057512455707
408 0.6603057512455707
409 0.7034347125645469
410 0.7034347125645469
411 0.7034347125645469
412 0.7034347125645469
413 0.7034347125645469
414 0.5572763601955961
415 0.5572763601955961
416 0.5572763601955961
417 0.5572763601955961
418 0.5572763601955961
419 0.6810374784423134
420 0.6810374784423134
421 0.6810374784423134
422 0.6810374784423134
423 0.6810374784423134
424 0.6605048699854483
425 0.6605048699854483
426 0.6605048699854483
427 0.6605048699854483
428 0.6605048699854483
429 0.7335338787351625
430 0.7335338787351625
431 0.7335338787351625
432 0.7335338787351625
433 0.7335338787351625
434 0.6453731171262439
435 0.6453731171262439
436 0.6453731171262439
437 0.6453731171262439
438 0.6453731171262439
439 0.6271941648244858
440 0.6271941648244858
441 0.6271941648244858
442 0.6271941648244858
443 0.6271941648244858
444 0.660510982776286
445 0.660510982776286
446 0.660510982776286
447 0.660510982776286
448 0.660510982776286
449 0.6437887662244371
450 0.6437887662244371
451 0.6437887662244371
452 0.6437887662244371
453 0.6437887662244371
454 0.5710901592815317
455 0.5710901592815317
456 0.5710901592815317
457 0.5710901592815317
458 0.5710901592815317
459 0.7678987521568487
460 2.237478865526206
461 2.237478865526206
462 2.237478865526206
463 2.237478865526206
464 2.237478865526206
465 2.15576002217725
466 2.15576002217725
467 2.15576002217725
468 2.15576002217725
469 2.15576002217725
470 3.055765324307023
471 3.055765324307023
472 3.055765324307023
473 3.055765324307023
474 3.055765324307023
475 2.6764674241462165
476 2.6764674241462165
477 2.6764674241462165
478 2.6764674241462165
479 2.6764674241462165
480 2.1525290270063473
481 2.1525290270063473
482 2.1525290270063473
483 2.1525290270063473
484 2.1525290270063473
485 2.78217430778313
486 2.78217430778313
487 2.78217430778313
488 2.78217430778313
489 2.78217430778313
490 2.1600643901528986
491 2.1600643901528986
492 2.1600643901528986
493 2.1600643901528986
494 2.1600643901528986
495 2.4590397101737405
496 2.4590397101737405
497 2.4590397101737405
498 2.4590397101737405
499 0.6139994841814744
500 0.6139994841814744
501 0.6139994841814744
502 0.6139994841814744
503 0.6139994841814744
504 0.7286460395653177
505 0.7286460395653177
506 0.7286460395653177
507 0.7286460395653177
508 0.7286460395653177
509 0.7121446619930908
510 0.7121446619930908
511 0.7121446619930908
512 0.7121446619930908
513 0.7121446619930908
514 0.7019313826640486
515 0.7019313826640486
516 0.7019313826640486
517 0.7019313826640486
518 0.7019313826640486
519 0.699299662000977
520 0.699299662000977
521 0.699299662000977
522 0.699299662000977
523 0.699299662000977
524 0.6408106284627564
525 0.6408106284627564
526 0.6408106284627564
527 0.6408106284627564
528 0.6408106284627564
529 0.5835142968523148
530 0.5835142968523148
531 0.5835142968523148
532 0.5835142968523148
533 0.5835142968523148
534 0.6292007138503868
535 0.6292007138503868
536 0.6292007138503868
537 0.6292007138503868
538 0.6292007138503868
539 0.5703005023307273
540 0.5703005023307273
541 0.5703005023307273
542 0.5703005023307273
543 0.5703005023307273
544 0.7606962551933572
545 0.7606962551933572
546 0.7606962551933572
547 0.7606962551933572
548 0.7606962551933572
549 0.5774612222056037
550 0.5774612222056037
551 0.5774612222056037
552 0.5774612222056037
553 0.5774612222056037
554 0.6940271562828013
555 0.6940271562828013
556 0.6940271562828013
557 0.6940271562828013
558 0.6940271562828013
559 0.5395869413087562
560 0.5395869413087562
561 0.5395869413087562
562 0.5395869413087562
563 0.5395869413087562
564 0.6341319559087568
565 0.6341319559087568
566 0.6341319559087568
567 0.6341319559087568
568 0.6341319559087568
569 0.6935496503539099
570 0.6935496503539099
571 0.6935496503539099
572 0.6935496503539099
573 0.6935496503539099
574 0.5571902595466198
575 0.5571902595466198
576 0.5571902595466198
577 0.5571902595466198
578 0.5571902595466198
579 0.5766039871945544
580 0.5766039871945544
581 0.5766039871945544
582 0.5766039871945544
583 0.5766039871945544
584 0.7056834016406188
585 0.7056834016406188
586 0.7056834016406188
587 0.7056834016406188
588 0.7056834016406188
589 0.6754799523420231
590 0.6754799523420231
591 0.6754799523420231
592 0.6754799523420231
593 0.6754799523420231
594 0.7378977570775619
595 1.6268739607424154
596 1.6268739607424154
597 1.6268739607424154
598 1.6268739607424154
599 1.6268739607424154
600 1.9388967529256496
601 1.9388967529256496
602 1.9388967529256496
603 1.9388967529256496
604 1.9388967529256496
605 2.0465478271300523
606 2.0465478271300523
607 2.0465478271300523
608 2.0465478271300523
609 2.0465478271300523
610 2.3373596157008594
611 2.3373596157008594
612 2.3373596157008594
613 2.3373596157008594
614 2.3373596157008594
615 1.9955588427178295
616 1.9955588427178295
617 1.9955588427178295
618 1.9955588427178295
619 1.9955588427178295
620 1.9207213451394216
621 1.9207213451394216
622 1.9207213451394216
623 1.9207213451394216
624 1.9207213451394216
625 2.387257089637376
626 2.387257089637376
627 2.387257089637376
628 2.387257089637376
629 2.387257089637376
630 1.7650283223628116
631 1.7650283223628116
632 1.7650283223628116
633 1.7650283223628116
634 1.7650283223628116
635 2.193672137266578
636 2.193672137266578
637 2.193672137266578
638 2.193672137266578
639 2.193672137266578
640 2.342295707582286
641 2.342295707582286
642 2.342295707582286
643 2.342295707582286
644 2.342295707582286
645 1.962069916593691
646 1.962069916593691
647 1.962069916593691
648 1.962069916593691
649 1.962069916593691
650 1.7188873220892225
651 1.7188873220892225
652 1.7188873220892225
653 1.7188873220892225
654 1.7188873220892225
655 2.2505774485236425
656 2.2505774485236425
657 2.2505774485236425
658 2.2505774485236425
659 2.2505774485236425
660 1.924216485156445
661 1.924216485156445
662 1.924216485156445
663 1.924216485156445
664 1.924216485156445
665 2.2541712673601926
666 2.2541712673601926
667 2.2541712673601926
668 2.2541712673601926
669 2.2541712673601926
670 1.9527493590122051
671 1.9527493590122051
672 1.9527493590122051
673 1.9527493590122051
674 1.9527493590122051
675 1.8181867454405332
676 1.8181867454405332
677 1.8181867454405332
678 1.8181867454405332
679 1.8181867454405332
680 2.039230811430321
681 2.039230811430321
682 2.039230811430321
683 2.039230811430321
684 2.039230811430321
685 2.1732530480488865
686 2.1732530480488865
687 2.1732530480488865
688 2.1732530480488865
689 1.6307826465501818
690 1.6307826465501818
691 1.6307826465501818
692 1.6307826465501818
693 1.6307826465501818
694 1.5544341573254588
695 1.5544341573254588
696 1.5544341573254588
697 1.5544341573254588
698 1.5544341573254588
699 1.355101445064734
700 1.355101445064734
701 1.355101445064734
702 1.355101445064734
703 1.355101445064734
704 1.4659571910655784
705 1.4659571910655784
706 1.4659571910655784
707 1.4659571910655784
708 1.4659571910655784
709 1.5609703582375274
710 1.5609703582375274
711 1.5609703582375274
712 1.5609703582375274
713 1.5609703582375274
714 1.4629637603785244
715 1.4629637603785244
716 1.4629637603785244
717 1.4629637603785244
718 1.4629637603785244
719 1.7675609750621086
720 1.7675609750621086
721 1.7675609750621086
722 1.7675609750621086
723 1.7675609750621086
724 1.4814668456677387
725 1.4814668456677387
726 1.4814668456677387
727 1.4814668456677387
728 1.4814668456677387
729 1.4231281901351203
730 1.4231281901351203
731 1.4231281901351203
732 1.4231281901351203
733 1.4231281901351203
734 1.5954059824791638
735 3.3717773159183873
736 3.3717773159183873
737 3.3717773159183873
738 3.3717773159183873
739 3.3717773159183873
740 3.655638406772786
741 3.655638406772786
742 3.655638406772786
743 3.655638406772786
744 3.655638406772786
745 3.288627822434561
746 3.288627822434561
747 3.288627822434561
748 3.288627822434561
749 3.288627822434561
750 3.4367096467066123
751 3.4367096467066123
752 3.4367096467066123
753 3.4367096467066123
754 3.4367096467066123
755 3.723626326187196
756 3.723626326187196
757 3.723626326187196
758 3.723626326187196
759 3.723626326187196
760 3.646822530426514
761 3.646822530426514
762 3.646822530426514
763 3.646822530426514
764 3.646822530426514
765 3.0542575954415185
766 3.0542575954415185
767 3.0542575954415185
768 2.901152834213909
769 2.901152834213909
770 2.901152834213909
771 2.901152834213909
772 2.901152834213909
773 2.9608321332349807
774 2.9608321332349807
775 2.9608321332349807
776 2.9608321332349807
777 2.9608321332349807
778 2.434912701996828
779 2.434912701996828
780 2.434912701996828
781 2.434912701996828
782 2.434912701996828
783 2.876365801967412
784 2.876365801967412
785 2.876365801967412
786 2.876365801967412
787 2.876365801967412
788 2.5019719966197056
789 2.5019719966197056
790 2.5019719966197056
791 2.5019719966197056
792 2.5019719966197056
793 2.570458301876391
794 2.570458301876391
795 2.570458301876391
796 2.570458301876391
797 2.570458301876391
798 2.519963001732151
799 2.519963001732151
800 2.519963001732151
801 2.519963001732151
802 2.519963001732151
803 2.2320935067508003
804 2.2320935067508003
805 2.2320935067508003
806 2.2320935067508003
807 2.2320935067508003
808 2.593554694489769
809 2.593554694489769
810 2.593554694489769
811 2.593554694489769
812 2.593554694489769
813 2.6673181363081295
814 2.6673181363081295
815 2.6673181363081295
816 2.6673181363081295
817 2.6673181363081295
818 2.6642230538061136
819 2.6642230538061136
820 2.6642230538061136
821 2.6642230538061136
822 2.6642230538061136
823 2.1710124828668143
824 2.1710124828668143
825 2.1710124828668143
826 2.1710124828668143
827 2.1710124828668143
828 2.3326926148542055
829 2.3326926148542055
830 2.3326926148542055
831 2.3326926148542055
832 2.3326926148542055
833 2.5071061866457804
834 2.5071061866457804
835 2.5071061866457804
836 2.5071061866457804
837 2.5071061866457804
838 2.106442266772273
839 2.106442266772273
840 2.106442266772273
841 2.106442266772273
842 2.106442266772273
843 2.868194483563681
844 2.868194483563681
845 2.868194483563681
846 2.868194483563681
847 2.868194483563681
848 2.3102915096296175
849 2.3102915096296175
850 2.3102915096296175
851 2.3102915096296175
852 2.3102915096296175
853 2.3457055398855893
854 2.3457055398855893
855 2.3457055398855893
856 2.3457055398855893
857 2.3457055398855893
858 2.478477530935684
859 2.478477530935684
860 2.478477530935684
861 2.478477530935684
862 2.478477530935684
863 2.592142099674068
864 2.592142099674068
865 2.592142099674068
866 2.592142099674068
867 2.592142099674068
868 2.6320103583484205
869 2.6320103583484205
870 2.6320103583484205
871 2.6320103583484205
872 2.6320103583484205
873 2.4448632686506344
874 2.4448632686506344
875 2.4448632686506344
876 2.4448632686506344
877 2.4448632686506344
878 2.5243102902374606
879 2.5243102902374606
880 2.5243102902374606
881 2.5243102902374606
882 2.5243102902374606
883 2.6475441901395533
884 2.6475441901395533
885 2.6475441901395533
886 2.6475441901395533
887 2.6475441901395533
888 2.7138363579536975
889 2.7138363579536975
890 2.7138363579536975
891 2.7138363579536975
892 2.7138363579536975
893 2.0898893071011866
894 2.0898893071011866
895 2.0898893071011866
896 2.0898893071011866
897 4.62769729174335
898 4.62769729174335
899 4.62769729174335
900 4.62769729174335
901 4.62769729174335
902 4.65925049162939
903 4.65925049162939
904 4.65925049162939
905 4.65925049162939
906 4.65925049162939
907 4.789656137910611
908 4.789656137910611
909 4.789656137910611
910 4.789656137910611
911 4.789656137910611
912 4.0598850310863375
913 4.0598850310863375
914 4.0598850310863375
915 4.0598850310863375
916 4.0598850310863375
917 3.892015007173264
918 3.892015007173264
919 3.892015007173264
920 3.892015007173264
921 3.892015007173264
922 4.084358572788556
923 4.084358572788556
924 4.084358572788556
925 4.084358572788556
926 4.084358572788556
927 4.179981811159339
928 4.179981811159339
929 4.179981811159339
930 4.179981811159339
931 4.179981811159339
932 4.604742654379054
933 4.604742654379054
934 4.604742654379054
935 4.604742654379054
936 4.604742654379054
937 3.669690117501866
938 3.669690117501866
939 3.669690117501866
940 3.669690117501866
941 3.669690117501866
942 4.305141987262069
943 4.305141987262069
944 4.305141987262069
945 4.305141987262069
946 4.305141987262069
947 4.3350014459327
948 4.3350014459327
949 4.3350014459327
950 4.3350014459327
951 4.3350014459327
952 4.209074156706549
953 4.209074156706549
954 4.209074156706549
955 4.209074156706549
956 4.209074156706549
957 4.682110224397754
958 4.682110224397754
959 4.682110224397754
960 4.682110224397754
961 4.682110224397754
962 3.7208397896962255
963 3.7208397896962255
964 3.7208397896962255
965 3.7208397896962255
966 3.7208397896962255
967 4.104250189949623
968 4.104250189949623
969 4.104250189949623
970 4.104250189949623
971 4.104250189949623
972 4.393004760340132
973 4.393004760340132
974 4.393004760340132
975 4.393004760340132
976 4.393004760340132
977 4.320833322135476
978 4.320833322135476
979 4.320833322135476
980 4.320833322135476
981 4.320833322135476
982 3.8266784390629134
983 3.8266784390629134
984 3.8266784390629134
985 3.8266784390629134
986 3.8266784390629134
987 4.709527144057411
988 4.709527144057411
989 4.709527144057411
990 4.709527144057411
991 4.709527144057411
992 5.028554374880116
993 5.028554374880116
994 5.028554374880116
995 5.028554374880116
996 5.028554374880116
997 4.4745255103432475
998 4.4745255103432475
999 4.4745255103432475
1000 4.4745255103432475
1001 4.4745255103432475
1002 3.8012524357972888
1003 3.8012524357972888
1004 3.8012524357972888
1005 3.8012524357972888
1006 3.8012524357972888
1007 4.957394009683838
1008 4.957394009683838
1009 4.957394009683838
1010 4.957394009683838
1011 4.957394009683838
1012 4.581409475309086
1013 4.581409475309086
1014 4.581409475309086
1015 4.581409475309086
1016 4.581409475309086
1017 4.345130793675389
1018 4.345130793675389
1019 4.345130793675389
1020 4.345130793675389
1021 4.345130793675389
1022 4.072946947030906
1023 4.072946947030906
1024 4.072946947030906
1025 4.072946947030906
1026 4.072946947030906
1027 4.34680804860672
1028 4.34680804860672
1029 4.34680804860672
1030 4.34680804860672
1031 4.34680804860672
1032 4.381267511879594
1033 4.381267511879594
1034 4.381267511879594
1035 4.381267511879594
1036 4.381267511879594
1037 4.944091939033971
1038 4.944091939033971
1039 4.944091939033971
1040 4.944091939033971
1041 4.944091939033971
1042 5.135554675458963
1043 5.135554675458963
1044 5.135554675458963
1045 5.135554675458963
1046 5.135554675458963
1047 4.562772288137684
1048 4.562772288137684
1049 4.562772288137684
1050 4.562772288137684
1051 4.562772288137684
1052 4.279073699879473
1053 4.279073699879473
1054 4.279073699879473
1055 4.279073699879473
1056 4.279073699879473
1057 3.996088370968244
1058 3.996088370968244
1059 3.996088370968244
1060 3.996088370968244
1061 3.996088370968244
1062 3.9211538451589014
1063 3.9211538451589014
1064 3.9211538451589014
1065 3.9211538451589014
1066 3.9211538451589014
1067 4.299969016451508
1068 4.299969016451508
1069 4.299969016451508
1070 4.299969016451508
1071 1.9972161170306717
1072 1.9972161170306717
1073 1.9972161170306717
1074 1.9972161170306717
1075 1.9972161170306717
1076 2.1093694700281467
1077 2.1093694700281467
1078 2.1093694700281467
1079 2.1093694700281467
1080 2.1093694700281467
1081 2.168357864965312
1082 2.168357864965312
1083 2.168357864965312
1084 2.168357864965312
1085 2.168357864965312
1086 1.7432917747253036
1087 1.7432917747253036
1088 1.7432917747253036
1089 1.7432917747253036
1090 1.7432917747253036
1091 1.9030274140003236
1092 1.9030274140003236
1093 1.9030274140003236
1094 1.9030274140003236
1095 1.9030274140003236
1096 1.7399836355065714
1097 1.7399836355065714
1098 1.7399836355065714
1099 1.7399836355065714
1100 1.7399836355065714
1101 1.6595806182444617
1102 1.6595806182444617
1103 1.6595806182444617
1104 1.6595806182444617
1105 1.6595806182444617
1106 2.110681372833726
1107 2.110681372833726
1108 2.110681372833726
1109 2.110681372833726
1110 2.110681372833726
1111 1.8298032069590557
1112 1.8298032069590557
1113 1.8298032069590557
1114 1.8298032069590557
1115 1.8298032069590557
1116 1.9477477894472557
1117 1.9477477894472557
1118 1.9477477894472557
1119 1.9477477894472557
1120 1.9477477894472557
1121 2.3111282830447326
1122 2.3111282830447326
1123 2.3111282830447326
1124 2.3111282830447326
1125 2.3111282830447326
1126 1.9753710324119476
1127 1.9753710324119476
1128 1.9753710324119476
1129 1.9753710324119476
1130 1.9753710324119476
1131 1.957604455046366
1132 1.957604455046366
1133 1.957604455046366
1134 1.957604455046366
1135 1.957604455046366
1136 2.1865521693755743
1137 2.1865521693755743
1138 2.1865521693755743
1139 2.1865521693755743
1140 2.1865521693755743
1141 2.4810383353988295
1142 2.4810383353988295
1143 2.4810383353988295
1144 2.4810383353988295
1145 2.4810383353988295
1146 2.0555413145907995
1147 2.0555413145907995
1148 2.0555413145907995
1149 2.0555413145907995
1150 2.0555413145907995
1151 2.1661993959948984
1152 2.1661993959948984
1153 2.1661993959948984
1154 2.1661993959948984
1155 2.1661993959948984
1156 2.3255179692852312
1157 2.3255179692852312
1158 2.3255179692852312
1159 2.3255179692852312
1160 2.3255179692852312
1161 2.273264544291008
1162 2.273264544291008
1163 2.273264544291008
1164 2.273264544291008
1165 2.273264544291008
1166 1.9285989360599796
1167 1.9285989360599796
1168 1.9285989360599796
1169 1.9285989360599796
1170 1.9285989360599796
1171 1.6926684765691986
1172 1.6926684765691986
1173 1.6926684765691986
1174 1.6926684765691986
1175 1.6926684765691986
1176 2.188345433187372
1177 2.188345433187372
1178 2.188345433187372
1179 2.188345433187372
1180 2.188345433187372
1181 1.9508370239697155
1182 1.9508370239697155
1183 1.9508370239697155
1184 1.9508370239697155
1185 1.9508370239697155
1186 1.866761180301308
1187 1.866761180301308
1188 1.866761180301308
1189 1.866761180301308
1190 1.866761180301308
1191 1.772308531709777
1192 1.772308531709777
1193 1.772308531709777
1194 1.772308531709777
1195 1.772308531709777
1196 2.287338488064892
1197 2.287338488064892
1198 2.287338488064892
1199 2.287338488064892
1200 2.287338488064892
1201 1.975273342477732
1202 1.975273342477732
1203 1.975273342477732
1204 1.975273342477732
1205 1.975273342477732
1206 2.1264352822239108
1207 2.1264352822239108
1208 2.1264352822239108
1209 2.1264352822239108
1210 2.1264352822239108
1211 1.926484676769012
1212 1.926484676769012
1213 1.926484676769012
1214 1.926484676769012
1215 1.926484676769012
1216 2.1142474493048415
1217 2.1142474493048415
1218 2.1142474493048415
1219 2.1142474493048415
1220 2.1142474493048415
1221 2.076190874865173
1222 2.076190874865173
1223 2.076190874865173
1224 2.076190874865173
1225 2.076190874865173
1226 1.8964602480468447
1227 1.8964602480468447
1228 1.8964602480468447
1229 1.8964602480468447
1230 1.8964602480468447
1231 2.074531566457824
1232 2.074531566457824
1233 2.074531566457824
1234 2.074531566457824
1235 2.074531566457824
1236 1.7662452763041934
1237 1.7662452763041934
1238 1.7662452763041934
1239 1.7662452763041934
1240 1.7662452763041934
1241 1.6290722447944832
1242 1.6290722447944832
1243 1.6290722447944832
1244 1.6290722447944832
1245 1.6290722447944832
1246 1.5916528460361843
1247 1.5916528460361843
1248 1.5916528460361843
1249 1.5916528460361843
1250 1.5916528460361843
1251 1.6498077150172952
1252 1.6498077150172952
1253 1.6498077150172952
1254 1.6498077150172952
1255 1.6498077150172952
1256 1.6924449008640285
1257 1.6924449008640285
1258 1.6924449008640285
1259 1.6924449008640285
1260 1.6924449008640285
1261 1.475494960445786
1262 1.475494960445786
1263 1.475494960445786
1264 1.475494960445786
1265 1.475494960445786
1266 1.7289897506486795
1267 1.7289897506486795
1268 1.7289897506486795
1269 1.7289897506486795
1270 1.7289897506486795
1271 1.5803427672299117
1272 1.5803427672299117
1273 1.5803427672299117
1274 1.5803427672299117
1275 1.5803427672299117
1276 1.3497666922616895
1277 1.3497666922616895
1278 1.3497666922616895
1279 1.3497666922616895
1280 1.3497666922616895
1281 1.2170082067255363
1282 1.2170082067255363
1283 1.2170082067255363
1284 1.2170082067255363
1285 1.2170082067255363
1286 1.1856158115834703
1287 1.1856158115834703
1288 1.1856158115834703
1289 1.1856158115834703
1290 1.1856158115834703
1291 1.1472572393872875
1292 1.1472572393872875
1293 1.1472572393872875
1294 1.1472572393872875
1295 1.1472572393872875
1296 0.9679599126976952
1297 0.9679599126976952
1298 0.9679599126976952
1299 0.9679599126976952
1300 0.9679599126976952
1301 0.9914174363267598
1302 0.9914174363267598
1303 0.9914174363267598
1304 0.9914174363267598
1305 0.9914174363267598
1306 1.055847423525224
1307 1.055847423525224
1308 1.055847423525224
1309 1.055847423525224
1310 1.055847423525224
1311 1.1227492986054515
1312 1.1227492986054515
1313 1.1227492986054515
1314 1.1227492986054515
1315 1.1227492986054515
1316 1.0664333731716493
1317 1.0664333731716493
1318 1.0664333731716493
1319 1.0664333731716493
1320 1.0664333731716493
1321 1.0683439779165238
1322 1.0683439779165238
1323 1.0683439779165238
1324 1.0683439779165238
1325 1.0683439779165238
1326 0.927330527131572
1327 0.927330527131572
1328 0.927330527131572
1329 0.927330527131572
1330 0.927330527131572
1331 1.1361343053223092
1332 1.1361343053223092
1333 1.1361343053223092
1334 1.1361343053223092
1335 1.1361343053223092
1336 1.0453674049262722
1337 1.0453674049262722
1338 1.0453674049262722
1339 1.0453674049262722
1340 1.0453674049262722
1341 1.306212117247457
1342 1.306212117247457
1343 1.306212117247457
1344 1.306212117247457
1345 1.306212117247457
1346 1.038591121445705
1347 1.038591121445705
1348 1.038591121445705
1349 1.038591121445705
1350 1.038591121445705
1351 0.9422928599250835
1352 0.9422928599250835
1353 0.9422928599250835
1354 0.9422928599250835
1355 0.9422928599250835
1356 1.040393532886374
1357 1.040393532886374
1358 1.040393532886374
1359 1.040393532886374
1360 1.040393532886374
1361 0.9224905064266324
1362 0.9224905064266324
1363 0.9224905064266324
1364 0.9224905064266324
1365 0.9224905064266324
1366 1.200867468005321
1367 1.200867468005321
1368 1.200867468005321
1369 1.200867468005321
1370 1.200867468005321
1371 0.9675839247804106
1372 0.9675839247804106
1373 0.9675839247804106
1374 0.9675839247804106
1375 0.9675839247804106
1376 1.2202602980786792
1377 1.2202602980786792
1378 1.2202602980786792
1379 1.2202602980786792
1380 1.2202602980786792
1381 1.2388525931994474
1382 1.2388525931994474
1383 1.2388525931994474
1384 1.2388525931994474
1385 1.2388525931994474
1386 1.2559404382211778
1387 1.2559404382211778
1388 1.2559404382211778
1389 1.2559404382211778
1390 1.2559404382211778
1391 1.179306150427024
1392 1.179306150427024
1393 1.179306150427024
1394 1.179306150427024
1395 1.179306150427024
1396 1.1882635336552096
1397 1.1882635336552096
1398 1.1882635336552096
1399 1.1882635336552096
1400 1.1882635336552096
1401 1.1878010125904688
1402 1.1878010125904688
1403 1.1878010125904688
1404 1.1878010125904688
1405 1.1878010125904688
1406 1.2156349703548217
1407 1.2156349703548217
1408 1.2156349703548217
1409 1.2156349703548217
1410 1.2156349703548217
1411 1.057240954819871
1412 1.057240954819871
1413 1.057240954819871
1414 1.057240954819871
1415 1.057240954819871
1416 1.037672323749557
1417 1.037672323749557
1418 1.037672323749557
1419 1.037672323749557
1420 1.037672323749557
1421 1.0247758440006007
1422 1.0247758440006007
1423 1.0247758440006007
1424 1.0247758440006007
1425 1.0247758440006007
1426 1.100718215130298
1427 1.100718215130298
1428 1.100718215130298
1429 1.100718215130298
1430 1.100718215130298
1431 1.0124899422536182
1432 1.0124899422536182
1433 1.0124899422536182
1434 1.0124899422536182
1435 1.0124899422536182
1436 0.9888390301775247
1437 0.9888390301775247
1438 0.9888390301775247
1439 0.9888390301775247
1440 0.9888390301775247
1441 1.1449229986647658
1442 1.1449229986647658
1443 1.1449229986647658
1444 1.1449229986647658
1445 1.1449229986647658
1446 1.1786797796084851
1447 1.1786797796084851
1448 1.1786797796084851
1449 1.1786797796084851
1450 1.1786797796084851
1451 1.2543174129096102
1452 1.2543174129096102
1453 1.2543174129096102
1454 1.2543174129096102
1455 1.2543174129096102
1456 1.1894927188164104
1457 1.1894927188164104
1458 1.1894927188164104
1459 1.1894927188164104
1460 1.1894927188164104
1461 1.2035319663349484
1462 1.2035319663349484
1463 1.2035319663349484
1464 1.2035319663349484
1465 1.2035319663349484
1466 1.0265157304281776
1467 1.0265157304281776
1468 1.0265157304281776
1469 1.0265157304281776
1470 1.0265157304281776
1471 0.989815949378125
1472 0.989815949378125
1473 0.989815949378125
1474 0.989815949378125
1475 0.989815949378125
1476 1.153757673215025
1477 1.153757673215025
1478 1.153757673215025
1479 1.153757673215025
1480 1.153757673215025
1481 1.1699704866975746
1482 1.1699704866975746
1483 1.1699704866975746
1484 1.1699704866975746
1485 1.1699704866975746
1486 1.3513742312387176
1487 1.3513742312387176
1488 1.3513742312387176
1489 1.3513742312387176
1490 1.3513742312387176
1491 1.1628263399768208
1492 1.1628263399768208
1493 1.1628263399768208
1494 1.1628263399768208
1495 1.1628263399768208
1496 1.3310274857055004
1497 1.3310274857055004
1498 1.3310274857055004
1499 1.3310274857055004
1500 1.3310274857055004
1501 1.2099535909721337
1502 1.2099535909721337
1503 1.2099535909721337
1504 1.2099535909721337
1505 1.2099535909721337
1506 1.1352467368013008
1507 1.1352467368013008
1508 1.1352467368013008
1509 1.1352467368013008
1510 1.1352467368013008
1511 1.099733390717048
1512 1.099733390717048
1513 1.099733390717048
1514 1.099733390717048
1515 1.099733390717048
1516 1.1412512275967996
1517 1.1412512275967996
1518 1.1412512275967996
1519 1.1412512275967996
1520 1.1412512275967996
1521 1.0422156051000488
1522 1.0422156051000488
1523 1.0422156051000488
1524 1.0422156051000488
1525 1.0422156051000488
1526 1.128285963364651
1527 1.128285963364651
1528 1.128285963364651
1529 1.128285963364651
1530 1.128285963364651
1531 1.1140182896273374
1532 1.1140182896273374
1533 1.1140182896273374
1534 1.1140182896273374
1535 1.1140182896273374
1536 0.9336589250520319
1537 0.9336589250520319
1538 0.9336589250520319
1539 0.9336589250520319
1540 0.9336589250520319
1541 1.0137041503974449
1542 1.0137041503974449
1543 1.0137041503974449
1544 1.0137041503974449
1545 1.0137041503974449
1546 1.093403401244289
1547 1.093403401244289
1548 1.093403401244289
1549 1.093403401244289
1550 1.093403401244289
1551 0.6846670967424356
1552 0.6846670967424356
1553 0.6846670967424356
1554 0.6846670967424356
1555 0.6846670967424356
1556 1.317640130771166
1557 1.317640130771166
1558 1.317640130771166
1559 1.317640130771166
1560 1.317640130771166
1561 1.1505768162255106
1562 1.1505768162255106
1563 1.1505768162255106
1564 1.1505768162255106
1565 1.1505768162255106
1566 1.028328650637313
1567 1.028328650637313
1568 1.028328650637313
1569 1.028328650637313
1570 1.028328650637313
1571 1.1166963681862687
1572 1.1166963681862687
1573 1.1166963681862687
1574 1.1166963681862687
1575 1.1166963681862687
1576 1.0284748125546517
1577 1.0284748125546517
1578 1.0284748125546517
1579 1.0284748125546517
1580 1.0284748125546517
1581 0.9901526864227204
1582 0.9901526864227204
1583 0.9901526864227204
1584 0.9901526864227204
1585 0.9901526864227204
1586 1.0459864201060296
1587 1.0459864201060296
1588 1.0459864201060296
1589 1.0459864201060296
1590 1.0459864201060296
1591 0.9660216667713177
1592 0.9660216667713177
1593 0.9660216667713177
1594 0.9660216667713177
1595 0.9660216667713177
1596 1.1223769674613315
1597 1.1223769674613315
1598 1.1223769674613315
1599 1.1223769674613315
1600 1.1223769674613315
1601 1.1809318277721614
1602 1.1809318277721614
1603 1.1809318277721614
1604 1.1809318277721614
1605 1.1809318277721614
1606 1.0225782293822236
1607 1.0225782293822236
1608 1.0225782293822236
1609 1.0225782293822236
1610 1.0225782293822236
1611 1.1867393396358854
1612 1.1867393396358854
1613 1.1867393396358854
1614 1.1867393396358854
1615 1.1867393396358854
1616 0.9082492004904705
1617 0.9082492004904705
1618 0.9082492004904705
1619 0.9082492004904705
1620 0.9082492004904705
1621 0.8766030478890746
1622 0.8766030478890746
1623 0.8766030478890746
1624 0.8766030478890746
1625 0.8766030478890746
1626 1.366414285940107
1627 1.366414285940107
1628 1.366414285940107
1629 1.366414285940107
1630 1.366414285940107
1631 0.9501145585936328
1632 0.9501145585936328
1633 0.9501145585936328
1634 0.9501145585936328
1635 0.9501145585936328
1636 1.0873299019383913
1637 1.0873299019383913
1638 1.0873299019383913
1639 1.0873299019383913
1640 1.0873299019383913
1641 1.0698306258747163
1642 1.0698306258747163
1643 1.0698306258747163
1644 1.0698306258747163
1645 1.0698306258747163
1646 1.1102767651745407
1647 1.1102767651745407
1648 1.1102767651745407
1649 1.1102767651745407
1650 1.1102767651745407
1651 1.3452892433947896
1652 1.3452892433947896
1653 1.3452892433947896
1654 1.3452892433947896
1655 1.3452892433947896
1656 1.2995001502218113
1657 1.2995001502218113
1658 1.2995001502218113
1659 1.2995001502218113
1660 1.2995001502218113
1661 1.1617921936909206
1662 3.158354862953278
1663 3.158354862953278
1664 3.158354862953278
1665 3.158354862953278
1666 3.158354862953278
1667 2.9017240375014057
1668 2.9017240375014057
1669 2.9017240375014057
1670 2.9017240375014057
1671 2.9017240375014057
1672 2.653178628833185
1673 2.653178628833185
1674 2.653178628833185
1675 2.653178628833185
1676 2.653178628833185
1677 2.6884144261729253
1678 2.784563438577816
1679 2.784563438577816
1680 2.784563438577816
1681 2.784563438577816
1682 2.784563438577816
1683 2.8019845752792816
1684 2.8019845752792816
1685 2.8019845752792816
1686 2.8019845752792816
1687 2.8019845752792816
1688 2.9255527140239352
1689 2.9255527140239352
1690 2.9255527140239352
1691 2.9255527140239352
1692 2.9255527140239352
1693 2.513014062365079
1694 2.513014062365079
1695 2.513014062365079
1696 2.513014062365079
1697 2.513014062365079
1698 2.7085513244391506
1699 2.7085513244391506
1700 2.7085513244391506
1701 2.7085513244391506
1702 2.7085513244391506
1703 3.0014075397310886
1704 3.0014075397310886
1705 3.0014075397310886
1706 3.0014075397310886
1707 3.0014075397310886
1708 2.370892464271752
1709 2.370892464271752
1710 2.370892464271752
1711 2.370892464271752
1712 2.370892464271752
1713 2.2742935667793236
1714 2.2742935667793236
1715 2.2742935667793236
1716 2.2742935667793236
1717 2.2742935667793236
1718 2.3924801649391756
1719 2.3924801649391756
1720 2.3924801649391756
1721 2.3924801649391756
1722 2.3924801649391756
1723 2.9056381002937024
1724 2.9056381002937024
1725 2.9056381002937024
1726 2.9056381002937024
1727 2.9056381002937024
1728 2.167133383771237
1729 2.167133383771237
1730 2.167133383771237
1731 2.167133383771237
1732 2.167133383771237
1733 2.2968466586716634
1734 2.2968466586716634
1735 2.2968466586716634
1736 2.2968466586716634
1737 2.2968466586716634
1738 2.367724208879398
1739 2.367724208879398
1740 2.367724208879398
1741 2.367724208879398
1742 2.367724208879398
1743 2.741547257989988
1744 2.741547257989988
1745 2.741547257989988
1746 2.741547257989988
1747 2.741547257989988
1748 2.3740375477555946
1749 2.3740375477555946
1750 2.3740375477555946
1751 2.3740375477555946
1752 2.3740375477555946
1753 2.4087741256616315
1754 2.4087741256616315
1755 2.4087741256616315
1756 2.4087741256616315
1757 2.4087741256616315
1758 2.027459665787891
1759 2.027459665787891
1760 2.027459665787891
1761 2.027459665787891
1762 2.027459665787891
1763 1.6861731554729986
1764 1.6861731554729986
1765 1.6861731554729986
1766 1.6861731554729986
1767 1.6861731554729986
1768 1.9619401661555271
1769 1.9619401661555271
1770 1.9619401661555271
1771 1.9619401661555271
1772 1.9619401661555271
1773 2.7909992742301086
1774 2.7909992742301086
1775 2.7909992742301086
1776 2.7909992742301086
1777 2.7909992742301086
1778 2.4236283856298426
1779 2.4236283856298426
1780 2.4236283856298426
1781 2.4236283856298426
1782 2.4236283856298426
1783 3.0435993389679994
1784 3.0435993389679994
1785 3.0435993389679994
1786 3.0435993389679994
1787 3.0435993389679994
1788 2.2314022039445973
1789 2.2314022039445973
1790 2.2314022039445973
1791 2.2314022039445973
1792 2.2314022039445973
1793 2.562482494946578
1794 2.562482494946578
1795 2.562482494946578
1796 2.562482494946578
1797 2.562482494946578
1798 2.8233596937067054
1799 2.8233596937067054
1800 2.8233596937067054
1801 2.8233596937067054
1802 2.8233596937067054
1803 2.6206193017448314
1804 2.6206193017448314
1805 2.6206193017448314
1806 2.6206193017448314
1807 2.6206193017448314
1808 2.297213918162638
1809 2.297213918162638
1810 2.297213918162638
1811 2.297213918162638
1812 2.297213918162638
1813 2.3410118566288105
1814 2.3410118566288105
1815 2.3410118566288105
1816 2.3410118566288105
1817 2.3410118566288105
1818 2.7329395995381884
1819 2.7329395995381884
1820 2.7329395995381884
1821 2.7329395995381884
1822 2.7329395995381884
1823 2.0299375299926687
1824 2.0299375299926687
1825 2.0299375299926687
1826 2.0299375299926687
1827 2.0299375299926687
1828 2.2883442931768836
1829 2.2883442931768836
1830 2.2883442931768836
1831 2.2883442931768836
1832 2.2883442931768836
1833 2.634922712201581
1834 2.634922712201581
1835 2.634922712201581
1836 2.634922712201581
1837 2.634922712201581
1838 2.9634460877590816
1839 2.9634460877590816
1840 2.9634460877590816
1841 2.9634460877590816
1842 2.9634460877590816
1843 2.2461746221711216
1844 2.2461746221711216
1845 2.2461746221711216
1846 2.2461746221711216
1847 2.2461746221711216
1848 2.288405609143352
1849 2.288405609143352
1850 2.288405609143352
1851 2.288405609143352
1852 2.288405609143352
1853 2.3631071337138483
1854 2.3631071337138483
1855 2.3631071337138483
1856 2.3631071337138483
1857 2.3631071337138483
1858 2.430208551794601
1859 2.430208551794601
1860 2.430208551794601
1861 2.430208551794601
1862 2.430208551794601
1863 2.18072114494527
1864 2.18072114494527
1865 2.18072114494527
1866 2.18072114494527
1867 2.18072114494527
1868 2.4002521191382864
1869 2.4002521191382864
1870 2.4002521191382864
1871 2.4002521191382864
1872 2.4002521191382864
1873 2.206481002221877
1874 2.206481002221877
1875 2.206481002221877
1876 2.206481002221877
1877 2.206481002221877
1878 2.2202754775679914
1879 2.2202754775679914
1880 2.2202754775679914
1881 2.2202754775679914
1882 2.2202754775679914
1883 2.2552002876909927
1884 2.2552002876909927
1885 2.2552002876909927
1886 2.2552002876909927
1887 2.2552002876909927
1888 2.382109931152878
1889 2.382109931152878
1890 2.382109931152878
1891 2.382109931152878
1892 2.382109931152878
1893 2.2438647591558363
1894 2.2438647591558363
1895 2.2438647591558363
1896 2.2438647591558363
1897 2.2438647591558363
1898 2.6065684888737604
1899 2.6065684888737604
1900 2.6065684888737604
1901 2.6065684888737604
1902 2.6065684888737604
1903 2.289389466590803
1904 2.289389466590803
1905 2.289389466590803
1906 2.289389466590803
1907 2.289389466590803
1908 2.5571502019701593
1909 2.5571502019701593
1910 2.5571502019701593
1911 2.5571502019701593
1912 2.5571502019701593
1913 2.189865015993956
1914 2.189865015993956
1915 2.189865015993956
1916 2.189865015993956
1917 2.189865015993956
1918 2.0639711414451547
1919 2.0639711414451547
1920 2.0639711414451547
1921 2.0639711414451547
1922 2.0639711414451547
1923 2.698292183153164
1924 2.698292183153164
1925 2.698292183153164
1926 2.698292183153164
1927 2.698292183153164
1928 2.7596214754278554
1929 4.011925781133104
1930 4.011925781133104
1931 4.011925781133104
1932 4.011925781133104
1933 4.011925781133104
1934 3.1038269822488584
1935 3.1038269822488584
1936 3.1038269822488584
1937 3.1038269822488584
1938 3.1038269822488584
1939 3.5300855033913994
1940 3.5300855033913994
1941 3.5300855033913994
1942 3.5300855033913994
1943 3.5300855033913994
1944 4.309719906767425
1945 4.309719906767425
1946 4.309719906767425
1947 4.309719906767425
1948 4.309719906767425
1949 3.9414953179627594
1950 3.9414953179627594
1951 3.9414953179627594
1952 3.9414953179627594
1953 3.9414953179627594
1954 4.009365795404069
1955 4.009365795404069
1956 4.009365795404069
1957 4.009365795404069
1958 4.009365795404069
1959 4.78839710060082
1960 4.78839710060082
1961 4.78839710060082
1962 4.78839710060082
1963 4.78839710060082
1964 4.834568689681649
1965 4.834568689681649
1966 4.834568689681649
1967 4.834568689681649
1968 4.834568689681649
1969 4.16983786599824
1970 4.16983786599824
1971 4.16983786599824
1972 4.16983786599824
1973 4.16983786599824
1974 4.3224851379354625
1975 4.3224851379354625
1976 4.3224851379354625
1977 4.3224851379354625
1978 4.3224851379354625
1979 4.6305547998990715
1980 4.6305547998990715
1981 4.6305547998990715
1982 4.6305547998990715
1983 4.6305547998990715
1984 3.962530239199202
1985 3.962530239199202
1986 3.962530239199202
1987 3.962530239199202
1988 3.962530239199202
1989 5.261686461777904
1990 5.261686461777904
1991 5.261686461777904
1992 5.261686461777904
1993 5.261686461777904
1994 4.317173628103708
1995 4.317173628103708
1996 4.317173628103708
1997 4.317173628103708
1998 4.317173628103708
1999 4.156936825565809
