0 2.217174470177822
1 2.217174470177822
2 2.217174470177822
3 1.7425607546263135
4 1.7425607546263135
5 1.7425607546263135
6 1.9742039900615636
7 1.9742039900615636
8 1.9742039900615636
9 2.322014839630857
10 2.322014839630857
11 2.322014839630857
12 2.35079247122707
13 2.35079247122707
14 2.35079247122707
15 2.4335214859776686
16 2.4335214859776686
17 2.4335214859776686
18 1.9338907088981203
19 1.9338907088981203
20 0.8479646447370082
21 0.8479646447370082
22 0.8479646447370082
23 1.188728575804567
24 1.188728575804567
25 1.9796477513845825
26 1.9796477513845825
27 1.9796477513845825
28 1.8515076809914004
29 1.8515076809914004
30 1.8515076809914004
31 2.929764282806234
32 2.929764282806234
33 2.929764282806234
34 2.6314560190553697
35 2.6314560190553697
36 2.6314560190553697
37 2.2990611745586462
38 2.2990611745586462
39 2.2990611745586462
40 2.52353417878736
41 2.52353417878736
42 2.52353417878736
43 2.583490215151167
44 2.583490215151167
45 2.583490215151167
46 2.823885018234487
47 2.823885018234487
48 2.823885018234487
49 1.7797800324154027
50 1.7797800324154027
51 1.7797800324154027
52 2.1536057699197366
53 2.1536057699197366
54 2.1536057699197366
55 1.8103007875266752
56 1.8103007875266752
57 1.8103007875266752
58 1.8641417545143795
59 1.8641417545143795
60 1.8641417545143795
61 1.9964144868388904
62 1.9964144868388904
63 1.9964144868388904
64 1.9549921546983187
65 1.9549921546983187
66 1.9549921546983187
67 1.6511379223762628
68 1.6511379223762628
69 1.6511379223762628
70 0.9704475454568947
71 5.019237410696226
72 5.019237410696226
73 5.019237410696226
74 3.0764868555592275
75 3.0764868555592275
76 3.0764868555592275
77 2.0112955452710564
78 2.0112955452710564
79 2.0112955452710564
80 3.428258174419007
81 3.428258174419007
82 3.428258174419007
83 1.5852741572731246
84 1.5852741572731246
85 1.5852741572731246
86 1.975023695920505
87 1.975023695920505
88 1.975023695920505
89 1.6156457727129747
90 1.6156457727129747
91 1.6156457727129747
92 1.9012713333892495
93 1.9012713333892495
94 1.9012713333892495
95 0.9065205195942467
96 0.9065205195942467
97 2.8051329768701514
98 2.8051329768701514
99 2.8051329768701514
100 4.128795423779262
101 4.128795423779262
102 4.128795423779262
103 4.726906896491343
104 4.726906896491343
105 4.726906896491343
106 4.767745721830669
107 4.767745721830669
108 4.767745721830669
109 4.252723371080203
110 4.252723371080203
111 4.252723371080203
112 4.6418387957615845
113 4.6418387957615845
114 4.3493296478262415
115 4.3493296478262415
116 4.3493296478262415
117 3.4767826907453627
118 3.4767826907453627
119 4.021850624494166
120 4.021850624494166
121 4.021850624494166
122 4.308870126616171
123 4.308870126616171
124 4.308870126616171
125 4.62161606698967
126 4.62161606698967
127 4.62161606698967
128 4.369071351511834
129 1.159565093178557
130 1.159565093178557
131 1.159565093178557
132 1.3676764820522793
133 1.3676764820522793
134 1.3676764820522793
135 0.997557197280851
136 0.997557197280851
137 0.997557197280851
138 1.8345159769035018
139 1.8345159769035018
140 1.8345159769035018
141 0.8071268401766949
142 0.8071268401766949
143 0.8071268401766949
144 0.9356635329366394
145 0.9356635329366394
146 0.9356635329366394
147 1.3791990796861895
148 1.3791990796861895
149 1.3791990796861895
150 1.0338858028449138
151 1.0338858028449138
152 1.0338858028449138
153 0.8085422441973176
154 0.8085422441973176
155 0.8085422441973176
156 1.0569245314358613
157 1.0569245314358613
158 1.0569245314358613
159 1.3231523709388995
160 1.3231523709388995
161 1.3231523709388995
162 1.39828444450937
163 1.39828444450937
164 1.39828444450937
165 1.0608860313856492
166 1.0608860313856492
167 1.0608860313856492
168 1.0122100737423847
169 1.0122100737423847
170 1.0122100737423847
171 1.0579593387294735
172 1.0579593387294735
173 1.0579593387294735
174 1.3602849157378558
175 1.3602849157378558
176 1.3602849157378558
177 1.415785902925415
178 1.415785902925415
179 1.415785902925415
180 1.203116888296755
181 1.203116888296755
182 1.203116888296755
183 0.6211608100992575
184 0.6211608100992575
185 0.6211608100992575
186 1.2787751780952223
187 1.2787751780952223
188 1.2787751780952223
189 1.103902814330616
190 1.103902814330616
191 1.103902814330616
192 0.9488390610595265
193 0.9488390610595265
194 0.9488390610595265
195 1.0419081945902295
196 1.0419081945902295
197 1.0419081945902295
198 1.263588351868309
199 1.263588351868309
200 1.263588351868309
201 1.1218215150845723
202 1.1218215150845723
203 1.1218215150845723
204 1.4138394035724309
205 1.4138394035724309
206 1.4138394035724309
207 1.168901586374164
208 1.168901586374164
209 1.168901586374164
210 0.8538384432353507
211 0.8538384432353507
212 0.8538384432353507
213 0.7982969670079139
214 0.7982969670079139
215 0.7982969670079139
216 1.031574457868285
217 1.031574457868285
218 1.031574457868285
219 1.1055740106567489
220 1.1055740106567489
221 1.1055740106567489
222 1.4210992319753044
223 1.4210992319753044
224 1.4210992319753044
225 1.0477687723826992
226 1.0477687723826992
227 1.0477687723826992
228 1.2766397322459897
229 1.2766397322459897
230 1.2766397322459897
231 1.0876730623376074
232 1.0876730623376074
233 1.0876730623376074
234 1.4013383069362286
235 1.4013383069362286
236 1.4013383069362286
237 1.0615018674656171
238 1.0615018674656171
239 1.0615018674656171
240 0.9962741828381949
241 0.9962741828381949
242 0.9962741828381949
243 4.367379652336833
244 4.367379652336833
245 4.367379652336833
246 2.992609087408895
247 2.992609087408895
248 2.992609087408895
249 4.09647951620678
250 4.09647951620678
251 4.09647951620678
252 2.638669946320042
253 2.638669946320042
254 2.638669946320042
255 2.104000345438189
256 2.104000345438189
257 2.104000345438189
258 3.1805549565826974
259 3.1805549565826974
260 3.1805549565826974
261 3.9415787418871986
262 3.9415787418871986
263 3.9415787418871986
264 3.4825023311619336
265 4.109009841305221
266 4.109009841305221
267 4.109009841305221
268 5.834795773399415
269 5.834795773399415
270 5.834795773399415
271 4.197114165382983
272 4.197114165382983
273 4.197114165382983
274 4.228578444159173
275 4.228578444159173
276 4.228578444159173
277 4.8219510581500895
278 4.8219510581500895
279 4.8219510581500895
280 4.03330854414189
281 4.03330854414189
282 4.03330854414189
283 2.4709383115397463
284 2.4709383115397463
285 1.784226078045133
286 1.784226078045133
287 1.784226078045133
288 2.7794221985131653
289 2.7794221985131653
290 2.7794221985131653
291 1.9762152180473642
292 1.9762152180473642
293 1.9762152180473642
294 2.6012781404290073
295 2.6012781404290073
296 2.6012781404290073
297 2.0205959385199637
298 2.0205959385199637
299 2.0205959385199637
300 1.8332006627616857
301 1.8332006627616857
302 1.8332006627616857
303 3.1777151653441997
304 3.1777151653441997
305 3.1777151653441997
306 2.805456159437684
307 2.805456159437684
308 2.805456159437684
309 1.45695774035255
310 1.45695774035255
311 1.45695774035255
312 2.1127488402050725
313 2.1127488402050725
314 2.1127488402050725
315 2.8323620762785957
316 2.8323620762785957
317 2.8323620762785957
318 2.300676480422807
319 2.300676480422807
320 2.300676480422807
321 2.1807515995115034
322 2.1807515995115034
323 2.1807515995115034
324 2.4596535606055023
325 2.4596535606055023
326 2.4596535606055023
327 1.6936871370857864
328 1.6936871370857864
329 2.1198562724119645
330 2.1198562724119645
331 2.1198562724119645
332 1.7704603960331928
333 1.7704603960331928
334 1.7704603960331928
335 1.760330458419848
336 1.760330458419848
337 1.760330458419848
338 1.6481350714874001
339 1.6481350714874001
340 1.6481350714874001
341 1.5726941837167379
342 1.5726941837167379
343 1.5726941837167379
344 1.0623483459270888
345 1.0623483459270888
346 1.0623483459270888
347 1.603238927916152
348 1.603238927916152
349 1.603238927916152
350 1.7323562815757074
351 1.7323562815757074
352 1.7323562815757074
353 1.091348193973959
354 1.091348193973959
355 1.091348193973959
356 1.4974478193242933
357 1.4974478193242933
358 1.4974478193242933
359 2.043435045534274
360 2.043435045534274
361 2.043435045534274
362 1.0755564317341324
363 1.0755564317341324
364 1.0755564317341324
365 1.838977683865319
366 1.838977683865319
367 1.838977683865319
368 1.5502210531618912
369 1.5502210531618912
370 1.5502210531618912
371 1.869291292372907
372 1.869291292372907
373 1.869291292372907
374 1.929817346293231
375 1.929817346293231
376 1.929817346293231
377 1.3853415953591108
378 1.3853415953591108
379 1.3853415953591108
380 1.7627329014694655
381 1.7627329014694655
382 1.7627329014694655
383 1.3882125489566517
384 1.3882125489566517
385 1.3882125489566517
386 1.6601046086320106
387 1.6601046086320106
388 1.6601046086320106
389 0.9962936522274056
390 0.9962936522274056
391 0.9962936522274056
392 1.4277304375440054
393 1.4277304375440054
394 1.4277304375440054
395 1.5069236759923346
396 1.5069236759923346
397 0.21961613671481733
398 0.21961613671481733
399 0.21961613671481733
400 0.16331728386335928
401 0.16331728386335928
402 0.16331728386335928
403 0.15154980676571944
404 0.15154980676571944
405 0.15154980676571944
406 0.19377679029595066
407 0.19377679029595066
408 0.19377679029595066
409 0.19840815934211697
410 0.19840815934211697
411 0.19840815934211697
412 0.19066399282341998
413 0.19066399282341998
414 0.19066399282341998
415 0.22475451918492337
416 0.22475451918492337
417 0.22475451918492337
418 0.13558385297577208
419 0.13558385297577208
420 0.13558385297577208
421 0.15541590842615516
422 0.15541590842615516
423 0.15541590842615516
424 0.18772924456871468
425 0.18772924456871468
426 0.18772924456871468
427 0.2640418125935906
428 0.2640418125935906
429 0.2640418125935906
430 0.16118459472317392
431 0.16118459472317392
432 0.16118459472317392
433 0.1474988731208614
434 0.1474988731208614
435 0.1474988731208614
436 0.27146710130343166
437 0.27146710130343166
438 0.27146710130343166
439 0.1764768224309653
440 0.1764768224309653
441 0.1764768224309653
442 0.2349261190965337
443 0.2349261190965337
444 0.2349261190965337
445 0.19449394485847535
446 0.19449394485847535
447 0.19449394485847535
448 0.16339815502577892
449 0.16339815502577892
450 0.16339815502577892
451 0.28202892253825673
452 0.28202892253825673
453 0.28202892253825673
454 0.15691009900504024
455 0.15691009900504024
456 0.15691009900504024
457 0.2710973578146178
458 0.2710973578146178
459 0.2710973578146178
460 0.17320594364137246
461 0.17320594364137246
462 0.17320594364137246
463 0.30085269776333134
464 0.30085269776333134
465 0.30085269776333134
466 0.2210597508688196
467 0.2210597508688196
468 0.2210597508688196
469 0.19492939874598733
470 0.19492939874598733
471 0.19492939874598733
472 0.1858926067484547
473 0.1858926067484547
474 0.1858926067484547
475 0.1717528502412887
476 0.1717528502412887
477 0.1717528502412887
478 0.2013765519681687
479 0.2013765519681687
480 0.2013765519681687
481 0.27392243896938256
482 0.27392243896938256
483 0.27392243896938256
484 0.1883343019636853
485 0.1883343019636853
486 0.1883343019636853
487 0.22946612657906226
488 0.22946612657906226
489 0.22946612657906226
490 0.23276465051572456
491 0.23276465051572456
492 0.23276465051572456
493 0.20111108778735995
494 0.20111108778735995
495 0.20111108778735995
496 0.14152422912163476
497 0.14152422912163476
498 0.14152422912163476
499 0.10559352315743925
500 0.10559352315743925
501 0.10559352315743925
502 0.23140611276411813
503 0.23140611276411813
504 0.23140611276411813
505 0.23025664418302888
506 0.23025664418302888
507 0.23025664418302888
508 0.23354063832290706
509 0.23354063832290706
510 0.23354063832290706
511 0.1773153186698881
512 0.1773153186698881
513 0.1773153186698881
514 0.21728505857415278
515 0.21728505857415278
516 0.21728505857415278
517 0.24140517059702793
518 0.24140517059702793
519 0.24140517059702793
520 0.18601669268821452
521 0.18601669268821452
522 0.18601669268821452
523 0.17373530252021738
524 0.17373530252021738
525 0.17373530252021738
526 0.193920015681899
527 0.193920015681899
528 0.193920015681899
529 0.2631125987751191
530 0.2631125987751191
531 0.2631125987751191
532 0.18304165193274363
533 0.18304165193274363
534 0.18304165193274363
535 0.14802843481064168
536 0.14802843481064168
537 0.14802843481064168
538 0.19339979057584566
539 0.19339979057584566
540 0.19339979057584566
541 0.2629723306544775
542 0.2629723306544775
543 0.2629723306544775
544 0.20586467828550037
545 0.20586467828550037
546 0.20586467828550037
547 0.14467342615033085
548 0.14467342615033085
549 0.14467342615033085
550 0.2426425325430909
551 0.2426425325430909
552 0.2426425325430909
553 0.2458412192212862
554 0.2458412192212862
555 0.2458412192212862
556 0.23148903845281513
557 0.23148903845281513
558 0.23148903845281513
559 0.2317661140283094
560 0.2317661140283094
561 0.2317661140283094
562 0.22610505136631548
563 0.22610505136631548
564 0.22610505136631548
565 0.18189052506631104
566 0.18189052506631104
567 0.18189052506631104
568 0.19728924378818888
569 0.19728924378818888
570 0.19728924378818888
571 0.13632269864076293
572 0.13632269864076293
573 0.13632269864076293
574 0.1495297900942485
575 0.1495297900942485
576 0.1495297900942485
577 0.22104258820526385
578 0.22104258820526385
579 0.22104258820526385
580 0.2479963443922305
581 0.2479963443922305
582 1.8014619238137382
583 1.8014619238137382
584 1.8014619238137382
585 0.9190008599860727
586 0.9190008599860727
587 0.9190008599860727
588 1.3764656804372326
589 1.3764656804372326
590 1.3764656804372326
591 1.6534253816882394
592 1.6534253816882394
593 1.6534253816882394
594 1.011661839660393
595 1.011661839660393
596 1.011661839660393
597 2.0720906707833318
598 3.7585447886724617
599 3.7585447886724617
600 3.7585447886724617
601 3.6702912275017123
602 3.6702912275017123
603 3.6702912275017123
604 3.042999346582242
605 3.042999346582242
606 3.042999346582242
607 3.3366619861469258
608 3.3366619861469258
609 3.3366619861469258
610 3.8122252151728793
611 3.8122252151728793
612 3.8122252151728793
613 4.276794360796023
614 4.276794360796023
615 4.276794360796023
616 4.16149159909998
617 4.16149159909998
618 4.16149159909998
619 3.9641645405058306
620 3.9641645405058306
621 3.9641645405058306
622 3.554028374549423
623 3.554028374549423
624 3.554028374549423
625 2.0842167450977165
626 2.0842167450977165
627 2.0842167450977165
628 1.0687576261474516
629 1.0687576261474516
630 1.0687576261474516
631 2.139539225220692
632 2.139539225220692
633 2.139539225220692
634 2.874822706779641
635 2.874822706779641
636 2.874822706779641
637 2.377435299843113
638 2.377435299843113
639 2.377435299843113
640 1.845270688048383
641 1.845270688048383
642 1.845270688048383
643 1.366306825789743
644 1.366306825789743
645 1.366306825789743
646 1.9673141165163015
647 1.9673141165163015
648 1.9673141165163015
649 2.180817390454801
650 2.180817390454801
651 2.180817390454801
652 2.0063578239967415
653 2.0063578239967415
654 2.0063578239967415
655 1.628838790528438
656 1.628838790528438
657 1.628838790528438
658 1.776872029331067
659 1.776872029331067
660 1.776872029331067
661 2.591339309946033
662 2.591339309946033
663 2.591339309946033
664 2.3051763767671933
665 2.3051763767671933
666 2.3051763767671933
667 1.3904392936019125
668 1.3904392936019125
669 1.3904392936019125
670 1.1211111145938253
671 1.1211111145938253
672 1.1211111145938253
673 1.448781350945558
674 1.448781350945558
675 1.448781350945558
676 1.31498434056755
677 1.31498434056755
678 1.31498434056755
679 1.9363956310427564
680 1.9363956310427564
681 1.9363956310427564
682 1.4153758121876772
683 1.4153758121876772
684 1.4153758121876772
685 1.8068745569302436
686 1.8068745569302436
687 1.8068745569302436
688 1.170756082704286
689 1.170756082704286
690 1.170756082704286
691 1.7488544658795617
692 1.7488544658795617
693 1.7488544658795617
694 2.141831980404322
695 2.141831980404322
696 2.141831980404322
697 2.1206132013932173
698 2.1206132013932173
699 2.1206132013932173
700 2.024963055389921
701 2.024963055389921
702 2.024963055389921
703 1.5774681418159173
704 1.5774681418159173
705 1.5774681418159173
706 1.8878933555310287
707 1.8878933555310287
708 1.8878933555310287
709 1.2143499486538891
710 1.2143499486538891
711 1.2143499486538891
712 1.5906818983137294
713 1.5906818983137294
714 1.5906818983137294
715 1.7387182223685798
716 1.7387182223685798
717 1.7387182223685798
718 1.7207615677231298
719 1.7207615677231298
720 1.7207615677231298
721 1.1817637183523018
722 1.1817637183523018
723 1.1817637183523018
724 1.4797201364016208
725 1.4797201364016208
726 1.4797201364016208
727 1.3319912076223017
728 1.3319912076223017
729 1.3319912076223017
730 1.4967872260406232
731 1.4967872260406232
732 1.4967872260406232
733 1.6159013416276766
734 1.6159013416276766
735 1.6159013416276766
736 1.8572915267500456
737 1.8572915267500456
738 1.8572915267500456
739 2.00063064079399
740 2.00063064079399
741 2.00063064079399
742 1.5831694701810406
743 1.5831694701810406
744 1.5831694701810406
745 1.2041109148354836
746 1.2041109148354836
747 1.2041109148354836
748 1.3492064842283376
749 1.3492064842283376
750 1.3492064842283376
751 1.6652353265436706
752 1.6652353265436706
753 1.6652353265436706
754 1.5132552599462847
755 1.8504668423890966
756 1.8504668423890966
757 1.8504668423890966
758 2.103396761750322
759 2.103396761750322
760 2.103396761750322
761 2.0644823216044115
762 2.0644823216044115
763 2.0644823216044115
764 1.8714805400545196
765 1.8714805400545196
766 1.8714805400545196
767 2.3430560215022167
768 2.3430560215022167
769 2.3430560215022167
770 2.04948320583758
771 2.04948320583758
772 2.04948320583758
773 1.3130240411788108
774 1.3130240411788108
775 1.3130240411788108
776 1.4774525345546974
777 1.4774525345546974
778 1.4774525345546974
779 1.9634211182410455
780 1.9634211182410455
781 1.9634211182410455
782 2.3776423063779064
783 2.3776423063779064
784 2.3776423063779064
785 1.9316690559765461
786 1.9316690559765461
787 1.9316690559765461
788 2.2595635447956925
789 2.2595635447956925
790 2.2595635447956925
791 2.832622799753832
792 2.832622799753832
793 2.832622799753832
794 2.6677347105275695
795 2.6677347105275695
796 2.6677347105275695
797 2.148918955965522
798 2.148918955965522
799 2.148918955965522
800 2.0256854521419214
801 2.0256854521419214
802 2.0256854521419214
803 1.798565086125315
804 1.798565086125315
805 1.798565086125315
806 2.2149305516807676
807 2.2149305516807676
808 2.2149305516807676
809 2.1236874228076075
810 2.1236874228076075
811 2.1236874228076075
812 1.2238440278915976
813 1.2238440278915976
814 1.2238440278915976
815 2.823891213838679
816 2.823891213838679
817 2.823891213838679
818 1.7911078780073626
819 1.7911078780073626
820 1.7911078780073626
821 2.608495644779025
822 2.608495644779025
823 2.608495644779025
824 1.966137113498473
825 1.966137113498473
826 1.966137113498473
827 2.2458907419796246
828 2.2458907419796246
829 2.2458907419796246
830 2.314981549710949
831 2.314981549710949
832 2.314981549710949
833 1.974040014131503
834 1.974040014131503
835 1.974040014131503
836 1.4744553981745199
837 1.4744553981745199
838 1.4744553981745199
839 2.4726825795075427
840 2.4726825795075427
841 2.4726825795075427
842 2.2181788583400337
843 2.2181788583400337
844 2.2181788583400337
845 1.1043022338623443
846 1.1043022338623443
847 1.1043022338623443
848 1.8719813227827515
849 1.8719813227827515
850 1.8719813227827515
851 1.985801459987113
852 1.985801459987113
853 1.985801459987113
854 0.8952403056179803
855 0.8952403056179803
856 0.8952403056179803
857 0.5795008738280406
858 0.5795008738280406
859 0.5795008738280406
860 0.7142452812086642
861 0.7142452812086642
862 0.7142452812086642
863 0.44976301840684263
864 0.44976301840684263
865 0.44976301840684263
866 0.6265658565506101
867 0.6265658565506101
868 0.6265658565506101
869 0.6699978041076138
870 0.6699978041076138
871 0.6699978041076138
872 0.6069380286813103
873 0.6069380286813103
874 0.6069380286813103
875 0.6582179775782192
876 0.6582179775782192
877 0.6582179775782192
878 0.37824072048572316
879 0.37824072048572316
880 0.37824072048572316
881 0.7706556818742136
882 0.7706556818742136
883 0.7706556818742136
884 0.8419701605673631
885 0.8419701605673631
886 0.8419701605673631
887 0.4719007085818422
888 0.4719007085818422
889 0.4719007085818422
890 0.7960977755140145
891 0.7960977755140145
892 0.7960977755140145
893 0.6672330131511458
894 0.6672330131511458
895 0.6672330131511458
896 0.5733082623680685
897 0.5733082623680685
898 0.5733082623680685
899 0.5976577495197272
900 0.5976577495197272
901 0.5976577495197272
902 0.6967415934404757
903 0.6967415934404757
904 0.6967415934404757
905 0.794135531077142
906 0.794135531077142
907 0.794135531077142
908 0.5420951444533979
909 0.5420951444533979
910 0.5420951444533979
911 0.6726733722297927
912 0.6726733722297927
913 0.6726733722297927
914 0.916563631717129
915 0.916563631717129
916 0.916563631717129
917 0.723568888906705
918 0.723568888906705
919 0.723568888906705
920 0.5076247422062065
921 2.5624683512102178
922 2.5624683512102178
923 2.5624683512102178
924 2.3011067916731283
925 2.3011067916731283
926 2.3011067916731283
927 2.263585527073009
928 2.263585527073009
929 2.263585527073009
930 2.259294088646951
931 2.259294088646951
932 2.259294088646951
933 2.7329264370038113
934 2.7329264370038113
935 2.7329264370038113
936 1.7135137990529439
937 1.7135137990529439
938 1.7135137990529439
939 1.3150923253050602
940 1.3150923253050602
941 1.3150923253050602
942 2.651207660872023
943 2.651207660872023
944 2.651207660872023
945 1.7145433849375804
946 1.7145433849375804
947 1.7145433849375804
948 1.8891360599705045
949 1.8891360599705045
950 1.8891360599705045
951 3.2502217385218986
952 3.2502217385218986
953 3.2502217385218986
954 1.3816393629031003
955 1.3816393629031003
956 1.3816393629031003
957 1.7936470883583135
958 1.7936470883583135
959 1.7936470883583135
960 1.837609228080318
961 1.837609228080318
962 1.837609228080318
963 2.5874826727758413
964 2.5874826727758413
965 0.643214877000335
966 0.643214877000335
967 0.643214877000335
968 0.7561824189379807
969 0.7561824189379807
970 0.7561824189379807
971 0.6205165680899455
972 0.6205165680899455
973 0.6205165680899455
974 0.6636211424945496
975 0.6636211424945496
976 0.6636211424945496
977 0.8259478996993956
978 0.8259478996993956
979 0.8259478996993956
980 0.5049344378747471
981 0.5049344378747471
982 0.5049344378747471
983 0.7250488842508283
984 0.7250488842508283
985 0.7250488842508283
986 0.45263111095669123
987 0.45263111095669123
988 0.45263111095669123
989 0.5391916709961356
990 0.5391916709961356
991 0.5391916709961356
992 0.7472040388608868
993 0.7472040388608868
994 0.7472040388608868
995 0.6146768101608786
996 0.6146768101608786
997 2.4607428871370716
998 2.4607428871370716
999 2.4607428871370716
1000 2.652330006804378
1001 2.652330006804378
1002 2.652330006804378
1003 3.0386269635972436
1004 3.0386269635972436
1005 3.0386269635972436
1006 2.689953943292369
1007 2.689953943292369
1008 2.689953943292369
1009 2.284416067050556
1010 2.284416067050556
1011 2.284416067050556
1012 2.6666292120003647
1013 2.6666292120003647
1014 2.6666292120003647
1015 2.4541299419288274
1016 2.4541299419288274
1017 2.4541299419288274
1018 1.8685719443165194
1019 1.8685719443165194
1020 1.8685719443165194
1021 2.6751760736197565
1022 2.6751760736197565
1023 2.6751760736197565
1024 2.229783688043669
1025 2.229783688043669
1026 2.229783688043669
1027 2.2207820837046115
1028 2.2207820837046115
1029 2.2207820837046115
1030 2.735699573708694
1031 2.735699573708694
1032 2.735699573708694
1033 2.887997253734661
1034 2.887997253734661
1035 2.887997253734661
1036 2.0271294803654873
1037 2.0271294803654873
1038 2.0271294803654873
1039 2.9280911107273546
1040 2.9280911107273546
1041 2.9280911107273546
1042 2.4929825004333246
1043 2.4929825004333246
1044 2.4929825004333246
1045 1.6670238879796366
1046 1.6670238879796366
1047 1.6670238879796366
1048 2.3853361081384556
1049 2.3853361081384556
1050 2.3853361081384556
1051 2.330556510099985
1052 2.330556510099985
1053 2.330556510099985
1054 2.0284551709402985
1055 2.0284551709402985
1056 2.0284551709402985
1057 2.9316835844350946
1058 2.9316835844350946
1059 2.9316835844350946
1060 2.044627434740963
1061 2.044627434740963
1062 2.044627434740963
1063 2.9883472368671327
1064 2.9883472368671327
1065 2.9883472368671327
1066 2.242748869216384
1067 2.242748869216384
1068 2.242748869216384
1069 2.6649138492526228
1070 2.6649138492526228
1071 2.6649138492526228
1072 2.629744429674684
1073 2.629744429674684
1074 2.629744429674684
1075 2.1689037023456126
1076 2.1689037023456126
1077 2.1689037023456126
1078 2.277035678960637
1079 2.277035678960637
1080 2.277035678960637
1081 2.4158220277207696
1082 2.4158220277207696
1083 2.4158220277207696
1084 2.5779650925028244
1085 2.5779650925028244
1086 2.5779650925028244
1087 2.342734780453583
1088 2.342734780453583
1089 2.342734780453583
1090 1.3151497275705792
1091 1.3151497275705792
1092 1.3151497275705792
1093 2.44946065595113
1094 2.44946065595113
1095 2.44946065595113
1096 2.4940458034560167
1097 2.4940458034560167
1098 2.4940458034560167
1099 2.349970461733853
1100 2.349970461733853
1101 2.349970461733853
1102 2.8239297885218373
1103 2.8239297885218373
1104 2.8239297885218373
1105 2.591144862441
1106 2.591144862441
1107 2.591144862441
1108 2.722288541747177
1109 2.722288541747177
1110 2.722288541747177
1111 2.4243302778169653
1112 2.4243302778169653
1113 2.4243302778169653
1114 2.248168580041111
1115 2.248168580041111
1116 2.248168580041111
1117 2.144451269712137
1118 3.04177141700096
1119 3.717689484845574
1120 3.717689484845574
1121 3.717689484845574
1122 3.61273793908722
1123 2.194205106388773
1124 2.194205106388773
1125 2.194205106388773
1126 2.1838802734901024
1127 2.1838802734901024
1128 2.1838802734901024
1129 1.448386851922478
1130 1.448386851922478
1131 1.448386851922478
1132 1.89862924113114
1133 1.89862924113114
1134 1.89862924113114
1135 2.382907650026921
1136 2.382907650026921
1137 2.382907650026921
1138 0.8782146418762025
1139 0.8782146418762025
1140 0.8782146418762025
1141 2.3305059804361177
1142 2.3305059804361177
1143 2.3305059804361177
1144 2.1712767451267743
1145 2.1712767451267743
1146 2.1712767451267743
1147 1.6340069802590311
1148 1.6340069802590311
1149 1.6340069802590311
1150 2.0133948526010217
1151 2.0133948526010217
1152 2.0133948526010217
1153 1.8116577949330657
1154 1.8116577949330657
1155 1.8116577949330657
1156 1.794383644718143
1157 1.794383644718143
1158 1.794383644718143
1159 1.742618348655436
1160 1.742618348655436
1161 1.742618348655436
1162 1.548340143764694
1163 3.046717680412566
1164 3.046717680412566
1165 3.046717680412566
1166 2.407778999488936
1167 2.407778999488936
1168 2.407778999488936
1169 3.311813696166691
1170 3.311813696166691
1171 3.311813696166691
1172 2.733609127210527
1173 2.733609127210527
1174 2.733609127210527
1175 0.9508445003295152
1176 0.9508445003295152
1177 0.9508445003295152
1178 1.8351256456623428
1179 1.8351256456623428
1180 1.8351256456623428
1181 2.4460423133306066
1182 2.4460423133306066
1183 2.4460423133306066
1184 2.813882546297512
1185 2.813882546297512
1186 2.813882546297512
1187 2.4842181184353356
1188 2.4842181184353356
1189 2.4842181184353356
1190 1.4705255067881893
1191 1.4705255067881893
1192 1.4705255067881893
1193 1.9210679708987342
1194 1.9210679708987342
1195 1.9210679708987342
1196 2.208421824178511
1197 2.208421824178511
1198 2.208421824178511
1199 2.315264110730227
1200 2.315264110730227
1201 2.315264110730227
1202 2.0296584676416307
1203 2.0296584676416307
1204 2.0296584676416307
1205 3.058888017450296
1206 3.058888017450296
1207 3.058888017450296
1208 2.452808357682574
1209 2.452808357682574
1210 2.452808357682574
1211 3.0280284587017667
1212 3.0280284587017667
1213 3.0280284587017667
1214 3.2729792472445487
1215 3.2729792472445487
1216 3.2729792472445487
1217 2.1766657848764055
1218 2.1766657848764055
1219 2.1766657848764055
1220 2.3142887506426324
1221 2.3142887506426324
1222 5.137632412807267
1223 5.137632412807267
1224 5.137632412807267
1225 5.080053591963681
1226 5.080053591963681
1227 5.080053591963681
1228 3.8217466921399175
1229 3.8217466921399175
1230 3.8217466921399175
1231 2.889337716332406
1232 2.889337716332406
1233 2.889337716332406
1234 3.2938160116684023
1235 3.2938160116684023
1236 3.2938160116684023
1237 6.1991714115403775
1238 6.1991714115403775
1239 6.1991714115403775
1240 1.0095790634245265
1241 1.0095790634245265
1242 1.0095790634245265
1243 1.083295738337596
1244 1.083295738337596
1245 1.083295738337596
1246 1.0759817386608894
1247 1.0759817386608894
1248 1.0759817386608894
1249 1.0322837551276904
1250 1.0322837551276904
1251 1.0322837551276904
1252 1.4448111180368304
1253 1.4448111180368304
1254 1.4448111180368304
1255 1.139002806735696
1256 1.139002806735696
1257 1.139002806735696
1258 0.8549973896575874
1259 0.8549973896575874
1260 0.8549973896575874
1261 1.245598745157057
1262 1.245598745157057
1263 1.245598745157057
1264 1.2355115088333024
1265 1.2355115088333024
1266 1.2355115088333024
1267 0.8121375865529624
1268 0.8121375865529624
1269 0.8121375865529624
1270 0.8610154010055246
1271 0.8610154010055246
1272 0.8610154010055246
1273 0.8006039695376252
1274 0.8006039695376252
1275 0.8006039695376252
1276 1.2255072167193723
1277 1.2255072167193723
1278 1.2255072167193723
1279 1.0651807732265663
1280 1.0651807732265663
1281 1.0651807732265663
1282 1.1797575715627369
1283 1.1797575715627369
1284 1.1797575715627369
1285 0.9351003001523304
1286 0.9351003001523304
1287 0.9351003001523304
1288 1.1631164894032266
1289 1.1631164894032266
1290 1.1631164894032266
1291 1.1864802830072103
1292 1.1864802830072103
1293 1.1864802830072103
1294 1.122877924195444
1295 1.122877924195444
1296 1.122877924195444
1297 1.341868841042075
1298 1.341868841042075
1299 1.341868841042075
1300 0.7485349459345936
1301 0.7485349459345936
1302 0.7485349459345936
1303 0.855921003277767
1304 0.855921003277767
1305 0.855921003277767
1306 0.9752176032242412
1307 0.9752176032242412
1308 0.9752176032242412
1309 1.346364111650777
1310 1.346364111650777
1311 1.346364111650777
1312 1.084676411629926
1313 1.084676411629926
1314 1.084676411629926
1315 1.0317503146742262
1316 1.0317503146742262
1317 1.0317503146742262
1318 1.3589827921636237
1319 1.3589827921636237
1320 1.3589827921636237
1321 1.1263979650652582
1322 1.1263979650652582
1323 1.1263979650652582
1324 1.2473080165304322
1325 1.2473080165304322
1326 1.2473080165304322
1327 1.5163658797166764
1328 1.5163658797166764
1329 1.5163658797166764
1330 1.174626350879518
1331 1.174626350879518
1332 1.174626350879518
1333 1.2918592848570378
1334 1.2918592848570378
1335 1.9178888619072723
1336 1.9178888619072723
1337 1.9178888619072723
1338 1.8462802627882011
1339 1.8462802627882011
1340 1.8462802627882011
1341 1.1694275778902028
1342 1.1694275778902028
1343 1.1694275778902028
1344 1.614507362983432
1345 1.614507362983432
1346 1.614507362983432
1347 1.6002261517503162
1348 1.6002261517503162
1349 1.6002261517503162
1350 1.2225415697894042
1351 1.2225415697894042
1352 1.2225415697894042
1353 2.148899755337124
1354 2.148899755337124
1355 2.148899755337124
1356 1.8912845821010125
1357 1.8912845821010125
1358 1.8912845821010125
1359 1.2919401089450693
1360 1.2919401089450693
1361 1.2919401089450693
1362 1.7591013669527493
1363 1.7591013669527493
1364 1.7591013669527493
1365 1.5403985066790744
1366 1.5403985066790744
1367 1.5403985066790744
1368 1.4955689963823258
1369 1.4955689963823258
1370 1.4955689963823258
1371 1.0258350578361601
1372 1.0258350578361601
1373 1.0258350578361601
1374 1.4041369198514702
1375 1.4041369198514702
1376 1.4041369198514702
1377 1.805620548465641
1378 1.805620548465641
1379 1.805620548465641
1380 2.181248907975614
1381 2.181248907975614
1382 2.181248907975614
1383 1.807382937368108
1384 1.807382937368108
1385 1.807382937368108
1386 1.48661521772492
1387 1.48661521772492
1388 1.48661521772492
1389 1.666051938669939
1390 1.666051938669939
1391 1.666051938669939
1392 1.5396428178096166
1393 1.5396428178096166
1394 1.5396428178096166
1395 1.551808495798473
1396 1.551808495798473
1397 1.551808495798473
1398 1.6010922799753726
1399 1.6010922799753726
1400 1.6010922799753726
1401 1.0209272543174928
1402 1.0209272543174928
1403 1.0209272543174928
1404 1.9345716411296958
1405 1.9345716411296958
1406 1.9345716411296958
1407 1.1993012503458451
1408 1.1993012503458451
1409 1.1993012503458451
1410 2.3679602687904664
1411 2.3679602687904664
1412 2.3679602687904664
1413 2.032790648133519
1414 2.032790648133519
1415 2.032790648133519
1416 1.665685898982784
1417 1.665685898982784
1418 1.665685898982784
1419 1.1553504527674614
1420 1.1553504527674614
1421 1.1553504527674614
1422 1.567391398880775
1423 1.567391398880775
1424 1.567391398880775
1425 1.3568043464558373
1426 1.3568043464558373
1427 1.3568043464558373
1428 1.9986958280542113
1429 1.9986958280542113
1430 1.9986958280542113
1431 0.9446684447221189
1432 0.9446684447221189
1433 0.9446684447221189
1434 1.3921533993218123
1435 1.3921533993218123
1436 1.3921533993218123
1437 1.6145498765890682
1438 1.6145498765890682
1439 1.6145498765890682
1440 3.7957570914211445
1441 3.7957570914211445
1442 3.7957570914211445
1443 3.6326192381001787
1444 3.6326192381001787
1445 3.6326192381001787
1446 4.107140989133734
1447 4.107140989133734
1448 4.107140989133734
1449 3.749852548554494
1450 3.749852548554494
1451 3.749852548554494
1452 2.7668305201495587
1453 2.7668305201495587
1454 2.7668305201495587
1455 3.397968496799206
1456 3.397968496799206
1457 3.397968496799206
1458 4.366475782332706
1459 4.366475782332706
1460 4.366475782332706
1461 4.002905058371375
1462 4.002905058371375
1463 4.002905058371375
1464 4.044065653709736
1465 4.044065653709736
1466 4.044065653709736
1467 1.6335147467776534
1468 1.6335147467776534
1469 1.6335147467776534
1470 3.9282994775407634
1471 3.9282994775407634
1472 3.9282994775407634
1473 4.0504120798467085
1474 4.0504120798467085
1475 4.0504120798467085
1476 4.151348818899849
1477 4.151348818899849
1478 4.151348818899849
1479 4.095941626745668
1480 4.095941626745668
1481 4.095941626745668
1482 4.062542769421672
1483 4.062542769421672
1484 4.062542769421672
1485 4.311782584789852
1486 4.311782584789852
1487 4.311782584789852
1488 3.233252764488247
1489 3.233252764488247
1490 3.233252764488247
1491 4.637913780867311
1492 4.637913780867311
1493 4.637913780867311
1494 3.829094334859588
1495 3.829094334859588
1496 3.829094334859588
1497 3.3408072223752963
1498 3.3408072223752963
1499 3.3408072223752963
1500 2.670867889716355
1501 2.670867889716355
1502 2.670867889716355
1503 2.929571694558799
1504 2.929571694558799
1505 2.929571694558799
1506 3.8352383874029012
1507 3.8352383874029012
1508 3.8352383874029012
1509 3.9987070559697697
1510 3.9987070559697697
1511 3.9987070559697697
1512 2.1141756717390234
1513 2.1141756717390234
1514 2.1141756717390234
1515 2.9328121913103464
1516 2.9328121913103464
1517 2.9328121913103464
1518 2.048048985405953
1519 2.048048985405953
1520 2.048048985405953
1521 2.5003498891158222
1522 2.5003498891158222
1523 2.5003498891158222
1524 3.762849534157285
1525 3.762849534157285
1526 3.762849534157285
1527 3.0553153820649057
1528 3.0553153820649057
1529 3.0553153820649057
1530 3.203401857691972
1531 3.203401857691972
1532 3.203401857691972
1533 3.471251703082102
1534 3.471251703082102
1535 3.471251703082102
1536 4.359011505460461
1537 4.359011505460461
1538 4.359011505460461
1539 3.5086889688782423
1540 3.5086889688782423
1541 3.1117280053886245
1542 3.1117280053886245
1543 1.9843015479198094
1544 1.9843015479198094
1545 1.9843015479198094
1546 2.555511829181746
1547 2.555511829181746
1548 2.555511829181746
1549 2.213094296885311
1550 2.213094296885311
1551 2.213094296885311
1552 1.90178867097061
1553 1.90178867097061
1554 1.90178867097061
1555 2.175954050856496
1556 2.175954050856496
1557 2.175954050856496
1558 2.5491710854622474
1559 2.5491710854622474
1560 2.5491710854622474
1561 1.7462621625113504
1562 1.7462621625113504
1563 1.7462621625113504
1564 1.8261851962205402
1565 1.8261851962205402
1566 1.8261851962205402
1567 2.6405200543519727
1568 2.6405200543519727
1569 2.6405200543519727
1570 2.4573727706191923
1571 2.4573727706191923
1572 2.4573727706191923
1573 2.50497654465387
1574 2.50497654465387
1575 2.50497654465387
1576 1.8939856600994198
1577 1.8939856600994198
1578 1.8939856600994198
1579 2.3522331860172896
1580 2.3522331860172896
1581 2.3522331860172896
1582 1.7671960351962557
1583 1.7671960351962557
1584 1.7671960351962557
1585 2.0482067478343717
1586 2.0482067478343717
1587 2.0482067478343717
1588 1.8841739525485617
1589 1.8841739525485617
1590 1.8841739525485617
1591 2.744069244777844
1592 2.744069244777844
1593 2.744069244777844
1594 1.8289269955031262
1595 1.8289269955031262
1596 1.8289269955031262
1597 1.7506162078792709
1598 1.7506162078792709
1599 1.7506162078792709
1600 2.870205540813941
1601 2.870205540813941
1602 2.870205540813941
1603 2.5822130269402273
1604 2.5822130269402273
1605 2.5822130269402273
1606 1.001085995325689
1607 1.001085995325689
1608 1.001085995325689
1609 1.0910015289501178
1610 1.0910015289501178
1611 1.0910015289501178
1612 1.9702391507708659
1613 1.9702391507708659
1614 1.9702391507708659
1615 1.8629478577542995
1616 1.8629478577542995
1617 1.8629478577542995
1618 2.0231871654621867
1619 2.0231871654621867
1620 2.0231871654621867
1621 2.3386049991110234
1622 2.3386049991110234
1623 2.3386049991110234
1624 1.8586033488153388
1625 1.8586033488153388
1626 1.8586033488153388
1627 1.9365478690473759
1628 1.9365478690473759
1629 1.9365478690473759
1630 2.151501006500991
1631 0.2008596070313491
1632 0.2008596070313491
1633 0.2008596070313491
1634 0.1852324020819617
1635 0.1852324020819617
1636 0.1852324020819617
1637 0.22778865754109148
1638 0.22778865754109148
1639 0.22778865754109148
1640 0.1823060064696435
1641 0.1823060064696435
1642 0.1823060064696435
1643 0.21188244862218913
1644 0.21188244862218913
1645 0.21188244862218913
1646 0.1252327973167985
1647 0.1252327973167985
1648 0.1252327973167985
1649 0.14932986550604835
1650 0.14932986550604835
1651 0.14932986550604835
1652 0.16894522592861302
1653 0.16894522592861302
1654 0.16894522592861302
1655 0.1633858930604657
1656 0.1633858930604657
1657 0.1633858930604657
1658 0.19261088754489453
1659 0.19261088754489453
1660 0.19261088754489453
1661 0.22957959349954865
1662 0.22957959349954865
1663 0.22957959349954865
1664 0.18198270310923367
1665 0.18198270310923367
1666 0.18198270310923367
1667 0.17935769939977322
1668 0.17935769939977322
1669 0.17935769939977322
1670 0.17240944438679573
1671 0.17240944438679573
1672 0.17240944438679573
1673 0.18044605587154322
1674 0.18044605587154322
1675 0.18044605587154322
1676 0.19298998399247794
1677 0.19298998399247794
1678 0.19298998399247794
1679 0.23265253721745804
1680 0.23265253721745804
1681 0.23265253721745804
1682 0.2196224908955395
1683 0.2196224908955395
1684 0.2196224908955395
1685 0.1723697595176576
1686 0.1723697595176576
1687 0.1723697595176576
1688 0.1627746241889264
1689 0.1627746241889264
1690 0.1627746241889264
1691 0.21380488896165134
1692 0.21380488896165134
1693 0.21380488896165134
1694 0.1598027733891307
1695 0.1598027733891307
1696 0.1598027733891307
1697 0.2068883167842057
1698 0.2068883167842057
1699 0.2068883167842057
1700 0.20014480075422753
1701 0.20014480075422753
1702 0.20014480075422753
1703 0.2577496469173157
1704 0.2577496469173157
1705 0.2577496469173157
1706 0.17916934278804034
1707 0.17916934278804034
1708 0.17916934278804034
1709 0.24098166686680556
1710 0.24098166686680556
1711 0.24098166686680556
1712 0.1610796791538825
1713 0.1610796791538825
1714 0.1610796791538825
1715 0.19415109559635552
1716 0.19415109559635552
1717 0.19415109559635552
1718 0.14745256213041952
1719 0.14745256213041952
1720 0.14745256213041952
1721 0.12433557848210161
1722 0.12433557848210161
1723 0.12433557848210161
1724 0.20156158888007059
1725 0.20156158888007059
1726 0.20156158888007059
1727 0.21071983628504362
1728 0.21071983628504362
1729 0.21071983628504362
1730 0.1576406299425535
1731 0.1576406299425535
1732 0.1576406299425535
1733 0.15439544935830074
1734 0.15439544935830074
1735 0.15439544935830074
1736 0.23474156462620083
1737 0.23474156462620083
1738 0.23474156462620083
1739 0.18716871069235944
1740 0.18716871069235944
1741 0.18716871069235944
1742 0.14791240262449962
1743 0.14791240262449962
1744 0.14791240262449962
1745 0.1730854116235444
1746 0.1730854116235444
1747 0.1730854116235444
1748 0.2504217824893709
1749 0.2504217824893709
1750 0.2504217824893709
1751 0.20762591745064385
1752 0.20762591745064385
1753 0.20762591745064385
1754 0.2514435194489525
1755 0.2514435194489525
1756 0.2514435194489525
1757 0.20662888251373776
1758 0.20662888251373776
1759 0.20662888251373776
1760 0.17435227215762264
1761 0.17435227215762264
1762 0.17435227215762264
1763 0.19788766242009725
1764 0.19788766242009725
1765 0.19788766242009725
1766 0.21783066827037856
1767 0.21783066827037856
1768 0.21783066827037856
1769 0.20120455874362533
1770 0.20120455874362533
1771 0.20120455874362533
1772 0.16156173266323962
1773 0.16156173266323962
1774 0.16156173266323962
1775 0.24182406955173616
1776 0.24182406955173616
1777 0.24182406955173616
1778 0.2072082249174613
1779 0.2072082249174613
1780 0.2072082249174613
1781 0.21598926236775007
1782 0.21598926236775007
1783 0.21598926236775007
1784 0.23548278560115155
1785 0.23548278560115155
1786 0.23548278560115155
1787 0.17809384167485376
1788 0.17809384167485376
1789 0.17809384167485376
1790 0.15936714037494695
1791 0.15936714037494695
1792 0.15936714037494695
1793 0.19645561446904672
1794 0.19645561446904672
1795 0.19645561446904672
1796 0.2257496746885638
1797 0.2257496746885638
1798 0.2257496746885638
1799 3.4169326606902897
1800 3.4169326606902897
1801 3.4169326606902897
1802 3.2129376286523574
1803 3.2129376286523574
1804 3.2129376286523574
1805 2.380971171391159
1806 2.380971171391159
1807 2.380971171391159
1808 2.5852617694905113
1809 2.5852617694905113
1810 2.5852617694905113
1811 3.4626409593338625
1812 3.4626409593338625
1813 3.4626409593338625
1814 2.834357384680703
1815 4.034125394582327
1816 4.034125394582327
1817 4.034125394582327
1818 3.2035573922130984
1819 3.2035573922130984
1820 3.2035573922130984
1821 4.307013560695489
1822 4.307013560695489
1823 4.307013560695489
1824 3.409913884565144
1825 3.409913884565144
1826 3.409913884565144
1827 2.210538058371622
1828 2.210538058371622
1829 2.210538058371622
1830 2.871280364698849
1831 2.871280364698849
1832 2.871280364698849
1833 2.67173831317985
1834 2.67173831317985
1835 2.67173831317985
1836 2.7694514040869174
1837 2.7694514040869174
1838 2.7694514040869174
1839 3.0312380819261007
1840 3.0312380819261007
1841 3.0312380819261007
1842 3.746305745735875
1843 3.746305745735875
1844 3.746305745735875
1845 3.2358791929005544
1846 3.2358791929005544
1847 3.2358791929005544
1848 2.9683461699622598
1849 2.9683461699622598
1850 2.9683461699622598
1851 2.9766402718795537
1852 2.9766402718795537
1853 2.9766402718795537
1854 3.58550876102241
1855 3.58550876102241
1856 3.58550876102241
1857 2.8416845869598744
1858 2.8416845869598744
1859 2.8416845869598744
1860 2.5185606449931353
1861 2.5185606449931353
1862 2.5185606449931353
1863 3.83869571482618
1864 3.83869571482618
1865 3.83869571482618
1866 1.9722642969442203
1867 1.9722642969442203
1868 1.9722642969442203
1869 2.578416018213776
1870 2.578416018213776
1871 2.578416018213776
1872 2.624902921816951
1873 2.624902921816951
1874 2.624902921816951
1875 2.523650368108802
1876 2.523650368108802
1877 2.523650368108802
1878 2.8508391597059464
1879 2.8508391597059464
1880 2.8508391597059464
1881 3.4110680981588644
1882 3.4110680981588644
1883 3.4110680981588644
1884 4.291623537786588
1885 4.291623537786588
1886 4.291623537786588
1887 1.9616353013747148
1888 1.9616353013747148
1889 1.9616353013747148
1890 4.01256780101182
1891 4.01256780101182
1892 4.01256780101182
1893 3.9741294551232853
1894 3.9741294551232853
1895 3.9741294551232853
1896 3.6112251936704065
1897 3.6112251936704065
1898 3.6112251936704065
1899 3.253827235857891
1900 3.253827235857891
1901 3.253827235857891
1902 3.5413704410604803
1903 3.5413704410604803
1904 3.5413704410604803
1905 4.477925942449093
1906 4.477925942449093
1907 4.193607569555146
1908 4.193607569555146
1909 4.193607569555146
1910 3.3827905754228498
1911 3.3827905754228498
1912 3.3827905754228498
1913 3.462337718489643
1914 3.462337718489643
1915 3.462337718489643
1916 5.591178470616979
1917 5.591178470616979
1918 5.591178470616979
1919 4.058235439835515
1920 4.058235439835515
1921 4.058235439835515
1922 6.625862229639658
1923 6.625862229639658
1924 6.625862229639658
1925 6.710082800273376
1926 6.710082800273376
1927 6.710082800273376
1928 3.96568853273053
1929 3.96568853273053
1930 3.96568853273053
1931 5.136561816109189
1932 5.136561816109189
1933 5.136561816109189
1934 4.2704290085641095
1935 1.5272451504076963
1936 1.5272451504076963
1937 0.5202834434808159
1938 0.5202834434808159
1939 0.5202834434808159
1940 0.6715127003680392
1941 0.6715127003680392
1942 0.6715127003680392
1943 0.638408582989006
1944 0.638408582989006
1945 0.638408582989006
1946 0.5288429742429166
1947 0.5288429742429166
1948 0.5288429742429166
1949 0.8737513486038269
1950 1.5730343762580683
1951 1.5730343762580683
1952 1.5730343762580683
1953 1.5693196982859026
1954 1.5693196982859026
1955 4.072995255702886
1956 4.072995255702886
1957 4.072995255702886
1958 3.925276319098063
1959 3.925276319098063
1960 3.925276319098063
1961 4.278475617515486
1962 4.278475617515486
1963 4.278475617515486
1964 3.4603347791896284
1965 3.4603347791896284
1966 3.4603347791896284
1967 2.0403399864512872
1968 2.0403399864512872
1969 2.0403399864512872
1970 1.8749623105942497
1971 1.8749623105942497
1972 1.8749623105942497
1973 5.250875318972438
1974 5.250875318972438
1975 5.250875318972438
1976 2.6045230153697627
1977 2.6045230153697627
1978 2.6045230153697627
1979 3.196472965016109
1980 3.196472965016109
1981 3.196472965016109
1982 3.5468798859300996
1983 3.5468798859300996
1984 3.5468798859300996
1985 4.228509814903396
1986 4.228509814903396
1987 4.228509814903396
1988 3.4778543005237474
1989 3.4778543005237474
1990 3.4778543005237474
1991 3.53315326502281
1992 3.53315326502281
1993 3.53315326502281
1994 3.611886412821978
1995 3.611886412821978
1996 3.611886412821978
1997 3.213265410653838
1998 3.213265410653838
1999 3.213265410653838
