0 3.608257392503636
1 3.608257392503636
2 3.1805481653198857
3 3.1805481653198857
4 2.750525558729864
5 2.750525558729864
6 2.7544693454498193
7 2.7544693454498193
8 2.516187940880623
9 2.516187940880623
10 4.683314855855249
11 4.683314855855249
12 4.420296322465863
13 4.420296322465863
14 1.3133493060603785
15 1.3133493060603785
16 3.0295874408725205
17 3.0295874408725205
18 5.3041763637089625
19 5.3041763637089625
20 3.2646771608833927
21 3.2646771608833927
22 3.170836441809862
23 3.170836441809862
24 4.168427789768778
25 4.168427789768778
26 3.502727644153318
27 3.502727644153318
28 4.4008625421178635
29 4.4008625421178635
30 5.157832269503464
31 5.157832269503464
32 3.7858968671742175
33 3.7858968671742175
34 3.0142154687010123
35 3.0142154687010123
36 3.2973408013037497
37 3.2973408013037497
38 3.328069597915727
39 3.328069597915727
40 1.4997243894941308
41 1.4997243894941308
42 0.4835887483739669
43 0.4835887483739669
44 0.4989218736835223
45 0.4989218736835223
46 0.7318618856678061
47 0.7318618856678061
48 0.7689650816444855
49 0.7689650816444855
50 0.8886160990331056
51 0.8886160990331056
52 0.5886261306969478
53 0.5886261306969478
54 0.5445646380281417
55 0.5445646380281417
56 0.6363511115186453
57 0.6363511115186453
58 0.8704921919266031
59 0.8704921919266031
60 0.40296706358080747
61 0.40296706358080747
62 0.7392556855846882
63 0.7392556855846882
64 0.5603338850595292
65 0.5603338850595292
66 0.7967704364867518
67 0.7967704364867518
68 0.49833295244059583
69 0.49833295244059583
70 0.783786768255442
71 0.783786768255442
72 0.7423860146349638
73 0.7423860146349638
74 0.891421548328316
75 0.891421548328316
76 0.633355896113688
77 0.633355896113688
78 0.7104972931761022
79 0.7104972931761022
80 0.6339127578976365
81 0.6339127578976365
82 0.6630988371717975
83 0.6630988371717975
84 0.6095993553017136
85 0.6095993553017136
86 0.6354227187001675
87 0.6354227187001675
88 0.8144004492696781
89 0.8144004492696781
90 0.5699116854506602
91 0.5699116854506602
92 0.7023624127770788
93 0.7023624127770788
94 0.8340013059738625
95 0.8340013059738625
96 0.55631206920456
97 0.55631206920456
98 0.4204225165374973
99 0.4204225165374973
100 0.7325603243801965
101 0.7325603243801965
102 0.5073667166353448
103 0.5073667166353448
104 0.8520176409403726
105 0.8520176409403726
106 0.6584123039691657
107 0.6584123039691657
108 0.8442533403499222
109 0.8442533403499222
110 0.6082054457155452
111 0.6082054457155452
112 0.7815562479471978
113 0.7815562479471978
114 0.7755826729399512
115 0.7755826729399512
116 0.7022427386251381
117 0.7022427386251381
118 0.6544274887241365
119 1.2232357065691937
120 1.2232357065691937
121 1.6646954812096684
122 1.6646954812096684
123 1.237170341673765
124 2.1723737731052726
125 2.1723737731052726
126 4.372066908869383
127 4.372066908869383
128 3.3072079932578293
129 3.3072079932578293
130 2.698014088989168
131 2.698014088989168
132 4.358560986773848
133 4.358560986773848
134 1.9863237245378018
135 1.9863237245378018
136 2.194130230357855
137 2.194130230357855
138 4.080366476523406
139 4.080366476523406
140 2.4222032479975386
141 2.4222032479975386
142 3.6442920812908888
143 3.6442920812908888
144 3.486987623964024
145 3.486987623964024
146 4.54199342872692
147 4.54199342872692
148 4.225488222369017
149 4.225488222369017
150 5.095132088842512
151 5.095132088842512
152 2.8276525430786537
153 2.8276525430786537
154 4.722703135755838
155 4.722703135755838
156 4.456895444997315
157 4.456895444997315
158 4.054258263007016
159 4.054258263007016
160 4.9011012878383236
161 4.9011012878383236
162 3.798758570512208
163 3.798758570512208
164 4.556806515404644
165 4.556806515404644
166 5.753238595699793
167 5.753238595699793
168 2.8609558531684844
169 2.8609558531684844
170 5.442388891618842
171 5.442388891618842
172 1.9174966556282667
173 1.9174966556282667
174 4.043758419252739
175 4.043758419252739
176 2.5286843116433726
177 2.5286843116433726
178 3.4282129987606123
179 3.4282129987606123
180 4.440670475680582
181 4.440670475680582
182 2.905682636595518
183 2.905682636595518
184 4.100694088215786
185 4.100694088215786
186 4.903363307498237
187 4.903363307498237
188 2.8434648009617636
189 2.8434648009617636
190 4.990237843349982
191 4.990237843349982
192 2.3083166067921237
193 2.3083166067921237
194 4.656087430957999
195 4.656087430957999
196 1.9256157479482865
197 1.9256157479482865
198 2.0632129254442946
199 2.0632129254442946
200 5.246981419737633
201 5.246981419737633
202 3.261495001628943
203 3.261495001628943
204 2.2106083201512226
205 2.2106083201512226
206 4.963693675878218
207 4.963693675878218
208 6.03403712905239
209 6.03403712905239
210 3.919811821806939
211 3.919811821806939
212 4.274091997463458
213 4.274091997463458
214 3.126898073148452
215 3.126898073148452
216 3.5088689428099378
217 3.5088689428099378
218 4.604529415992622
219 4.604529415992622
220 3.0356984982991415
221 3.0356984982991415
222 2.6789875723875527
223 2.6789875723875527
224 1.8446461144862334
225 1.8446461144862334
226 2.2826982497982424
227 2.2826982497982424
228 2.7186911527515383
229 2.7186911527515383
230 3.3241858135249456
231 3.3241858135249456
232 1.9223521394329435
233 1.9223521394329435
234 3.505451620648514
235 3.505451620648514
236 4.662769682320204
237 4.662769682320204
238 2.7929430906907884
239 2.7929430906907884
240 4.191475277043427
241 4.191475277043427
242 3.2342130781509075
243 3.2342130781509075
244 4.470095563883448
245 4.470095563883448
246 3.5542692766701847
247 3.5542692766701847
248 2.753036909963239
249 2.753036909963239
250 4.478611288406875
251 4.478611288406875
252 2.033324881667272
253 2.033324881667272
254 4.8605606756517155
255 1.2007627359552295
256 1.2007627359552295
257 2.4125670849601497
258 2.4125670849601497
259 2.500116203907335
260 2.500116203907335
261 1.3562449055817152
262 1.3562449055817152
263 2.039553348371761
264 2.039553348371761
265 2.334891415436368
266 2.334891415436368
267 2.7767655463163
268 2.7767655463163
269 2.187029994815761
270 2.187029994815761
271 2.6940185867248494
272 2.6940185867248494
273 1.2266784922009142
274 1.2266784922009142
275 2.5372933339844677
276 2.5372933339844677
277 1.9679768921413179
278 1.9679768921413179
279 1.1137090063056745
280 1.1137090063056745
281 2.0154714393263875
282 2.0154714393263875
283 1.7640694525541156
284 1.7640694525541156
285 2.5887121771131625
286 2.5887121771131625
287 2.803326966058717
288 2.803326966058717
289 2.672507083594521
290 2.672507083594521
291 2.6835078071214387
292 2.6835078071214387
293 2.760646926998372
294 2.760646926998372
295 2.310617840263571
296 2.310617840263571
297 1.9898603911343782
298 1.9898603911343782
299 2.61901181466992
300 2.61901181466992
301 2.9979060074111596
302 2.9979060074111596
303 1.8271794431857515
304 1.8271794431857515
305 3.8388236585838644
306 3.8388236585838644
307 1.5628672378738377
308 1.5628672378738377
309 2.233937966886914
310 2.233937966886914
311 3.1902226668916134
312 3.1902226668916134
313 3.2611490604744433
314 3.2611490604744433
315 2.167717892188702
316 2.167717892188702
317 2.824894689750681
318 2.824894689750681
319 2.5339408222900173
320 2.5339408222900173
321 3.4575512768495713
322 3.4575512768495713
323 0.9915258982396706
324 0.9915258982396706
325 2.8458037380311114
326 2.8458037380311114
327 2.702779213846389
328 2.702779213846389
329 3.8275382369804314
330 3.8275382369804314
331 2.1868397526404637
332 2.1868397526404637
333 2.470520341940988
334 2.470520341940988
335 3.511422970821156
336 3.511422970821156
337 1.8744982540169581
338 1.8744982540169581
339 2.0093244563467545
340 2.0093244563467545
341 1.8675029600285231
342 1.8675029600285231
343 3.026187878389731
344 3.026187878389731
345 3.6335975500532784
346 3.6335975500532784
347 2.942902380391044
348 1.273571979817433
349 1.273571979817433
350 1.3794350045379518
351 1.3794350045379518
352 1.6253939018776882
353 1.6253939018776882
354 0.817524161402927
355 0.817524161402927
356 1.4620395200586076
357 1.4620395200586076
358 1.552390026329315
359 1.552390026329315
360 1.7029640371184447
361 1.7029640371184447
362 1.0390008380312754
363 1.0390008380312754
364 1.5817508129852924
365 1.5817508129852924
366 2.142835348445119
367 2.142835348445119
368 2.105395482601761
369 2.105395482601761
370 3.8232166281026685
371 3.8232166281026685
372 3.751362902890763
373 3.751362902890763
374 1.0790739462911512
375 1.0790739462911512
376 3.8298340394763697
377 3.8298340394763697
378 3.305965045347704
379 3.305965045347704
380 3.6503017141368694
381 3.6503017141368694
382 2.918255549868316
383 2.918255549868316
384 2.5514076681515716
385 2.5514076681515716
386 4.106834637177425
387 4.106834637177425
388 2.1136676752720147
389 2.1136676752720147
390 2.819301303765183
391 2.819301303765183
392 3.3954098127956653
393 2.2069997260672394
394 2.2069997260672394
395 2.0607858104105827
396 0.14772943392355598
397 0.14772943392355598
398 0.1462561468765878
399 0.1462561468765878
400 0.23667670626404264
401 0.23667670626404264
402 0.24872756493311618
403 0.24872756493311618
404 0.2400419991539841
405 0.2400419991539841
406 0.25849709005179655
407 0.25849709005179655
408 0.1416554437496862
409 0.1416554437496862
410 0.21346089110663427
411 0.21346089110663427
412 0.27604508107940195
413 0.27604508107940195
414 0.1
415 0.1
416 0.20298941320092256
417 0.20298941320092256
418 0.21269829135192578
419 0.21269829135192578
420 0.2532122393395767
421 0.2532122393395767
422 0.14750846413594135
423 0.14750846413594135
424 0.24612467363833412
425 0.24612467363833412
426 0.11020541988087403
427 0.11020541988087403
428 0.25745376662510006
429 0.25745376662510006
430 0.24028972288556902
431 0.24028972288556902
432 0.18665465560238792
433 0.18665465560238792
434 0.24640124528105653
435 0.24640124528105653
436 0.2478231638822299
437 0.2478231638822299
438 0.23482478680600113
439 0.23482478680600113
440 0.2546953788406431
441 0.2546953788406431
442 0.28158403121452097
443 0.28158403121452097
444 0.21874163321987586
445 0.21874163321987586
446 0.22728913551810334
447 0.22728913551810334
448 0.23056797050291916
449 0.23056797050291916
450 0.28423876573069984
451 0.28423876573069984
452 0.31959928805946203
453 0.31959928805946203
454 0.13458934531273042
455 0.13458934531273042
456 0.1809639291801601
457 0.1809639291801601
458 0.2811561556349297
459 0.2811561556349297
460 0.1388644371731305
461 0.1388644371731305
462 0.28420239320603924
463 0.28420239320603924
464 0.15419041244506343
465 0.15419041244506343
466 0.254090508337565
467 0.254090508337565
468 0.1471711956486118
469 0.1471711956486118
470 0.2174942134781207
471 0.2174942134781207
472 0.13746547873313775
473 0.13746547873313775
474 0.21165314617218492
475 0.21165314617218492
476 0.16021505911267836
477 0.16021505911267836
478 0.1284284576956486
479 1.4845353444244889
480 1.4845353444244889
481 2.7486602107709306
482 2.7486602107709306
483 3.0762022705005716
484 3.0762022705005716
485 3.694066632500085
486 3.694066632500085
487 2.7652964502363506
488 2.7652964502363506
489 2.6756843985694347
490 2.6756843985694347
491 2.3869738578403186
492 2.3869738578403186
493 1.4786191748659927
494 1.4786191748659927
495 6.043569680384836
496 6.043569680384836
497 4.002958299537222
498 1.942037095983944
499 1.942037095983944
500 1.5085423824926285
501 1.5085423824926285
502 1.8391267181796251
503 1.8391267181796251
504 1.5026080980049612
505 1.5026080980049612
506 1.632383292492687
507 1.632383292492687
508 1.5211296699318677
509 1.5211296699318677
510 1.9263352663366864
511 1.9263352663366864
512 1.5573360192588357
513 1.5573360192588357
514 1.0059449476818483
515 1.0059449476818483
516 2.389798216207141
517 2.389798216207141
518 1.0212076946666129
519 1.0212076946666129
520 1.6174238404160095
521 1.6174238404160095
522 1.4173902238402225
523 1.4173902238402225
524 1.1667390904887696
525 1.1667390904887696
526 1.2001351851816666
527 1.2001351851816666
528 1.9308269981704205
529 1.9308269981704205
530 0.1
531 0.1
532 1.094808822855269
533 1.094808822855269
534 1.1898465820144728
535 1.1898465820144728
536 0.9489429546705306
537 0.9489429546705306
538 0.9471084827209348
539 0.9471084827209348
540 0.6091751334233846
541 0.6091751334233846
542 4.8651082369846534
543 4.8651082369846534
544 1.0829586059127334
545 1.0829586059127334
546 5.091226228678423
547 5.091226228678423
548 4.851706113381578
549 4.851706113381578
550 5.621291868194959
551 5.621291868194959
552 1.9027748246693803
553 1.9027748246693803
554 1.796308945726809
555 1.796308945726809
556 4.311935248763801
557 4.311935248763801
558 4.47258875000207
559 4.47258875000207
560 4.494885030857249
561 4.494885030857249
562 4.66243359988475
563 4.66243359988475
564 4.250807856139771
565 4.250807856139771
566 3.6432215020463463
567 3.6432215020463463
568 4.304733387857086
569 4.304733387857086
570 5.569418498294761
571 5.569418498294761
572 3.2414772416630173
573 3.2414772416630173
574 5.551658579623918
575 3.717362866844142
576 3.717362866844142
577 4.220040547815299
578 4.220040547815299
579 4.8777824150781015
580 4.8777824150781015
581 5.3778047901685575
582 5.3778047901685575
583 3.931982215302965
584 3.931982215302965
585 6.355632569564964
586 6.355632569564964
587 1.7412027969216297
588 1.7412027969216297
589 1.9149874344606128
590 1.9149874344606128
591 3.1820076333554157
592 3.1820076333554157
593 1.5230232338054814
594 1.5230232338054814
595 1.6799886801082047
596 1.6799886801082047
597 1.9645298887395777
598 1.9645298887395777
599 2.6898703691482964
600 2.6898703691482964
601 3.0583895775208503
602 3.0583895775208503
603 3.0686980528849714
604 3.0686980528849714
605 3.2615556988889076
606 3.2615556988889076
607 1.870728270902899
608 1.870728270902899
609 3.023243209530409
610 3.023243209530409
611 2.3784075467620256
612 2.3784075467620256
613 2.394443518618539
614 2.394443518618539
615 2.423984888302759
616 2.423984888302759
617 2.349988535652451
618 2.349988535652451
619 1.6807833276881348
620 1.6807833276881348
621 2.2497856012900432
622 2.2497856012900432
623 2.197748691948994
624 2.197748691948994
625 3.1559089822321633
626 3.1559089822321633
627 4.259500108062845
628 4.259500108062845
629 3.348659857623458
630 3.348659857623458
631 3.8976087523938827
632 3.8976087523938827
633 2.1958146524571065
634 2.1958146524571065
635 3.0734494780770194
636 3.0734494780770194
637 2.229777166109397
638 2.229777166109397
639 1.6908882105330956
640 1.6908882105330956
641 2.071966203848703
642 2.071966203848703
643 2.486195140400179
644 2.486195140400179
645 2.1618586621812153
646 2.1618586621812153
647 1.4624579963295934
648 1.4624579963295934
649 2.1569248739821303
650 2.1569248739821303
651 2.812940018186732
652 2.812940018186732
653 4.544120995675097
654 4.544120995675097
655 1.2089506548751352
656 1.2089506548751352
657 2.2831947869151277
658 2.2831947869151277
659 2.1237140495384885
660 2.1237140495384885
661 2.001750767054173
662 2.001750767054173
663 1.922673397314002
664 1.922673397314002
665 2.8120073443772178
666 2.8120073443772178
667 2.359128490362735
668 2.359128490362735
669 1.7531635624168125
670 1.7531635624168125
671 1.682455136789485
672 1.682455136789485
673 3.0793565731958514
674 3.0793565731958514
675 2.369416432096124
676 2.369416432096124
677 1.0040298594884902
678 1.0040298594884902
679 2.474911010178453
680 2.474911010178453
681 2.7473997006994457
682 2.7473997006994457
683 2.971658224433608
684 2.971658224433608
685 2.239351682063441
686 2.239351682063441
687 2.466672227962151
688 2.466672227962151
689 3.571706638104861
690 3.571706638104861
691 1.8940905552901461
692 1.8940905552901461
693 3.274105453468322
694 3.274105453468322
695 2.840064109181183
696 2.840064109181183
697 2.0336370631467005
698 2.0336370631467005
699 3.36330751657978
700 3.36330751657978
701 3.153948212943183
702 3.153948212943183
703 3.07466292066061
704 3.07466292066061
705 2.143713795844141
706 2.143713795844141
707 2.0196349168558063
708 2.0196349168558063
709 2.7228419596589144
710 2.7228419596589144
711 2.2247698158389695
712 2.2247698158389695
713 2.3617694942522274
714 2.3617694942522274
715 2.486769534468385
716 2.486769534468385
717 1.9809325730448182
718 1.9809325730448182
719 2.2397856876489124
720 2.2397856876489124
721 2.8824854450141446
722 2.8824854450141446
723 4.018080490212332
724 4.018080490212332
725 2.07763731177517
726 2.07763731177517
727 1.9547335300590853
728 1.9547335300590853
729 1.6034431969115264
730 1.6034431969115264
731 3.640660826154478
732 3.640660826154478
733 4.126923699190666
734 4.126923699190666
735 2.7609599248487395
736 2.7609599248487395
737 1.858009010295628
738 1.858009010295628
739 1.8495605371135009
740 1.8495605371135009
741 3.7966901786887557
742 3.7966901786887557
743 2.879226403753708
744 2.879226403753708
745 1.5175531612148707
746 1.5175531612148707
747 1.6735079153489205
748 1.6735079153489205
749 2.7156495934843488
750 2.7156495934843488
751 2.045496021269237
752 2.045496021269237
753 2.446757508663367
754 2.446757508663367
755 2.4643606894858157
756 2.4643606894858157
757 2.8438953417545347
758 2.8438953417545347
759 2.7440778183700267
760 2.7440778183700267
761 2.6658996171414784
762 2.6658996171414784
763 1.6855483205172073
764 1.6855483205172073
765 2.764842264679448
766 2.764842264679448
767 0.8996718891911446
768 0.8996718891911446
769 2.827446261954465
770 2.827446261954465
771 1.9945353771195673
772 1.9945353771195673
773 1.0938978565263087
774 1.0938978565263087
775 1.976521606099192
776 1.976521606099192
777 1.7231046934756664
778 1.7231046934756664
779 4.049036037065925
780 4.049036037065925
781 1.0874968630023292
782 1.0874968630023292
783 3.1538937211155975
784 3.1538937211155975
785 2.550279885625347
786 2.550279885625347
787 3.299042725831556
788 3.299042725831556
789 1.5662534117074776
790 1.5662534117074776
791 2.4241678635420896
792 2.4241678635420896
793 2.112160343828429
794 2.112160343828429
795 3.487838463538138
796 3.487838463538138
797 2.8708743015731826
798 2.8708743015731826
799 2.1963178847144222
800 2.1963178847144222
801 4.174462096957553
802 4.174462096957553
803 2.071648660136496
804 2.071648660136496
805 2.970593758629724
806 2.970593758629724
807 2.433583106455514
808 2.433583106455514
809 2.6024777035504116
810 2.6024777035504116
811 2.8308229836405263
812 2.8308229836405263
813 2.474313081534785
814 2.474313081534785
815 3.3330289501438806
816 3.3330289501438806
817 1.1279899886778373
818 1.1279899886778373
819 2.6437339624636276
820 2.6437339624636276
821 2.130442872575799
822 2.130442872575799
823 3.5715654555032676
824 3.5715654555032676
825 3.2151743489491653
826 3.2151743489491653
827 4.351843768031018
828 4.351843768031018
829 1.691177240336177
830 1.691177240336177
831 3.5040636226136037
832 3.5040636226136037
833 5.702483649496838
834 5.702483649496838
835 7.838924804193489
836 7.838924804193489
837 1.800894518813469
838 1.800894518813469
839 4.023031924824956
840 4.023031924824956
841 5.036726924491314
842 5.036726924491314
843 2.9147802695347207
844 2.9147802695347207
845 4.0861248812300195
846 4.0861248812300195
847 2.985115486212913
848 2.985115486212913
849 5.1859035377146805
850 5.1859035377146805
851 3.76389188429111
852 3.76389188429111
853 5.904502828526767
854 5.904502828526767
855 3.733365426441321
856 3.733365426441321
857 4.373681786710764
858 4.373681786710764
859 5.0846913571181025
860 5.0846913571181025
861 5.921397796578726
862 5.921397796578726
863 4.533897646245907
864 4.533897646245907
865 6.637696076750835
866 6.637696076750835
867 5.140695575195105
868 5.140695575195105
869 3.6037572168618426
870 3.6037572168618426
871 3.6357995060785164
872 3.6357995060785164
873 3.9741683156598815
874 3.9741683156598815
875 7.78175565816276
876 7.78175565816276
877 4.497764115744673
878 4.497764115744673
879 3.766179859457552
880 3.766179859457552
881 6.170513475580771
882 6.170513475580771
883 2.468245733872121
884 2.468245733872121
885 6.70279000081528
886 6.70279000081528
887 6.893564466560889
888 6.893564466560889
889 4.1705885128351525
890 4.1705885128351525
891 3.073345349635857
892 3.073345349635857
893 1.9406643303027131
894 1.9406643303027131
895 2.7144940967122437
896 1.4223467994905945
897 1.4223467994905945
898 1.3572001414642092
899 1.3572001414642092
900 1.6502543004501198
901 1.6502543004501198
902 2.85991889769968
903 2.85991889769968
904 1.5549927759532554
905 1.5549927759532554
906 3.457239365609504
907 3.457239365609504
908 2.8594519327093075
909 2.8594519327093075
910 4.267208551454656
911 4.267208551454656
912 3.6844348658271437
913 3.6844348658271437
914 4.326837237274315
915 4.326837237274315
916 1.5176163712029163
917 1.5176163712029163
918 2.9726145813504794
919 2.9726145813504794
920 2.4235731713298585
921 2.4235731713298585
922 2.0641955604061986
923 2.0641955604061986
924 2.3490453694325315
925 2.3490453694325315
926 2.4385282766849534
927 2.4385282766849534
928 2.1968649085047978
929 2.1968649085047978
930 1.4563944559680775
931 1.4563944559680775
932 0.8209015842931462
933 0.8209015842931462
934 2.73133149522451
935 2.73133149522451
936 3.6243326443539643
937 3.6243326443539643
938 2.395172801367678
939 2.395172801367678
940 3.9556186863312366
941 3.9556186863312366
942 2.4885616530193264
943 2.4885616530193264
944 1.659380323372777
945 1.659380323372777
946 2.8197472575026588
947 3.443832033546197
948 2.4302356358346975
949 2.4302356358346975
950 2.164285072927724
951 2.164285072927724
952 2.573074744667553
953 2.573074744667553
954 0.23966285726970343
955 0.23966285726970343
956 0.20130872685759202
957 0.20130872685759202
958 0.22174094869265107
959 0.22174094869265107
960 0.19568887120878714
961 0.19568887120878714
962 0.17070006509158975
963 0.17070006509158975
964 0.16009705886372333
965 0.16009705886372333
966 0.22548613725027894
967 0.22548613725027894
968 0.17679461848162176
969 0.17679461848162176
970 0.22820585006926625
971 0.22820585006926625
972 0.19035582739703014
973 0.19035582739703014
974 0.17443060593560789
975 1.3941069188324415
976 1.3941069188324415
977 1.2293082454592716
978 1.2293082454592716
979 1.1939729598761295
980 1.1939729598761295
981 0.6926808346931621
982 0.6926808346931621
983 1.078942773945614
984 1.078942773945614
985 1.471427396283383
986 1.471427396283383
987 1.3122684947972423
988 1.3122684947972423
989 1.199740243689706
990 1.199740243689706
991 0.8016209553351408
992 0.8016209553351408
993 1.057868052055075
994 1.057868052055075
995 0.7892115450647473
996 0.7892115450647473
997 0.9094952700239421
998 0.9094952700239421
999 1.3429080956932542
1000 1.3429080956932542
1001 1.385397250237459
1002 1.385397250237459
1003 1.286927142322137
1004 1.286927142322137
1005 0.8572311173730174
1006 0.8572311173730174
1007 1.8294191642176245
1008 1.8294191642176245
1009 1.9424874540117867
1010 1.9424874540117867
1011 1.199556238868076
1012 3.0263661992994924
1013 3.0263661992994924
1014 3.1560186310751854
1015 3.1560186310751854
1016 1.6642179710145215
1017 1.6642179710145215
1018 2.4019598262977406
1019 2.4019598262977406
1020 1.5740205058886116
1021 1.5740205058886116
1022 1.531061192407861
1023 1.531061192407861
1024 2.5132506404847135
1025 2.5132506404847135
1026 0.8149307851955663
1027 0.8149307851955663
1028 1.2143611457580743
1029 1.2143611457580743
1030 2.6435936674670186
1031 2.6435936674670186
1032 0.6754491403735985
1033 0.6754491403735985
1034 2.4781581244044233
1035 2.4781581244044233
1036 2.2557632777054257
1037 2.2557632777054257
1038 3.272862433157391
1039 3.272862433157391
1040 2.4900944170716572
1041 2.4900944170716572
1042 2.831638309841699
1043 2.831638309841699
1044 0.9735349774784989
1045 0.9735349774784989
1046 2.0407895194330385
1047 2.0407895194330385
1048 1.3642851023438323
1049 1.3642851023438323
1050 2.978932182408034
1051 2.978932182408034
1052 1.6435054814368504
1053 1.6435054814368504
1054 2.290085724193084
1055 2.290085724193084
1056 1.5460945715430103
1057 1.5460945715430103
1058 1.826363863873425
1059 1.826363863873425
1060 3.067805617591244
1061 3.067805617591244
1062 2.4636012530122153
1063 2.4636012530122153
1064 4.702342914105833
1065 4.702342914105833
1066 0.7227964123584507
1067 0.7227964123584507
1068 3.9056011488318862
1069 3.9056011488318862
1070 2.793467868418353
1071 2.793467868418353
1072 3.147945534680162
1073 3.147945534680162
1074 2.8087040234491347
1075 2.8087040234491347
1076 2.3072583412012717
1077 2.3072583412012717
1078 2.7180784825311504
1079 2.7180784825311504
1080 1.9863466567261625
1081 1.9863466567261625
1082 1.5346769649855398
1083 1.5346769649855398
1084 1.8643162010011052
1085 1.8643162010011052
1086 2.3499384053004784
1087 2.3499384053004784
1088 2.317797960416103
1089 1.2834605313603369
1090 1.2834605313603369
1091 0.7237783570671938
1092 0.7237783570671938
1093 0.9202106220959152
1094 0.9202106220959152
1095 1.257531792496547
1096 1.257531792496547
1097 0.9258508752944119
1098 0.9258508752944119
1099 1.055645977225075
1100 1.055645977225075
1101 1.6818099234614072
1102 1.6818099234614072
1103 1.1976595251898443
1104 1.1976595251898443
1105 5.111150058196655
1106 5.111150058196655
1107 4.056269529928041
1108 4.056269529928041
1109 3.266509068989536
1110 3.266509068989536
1111 2.9777714633611705
1112 2.9777714633611705
1113 2.517244470706198
1114 2.517244470706198
1115 4.362483229340819
1116 4.362483229340819
1117 4.2003719763658856
1118 4.2003719763658856
1119 4.432492932521994
1120 4.432492932521994
1121 4.476838483230717
1122 4.476838483230717
1123 1.528966614529737
1124 1.528966614529737
1125 0.8993093411075685
1126 0.8993093411075685
1127 2.0083353021634247
1128 2.0083353021634247
1129 2.401890205760403
1130 2.401890205760403
1131 1.6990524916762029
1132 1.6990524916762029
1133 1.1501228079239665
1134 1.1501228079239665
1135 1.3344613759861723
1136 1.3344613759861723
1137 1.9355073063997077
1138 0.6953949630623071
1139 0.6953949630623071
1140 0.5941453509482777
1141 0.5941453509482777
1142 0.8106038904140118
1143 0.8106038904140118
1144 0.5677709391076119
1145 0.5677709391076119
1146 0.5606631938903355
1147 0.5606631938903355
1148 0.629860922954665
1149 0.629860922954665
1150 0.6249697606268783
1151 0.6249697606268783
1152 0.9427348306790597
1153 0.9427348306790597
1154 0.6565322056786683
1155 0.6565322056786683
1156 2.5346121813017666
1157 2.5346121813017666
1158 3.295308262757939
1159 3.295308262757939
1160 4.068630144145856
1161 4.068630144145856
1162 2.348642566096567
1163 2.348642566096567
1164 3.3018546076957227
1165 0.4658375416749614
1166 0.4658375416749614
1167 1.3445582416911672
1168 1.3445582416911672
1169 0.7500054301567234
1170 0.7500054301567234
1171 1.4428738456666683
1172 1.4428738456666683
1173 0.5180963385312445
1174 0.5180963385312445
1175 1.2685775507335002
1176 1.2685775507335002
1177 1.1250897948309422
1178 1.1250897948309422
1179 0.9325776115011691
1180 0.9325776115011691
1181 0.9321320421584036
1182 0.9321320421584036
1183 1.3225468835381387
1184 1.3225468835381387
1185 1.227235452399507
1186 1.227235452399507
1187 1.3431083677326618
1188 1.3431083677326618
1189 1.0711337172098527
1190 1.0711337172098527
1191 1.2418308400512528
1192 1.2418308400512528
1193 0.7265395357992193
1194 0.7265395357992193
1195 1.459529787919978
1196 1.459529787919978
1197 1.3528459898056555
1198 1.3528459898056555
1199 0.7881652854802215
1200 0.7881652854802215
1201 1.0386500159913703
1202 1.0386500159913703
1203 1.106421417974231
1204 1.106421417974231
1205 1.5074915957010433
1206 1.5074915957010433
1207 0.6794256229875266
1208 0.6794256229875266
1209 1.6199346804664536
1210 1.6199346804664536
1211 0.9651820763135645
1212 0.9651820763135645
1213 0.9420927766736864
1214 0.47194155420364126
1215 0.47194155420364126
1216 0.8987480509888022
1217 0.8987480509888022
1218 0.6826410666703758
1219 0.6826410666703758
1220 0.550434419942468
1221 0.550434419942468
1222 0.18441795885751994
1223 0.18441795885751994
1224 0.7132226085953621
1225 0.7132226085953621
1226 0.6951604460301006
1227 0.6951604460301006
1228 0.7500411931325087
1229 0.7500411931325087
1230 0.7927855800510326
1231 0.7927855800510326
1232 0.33378151952018864
1233 0.33378151952018864
1234 0.9057225514812475
1235 0.9057225514812475
1236 0.8660828495941941
1237 0.8660828495941941
1238 0.3807261926930982
1239 0.3807261926930982
1240 1.0941551548910706
1241 1.0941551548910706
1242 0.7387597898591614
1243 0.7387597898591614
1244 0.8004569672358857
1245 0.8004569672358857
1246 0.9828395741162993
1247 0.9828395741162993
1248 1.356077093518099
1249 1.356077093518099
1250 0.9758334147461074
1251 0.9758334147461074
1252 1.0320608540080203
1253 1.0320608540080203
1254 0.8169617777791063
1255 0.8169617777791063
1256 1.3469660768438159
1257 1.3469660768438159
1258 1.1250385478700937
1259 1.1250385478700937
1260 1.034820676635775
1261 1.034820676635775
1262 0.6478421792736786
1263 0.6478421792736786
1264 0.4914571793506334
1265 0.4914571793506334
1266 0.6948359076304009
1267 0.6948359076304009
1268 0.6079319855042771
1269 0.6079319855042771
1270 1.1795261686356344
1271 1.1795261686356344
1272 1.0310486346767291
1273 1.0310486346767291
1274 1.4640851735246891
1275 1.4640851735246891
1276 1.1079108330035607
1277 1.1079108330035607
1278 0.6744454424425661
1279 0.6744454424425661
1280 1.0775262121230988
1281 1.0775262121230988
1282 1.7154661230029462
1283 1.7154661230029462
1284 2.382296374396886
1285 2.382296374396886
1286 3.1355124240654924
1287 3.1355124240654924
1288 2.179748101155819
1289 2.179748101155819
1290 2.5887908860592086
1291 2.5887908860592086
1292 2.7309705649295557
1293 2.7309705649295557
1294 2.8556704061764013
1295 2.8556704061764013
1296 2.863377578042432
1297 2.863377578042432
1298 2.211961684314562
1299 2.211961684314562
1300 1.9817145635543327
1301 1.9817145635543327
1302 2.079515354555606
1303 2.079515354555606
1304 2.180803033287794
1305 2.180803033287794
1306 2.0202110395681636
1307 3.9185666134310866
1308 3.9185666134310866
1309 2.00402812807836
1310 2.00402812807836
1311 2.119988151314651
1312 2.119988151314651
1313 2.698767421963768
1314 2.698767421963768
1315 1.3216243735464333
1316 1.3216243735464333
1317 5.0723099964015805
1318 5.0723099964015805
1319 2.745751347450047
1320 2.745751347450047
1321 3.0345657799153636
1322 3.0345657799153636
1323 1.8424170005222527
1324 1.8424170005222527
1325 2.6611665901739108
1326 2.6611665901739108
1327 3.206128013848357
1328 3.206128013848357
1329 4.256862678656241
1330 4.256862678656241
1331 4.778118408959983
1332 4.778118408959983
1333 4.821026348425751
1334 4.821026348425751
1335 3.2049418258411335
1336 3.2049418258411335
1337 3.6547253157780486
1338 3.6547253157780486
1339 2.61658089140584
1340 2.61658089140584
1341 4.727432441895507
1342 4.727432441895507
1343 1.251633675796095
1344 1.251633675796095
1345 4.373003457942977
1346 3.358047500643961
1347 3.358047500643961
1348 2.379898496117609
1349 2.379898496117609
1350 2.9715137111317635
1351 2.9715137111317635
1352 2.1966274759612006
1353 2.1966274759612006
1354 2.438141473822653
1355 2.438141473822653
1356 3.820184991699021
1357 3.820184991699021
1358 2.4351455897177448
1359 2.4351455897177448
1360 1.7659015432830771
1361 1.7659015432830771
1362 2.5004868772800513
1363 2.5004868772800513
1364 2.5615350759697075
1365 2.5615350759697075
1366 2.721019611673868
1367 2.721019611673868
1368 1.9929001521560563
1369 1.9929001521560563
1370 4.0494959287552055
1371 4.0494959287552055
1372 2.145301600455125
1373 2.145301600455125
1374 3.3606135758407656
1375 3.3606135758407656
1376 2.6596209712335805
1377 2.6596209712335805
1378 2.5334234759101646
1379 2.5334234759101646
1380 2.394365983354888
1381 2.394365983354888
1382 2.4267709698289996
1383 2.4267709698289996
1384 0.8752717671290313
1385 0.8752717671290313
1386 2.8228651235620283
1387 2.8228651235620283
1388 3.5661881752224023
1389 3.5661881752224023
1390 2.748767384309108
1391 2.748767384309108
1392 1.3558168832341397
1393 1.3558168832341397
1394 1.9240833336086889
1395 1.9240833336086889
1396 2.756719387366201
1397 2.756719387366201
1398 1.647839874880963
1399 1.647839874880963
1400 2.3390205370735266
1401 3.715467832036861
1402 3.715467832036861
1403 1.7339265937822361
1404 1.7339265937822361
1405 2.4467722588964667
1406 2.4467722588964667
1407 2.5725769519279185
1408 2.5725769519279185
1409 1.9468220695525091
1410 1.9468220695525091
1411 5.429041988089913
1412 5.429041988089913
1413 3.5247704761705303
1414 3.5247704761705303
1415 4.957207732857645
1416 4.957207732857645
1417 2.515217577463729
1418 2.515217577463729
1419 4.8739332396641295
1420 4.8739332396641295
1421 5.40340862061631
1422 5.40340862061631
1423 4.394613840363042
1424 4.394613840363042
1425 3.9375445646229434
1426 3.9375445646229434
1427 6.08911147076639
1428 6.08911147076639
1429 2.750952019514628
1430 2.750952019514628
1431 4.813055257070783
1432 4.813055257070783
1433 2.007239402638742
1434 2.007239402638742
1435 3.023079048494397
1436 3.023079048494397
1437 1.6877318827077208
1438 1.6877318827077208
1439 3.5366407484135696
1440 3.5366407484135696
1441 2.3109346679645784
1442 2.3109346679645784
1443 3.242393054079324
1444 3.242393054079324
1445 2.5213138852716015
1446 2.5213138852716015
1447 1.6152702036492117
1448 1.6152702036492117
1449 2.3018279466088605
1450 2.3018279466088605
1451 1.6884211148254122
1452 1.6804579577023693
1453 1.6804579577023693
1454 1.9131346992872584
1455 1.9131346992872584
1456 2.2270603636723494
1457 2.2270603636723494
1458 1.7910718491196396
1459 1.7910718491196396
1460 1.7312489138180358
1461 1.7312489138180358
1462 2.568751894730967
1463 2.568751894730967
1464 0.9367069629226149
1465 0.9367069629226149
1466 1.9642776846902226
1467 1.9642776846902226
1468 1.209438542283327
1469 1.209438542283327
1470 1.502372615023023
1471 1.502372615023023
1472 1.4910599233308524
1473 1.4910599233308524
1474 2.163293476503262
1475 2.163293476503262
1476 3.482140180707368
1477 3.482140180707368
1478 2.597051576204274
1479 2.597051576204274
1480 2.9475490378271645
1481 2.9475490378271645
1482 2.6474652936685423
1483 2.6474652936685423
1484 4.771428317677744
1485 4.771428317677744
1486 2.4270995425845925
1487 2.1881140847820224
1488 2.1881140847820224
1489 1.56668301843089
1490 1.56668301843089
1491 2.0461708950483604
1492 2.0461708950483604
1493 1.7867347359927852
1494 1.7867347359927852
1495 2.016045001242034
1496 2.016045001242034
1497 1.664783498051142
1498 1.664783498051142
1499 2.6945138177551717
1500 2.6945138177551717
1501 2.2859877282137937
1502 2.2859877282137937
1503 2.2703599466496347
1504 2.2703599466496347
1505 1.3959513208876606
1506 1.3959513208876606
1507 2.147169538836133
1508 2.147169538836133
1509 1.4533581072106951
1510 1.4533581072106951
1511 1.6976607831600252
1512 1.6976607831600252
1513 2.183825784264234
1514 2.183825784264234
1515 1.5513609656645815
1516 1.5513609656645815
1517 1.7405275306897914
1518 1.7405275306897914
1519 2.506862357664421
1520 2.506862357664421
1521 3.139345323438931
1522 3.139345323438931
1523 2.5440222836748885
1524 2.5440222836748885
1525 4.560690508345642
1526 4.560690508345642
1527 5.3644140740575175
1528 5.3644140740575175
1529 2.8680684462212516
1530 2.8680684462212516
1531 2.8823748895176395
1532 2.8823748895176395
1533 1.5904931016098165
1534 1.5904931016098165
1535 4.581324542448132
1536 4.581324542448132
1537 1.8142242225204748
1538 1.8142242225204748
1539 4.583101552909087
1540 4.583101552909087
1541 3.351932517631611
1542 3.351932517631611
1543 4.185774605121205
1544 4.185774605121205
1545 4.222847497319111
1546 4.222847497319111
1547 4.135425701554945
1548 4.135425701554945
1549 5.594578918027798
1550 5.594578918027798
1551 1.9270792565548354
1552 1.9270792565548354
1553 2.7049475448029656
1554 2.7049475448029656
1555 2.875915232066096
1556 2.875915232066096
1557 2.2095353807668667
1558 2.2095353807668667
1559 2.982578245041434
1560 2.982578245041434
1561 6.734908752681634
1562 6.734908752681634
1563 3.383573894939237
1564 3.383573894939237
1565 4.628352255608268
1566 4.628352255608268
1567 1.909628842338593
1568 1.909628842338593
1569 4.3511587555482825
1570 4.3511587555482825
1571 5.774937652162762
1572 5.774937652162762
1573 2.252433006977429
1574 2.252433006977429
1575 2.6312666351051544
1576 2.6312666351051544
1577 5.726067808495111
1578 5.726067808495111
1579 3.5619075811456704
1580 3.5619075811456704
1581 4.86832709573995
1582 4.86832709573995
1583 4.368774257615068
1584 4.368774257615068
1585 3.222535771078073
1586 3.222535771078073
1587 3.3314836490967776
1588 3.3314836490967776
1589 4.701505708824267
1590 4.701505708824267
1591 4.6005818053921415
1592 4.6005818053921415
1593 3.48143976314496
1594 3.48143976314496
1595 4.976332533836579
1596 4.976332533836579
1597 3.7058578854067328
1598 3.7058578854067328
1599 3.394022830645917
1600 3.394022830645917
1601 1.8308911754620687
1602 1.8308911754620687
1603 3.7953979724509543
1604 3.7953979724509543
1605 2.0577438157166656
1606 2.0577438157166656
1607 1.8581324407594106
1608 1.8581324407594106
1609 3.1489198339272275
1610 3.1489198339272275
1611 2.0522431707151716
1612 2.0522431707151716
1613 1.4010597627346013
1614 1.4010597627346013
1615 5.896280118772937
1616 5.896280118772937
1617 3.966278613293527
1618 3.966278613293527
1619 4.562925881161404
1620 0.7384546853797027
1621 0.7384546853797027
1622 0.14660921076119315
1623 0.14660921076119315
1624 0.8537642442165803
1625 0.8537642442165803
1626 1.0454450082964566
1627 1.0454450082964566
1628 1.1022604144685686
1629 1.1022604144685686
1630 0.5002917532741226
1631 0.5002917532741226
1632 0.8799732461888539
1633 0.8799732461888539
1634 1.2622386452000092
1635 1.2622386452000092
1636 1.4120356149849043
1637 1.4120356149849043
1638 1.2803823906972647
1639 1.2803823906972647
1640 1.3822976713654347
1641 1.3822976713654347
1642 1.0560495548514552
1643 1.0560495548514552
1644 1.1371948275737838
1645 1.1371948275737838
1646 0.9282321905037492
1647 0.9282321905037492
1648 0.6303744205169335
1649 0.6303744205169335
1650 2.0550485679600383
1651 2.0550485679600383
1652 1.3340122028676868
1653 1.3340122028676868
1654 1.51153239029755
1655 1.51153239029755
1656 1.4295607354944706
1657 1.4295607354944706
1658 0.7176010475762622
1659 0.7176010475762622
1660 1.0130997316339738
1661 1.0130997316339738
1662 1.1516146197627133
1663 1.1516146197627133
1664 1.4630370306006035
1665 1.4630370306006035
1666 1.3636749280076708
1667 1.3636749280076708
1668 1.034037648323833
1669 1.034037648323833
1670 1.4830120938282634
1671 1.4830120938282634
1672 0.21774728605582647
1673 0.21774728605582647
1674 0.22338734636911117
1675 0.22338734636911117
1676 0.18025458609871575
1677 0.18025458609871575
1678 0.18402502926550718
1679 0.18402502926550718
1680 0.20665302781333422
1681 0.20665302781333422
1682 0.2912587027457421
1683 0.2912587027457421
1684 0.21997534526205287
1685 0.21997534526205287
1686 0.12524074133754406
1687 0.12524074133754406
1688 0.26798579916336623
1689 0.26798579916336623
1690 0.22922171215845963
1691 0.22922171215845963
1692 0.1712228615027448
1693 0.1712228615027448
1694 0.2876255922740202
1695 0.2876255922740202
1696 0.14551576456592813
1697 0.14551576456592813
1698 0.1716317381048924
1699 0.1716317381048924
1700 0.10240500170630991
1701 0.10240500170630991
1702 0.16372251400969717
1703 0.16372251400969717
1704 0.17658987583798738
1705 0.17658987583798738
1706 0.2246357304512452
1707 0.2246357304512452
1708 0.21864498406165245
1709 0.21864498406165245
1710 0.13033296282688445
1711 0.13033296282688445
1712 1.0890707742782983
1713 1.0890707742782983
1714 1.9514566765805563
1715 1.9514566765805563
1716 0.7620942133133988
1717 0.7620942133133988
1718 1.1361275177639545
1719 1.1361275177639545
1720 2.288094301243673
1721 2.288094301243673
1722 0.15722690634623543
1723 0.15722690634623543
1724 0.18023190741847614
1725 0.18023190741847614
1726 0.2460646798985266
1727 0.2460646798985266
1728 0.22551512289597472
1729 0.22551512289597472
1730 0.14636097711895146
1731 0.14636097711895146
1732 0.23682685757838268
1733 0.23682685757838268
1734 0.20875270183677647
1735 0.20875270183677647
1736 0.11407697202637988
1737 0.11407697202637988
1738 0.17718464022259248
1739 0.17718464022259248
1740 0.13698848241909195
1741 0.13698848241909195
1742 0.1664138522438659
1743 0.1664138522438659
1744 0.23248017259725515
1745 0.23248017259725515
1746 6.105237763910067
1747 6.105237763910067
1748 3.2702057944418055
1749 3.2702057944418055
1750 4.647155549856406
1751 4.647155549856406
1752 4.269933811946331
1753 4.269933811946331
1754 2.1946180941008446
1755 2.1946180941008446
1756 3.623584177580888
1757 3.623584177580888
1758 3.47158803529536
1759 3.47158803529536
1760 3.4752548772173877
1761 3.4752548772173877
1762 0.6691527592181252
1763 0.6691527592181252
1764 4.412169133215796
1765 4.412169133215796
1766 4.338569202834581
1767 4.338569202834581
1768 2.7938443400012183
1769 2.7938443400012183
1770 4.148692543777305
1771 4.148692543777305
1772 0.6166286685454916
1773 0.6166286685454916
1774 0.7826645998914539
1775 0.7826645998914539
1776 0.5777685781599247
1777 0.5777685781599247
1778 1.1257684911660009
1779 1.1257684911660009
1780 3.9105200726365905
1781 3.9105200726365905
1782 3.6751738850075513
1783 3.6751738850075513
1784 2.848721673045975
1785 2.848721673045975
1786 3.474463253255893
1787 3.474463253255893
1788 3.1329781340568372
1789 3.1329781340568372
1790 3.4025623283512165
1791 3.4025623283512165
1792 4.602765781443176
1793 4.602765781443176
1794 3.4985430488633202
1795 1.2424803632110264
1796 1.2424803632110264
1797 0.8475443020783766
1798 0.8475443020783766
1799 3.3472471548562455
1800 3.3472471548562455
1801 2.313683424202882
1802 2.313683424202882
1803 1.697017978702178
1804 1.697017978702178
1805 1.6468024736226996
1806 1.6468024736226996
1807 2.1737851171304547
1808 2.1737851171304547
1809 1.2989497402543937
1810 1.2989497402543937
1811 1.7026890448235914
1812 1.7026890448235914
1813 2.0242951772097206
1814 2.0242951772097206
1815 2.055978269581066
1816 2.055978269581066
1817 1.489575821621866
1818 1.489575821621866
1819 0.22730960236857625
1820 0.22730960236857625
1821 0.21070208992666156
1822 0.21070208992666156
1823 0.1751386809422207
1824 0.1751386809422207
1825 0.13127935225974144
1826 1.2434113313426078
1827 1.2434113313426078
1828 1.499063597196037
1829 1.499063597196037
1830 0.6852773087260493
1831 0.6852773087260493
1832 0.4728635446728585
1833 0.4728635446728585
1834 1.0986423216528591
1835 1.0986423216528591
1836 0.9483359260158718
1837 4.292121195845164
1838 4.292121195845164
1839 4.022852978563282
1840 4.022852978563282
1841 5.018567622830868
1842 5.018567622830868
1843 4.612887259198028
1844 4.612887259198028
1845 3.656532827797917
1846 3.656532827797917
1847 4.414895919897235
1848 2.836363917195591
1849 2.836363917195591
1850 2.259407436984915
1851 2.259407436984915
1852 0.6685554795126241
1853 0.6685554795126241
1854 1.9906098846746856
1855 1.7214899412578566
1856 1.7214899412578566
1857 1.3576006386618418
1858 1.3576006386618418
1859 1.732013783064417
1860 1.732013783064417
1861 2.2533654679694637
1862 2.2533654679694637
1863 1.6003875702792758
1864 1.6003875702792758
1865 1.4944998547518658
1866 1.4944998547518658
1867 1.476745011486334
1868 1.476745011486334
1869 1.9871553800847273
1870 1.9871553800847273
1871 1.8437813614822547
1872 1.8437813614822547
1873 1.8030990145735186
1874 1.8030990145735186
1875 1.6997546353044437
1876 1.6997546353044437
1877 1.7926126207396715
1878 1.7926126207396715
1879 1.2955970315690624
1880 1.2955970315690624
1881 1.8230754912576599
1882 1.8230754912576599
1883 1.7544889486657516
1884 1.7544889486657516
1885 1.318104316234425
1886 1.318104316234425
1887 1.6869582164047843
1888 1.6869582164047843
1889 1.7782644711821975
1890 1.7782644711821975
1891 1.790259280614849
1892 1.790259280614849
1893 1.7543829910752364
1894 1.7543829910752364
1895 1.8494080244695557
1896 1.8494080244695557
1897 2.1741840823177343
1898 2.1741840823177343
1899 4.887947236413649
1900 4.887947236413649
1901 4.26193030103973
1902 4.26193030103973
1903 3.165668409462676
1904 3.165668409462676
1905 2.0917729039287236
1906 2.0917729039287236
1907 3.0800259517574373
1908 3.0800259517574373
1909 2.598864669780543
1910 2.598864669780543
1911 4.989350299728468
1912 4.989350299728468
1913 4.977988675684648
1914 4.977988675684648
1915 4.913239733261587
1916 4.913239733261587
1917 3.379769489823339
1918 3.379769489823339
1919 3.8768989742546642
1920 3.8768989742546642
1921 7.471979213478397
1922 7.471979213478397
1923 3.41777441774237
1924 3.41777441774237
1925 2.5037354952939332
1926 2.5037354952939332
1927 3.2120126379796488
1928 3.2120126379796488
1929 1.6120550618825051
1930 1.6120550618825051
1931 4.390918847263652
1932 4.390918847263652
1933 5.224776490288603
1934 5.224776490288603
1935 3.2876613524165457
1936 3.2876613524165457
1937 3.5913659831336715
1938 3.5913659831336715
1939 4.399301232495356
1940 4.399301232495356
1941 3.6967264678666205
1942 3.6967264678666205
1943 3.617273214576907
1944 3.617273214576907
1945 3.536194155018421
1946 3.536194155018421
1947 2.683013154335719
1948 2.683013154335719
1949 4.64061324067814
1950 4.64061324067814
1951 2.3735669950669633
1952 2.3735669950669633
1953 1.722214135387047
1954 1.722214135387047
1955 1.6718020737260986
1956 1.6718020737260986
1957 1.5441653450075075
1958 1.5441653450075075
1959 0.927153464085419
1960 0.927153464085419
1961 1.5073062426387325
1962 1.5073062426387325
1963 1.0107426697029203
1964 1.0107426697029203
1965 0.9199438795844456
1966 0.9199438795844456
1967 0.9349692778373045
1968 0.9349692778373045
1969 1.142465295297875
1970 1.142465295297875
1971 0.8491609475446462
1972 0.8491609475446462
1973 1.1342263645914605
1974 1.1342263645914605
1975 1.3359103828274475
1976 3.59163926261746
1977 3.59163926261746
1978 4.156604356075693
1979 4.156604356075693
1980 1.9046377967154593
1981 1.9046377967154593
1982 5.157917916993787
1983 5.157917916993787
1984 5.576963508654724
1985 5.576963508654724
1986 5.35811569471177
1987 5.35811569471177
1988 3.3146969560824733
1989 3.3146969560824733
1990 1.7143859773087615
1991 1.7143859773087615
1992 4.835149308955139
1993 3.7545174131064756
1994 3.7545174131064756
1995 3.6171063696239343
1996 3.6171063696239343
1997 1.2598891758223791
1998 1.2598891758223791
1999 4.041411718337589
