0 0.2870761234354814
1 0.2870761234354814
2 0.2185664766592209
3 0.2185664766592209
4 0.16310464691134338
5 0.16310464691134338
6 0.2241538251607743
7 0.2241538251607743
8 0.23058930482444837
9 0.23058930482444837
10 0.20021035747510232
11 0.20021035747510232
12 0.22398067270470715
13 0.22398067270470715
14 0.20182018894078343
15 0.20182018894078343
16 0.19090003090551178
17 0.6505230917409581
18 0.6505230917409581
19 0.7886412360762175
20 0.7886412360762175
21 0.6062788873201439
22 0.6062788873201439
23 0.6724182441215357
24 0.6724182441215357
25 0.632958086387553
26 0.632958086387553
27 0.5408975197969942
28 0.5408975197969942
29 0.8440963575236144
30 0.8440963575236144
31 0.37436627631383707
32 0.37436627631383707
33 0.6886272461374633
34 0.6886272461374633
35 0.6129433792708879
36 0.6129433792708879
37 0.5537924429687842
38 0.5537924429687842
39 0.3388363493292425
40 0.3388363493292425
41 0.5787342463844539
42 0.5787342463844539
43 0.6828946258444558
44 0.7943055899098627
45 0.7943055899098627
46 1.3894033209892642
47 1.3894033209892642
48 1.652079466028508
49 1.652079466028508
50 1.3378808371672999
51 1.3378808371672999
52 1.5185275481897256
53 1.5185275481897256
54 1.7372396992686234
55 1.7372396992686234
56 1.6829142627626676
57 1.6829142627626676
58 2.0966560580608933
59 2.0966560580608933
60 1.4415078007526563
61 1.4415078007526563
62 1.2001815074940354
63 1.2001815074940354
64 2.15046221036
65 2.15046221036
66 2.1644728179887296
67 2.1644728179887296
68 1.62660293279145
69 1.62660293279145
70 1.2020917761843637
71 1.2020917761843637
72 1.2445559014730163
73 1.2445559014730163
74 1.2168578266488332
75 1.2168578266488332
76 2.0324157742445976
77 2.0324157742445976
78 1.4728541232328896
79 1.4728541232328896
80 0.8891863031553083
81 0.8891863031553083
82 1.314051714063359
83 1.314051714063359
84 1.696684790322912
85 1.696684790322912
86 1.6149199630706266
87 1.6149199630706266
88 0.9942840887361669
89 0.9942840887361669
90 1.1360449961695864
91 1.1360449961695864
92 0.21284487669509042
93 0.21284487669509042
94 0.280612388198641
95 3.782717411574872
96 3.782717411574872
97 2.771059310376104
98 2.771059310376104
99 4.942166221997645
100 4.942166221997645
101 1.8129085242409926
102 1.8129085242409926
103 2.57661807751151
104 2.57661807751151
105 3.5348245406306793
106 3.5348245406306793
107 3.445629011711989
108 3.445629011711989
109 1.4019232231870933
110 1.4019232231870933
111 1.505455130515554
112 1.505455130515554
113 2.1002877247603324
114 2.1002877247603324
115 1.92962110552398
116 1.92962110552398
117 1.4128414034842327
118 1.4128414034842327
119 2.9755906154515035
120 2.9755906154515035
121 2.2889518516919125
122 2.2889518516919125
123 2.5975752524560933
124 2.5975752524560933
125 1.42357028465856
126 1.42357028465856
127 2.074453304346309
128 2.074453304346309
129 2.0344608181844843
130 2.0344608181844843
131 1.3748729839594807
132 1.3748729839594807
133 1.462972093135598
134 1.462972093135598
135 2.007074944560635
136 3.2555876875402774
137 3.2555876875402774
138 3.520825309681465
139 3.520825309681465
140 3.2671910766772774
141 3.2671910766772774
142 3.5358557212970516
143 3.5358557212970516
144 4.127456632655509
145 4.127456632655509
146 3.2086381111899347
147 3.2086381111899347
148 2.9921695232536765
149 2.9921695232536765
150 3.0938722869962874
151 3.0938722869962874
152 3.428757524276434
153 3.428757524276434
154 3.6702450556306245
155 3.6702450556306245
156 4.74422698019471
157 4.74422698019471
158 3.4095083434627638
159 3.4095083434627638
160 3.9346797747943114
161 3.9346797747943114
162 2.2119821866334153
163 2.2119821866334153
164 2.710724838079731
165 2.710724838079731
166 2.725765478165819
167 2.725765478165819
168 3.1023988854152798
169 3.1023988854152798
170 4.043692427483921
171 4.043692427483921
172 3.1209340857701173
173 3.1209340857701173
174 4.140400645754471
175 4.627133202736134
176 4.627133202736134
177 4.48104153988399
178 4.48104153988399
179 5.025298717604089
180 5.025298717604089
181 3.818696729685397
182 3.818696729685397
183 4.663649750327479
184 4.663649750327479
185 2.5330567710359686
186 2.5330567710359686
187 4.362175776617897
188 4.362175776617897
189 3.5315072721093355
190 1.661311652494557
191 1.661311652494557
192 1.4287667633356542
193 1.4287667633356542
194 1.7346103307587009
195 1.7346103307587009
196 0.8142114478672903
197 0.8142114478672903
198 1.647225576064993
199 1.647225576064993
200 1.8988631501987843
201 1.8988631501987843
202 1.8675103504303086
203 1.8675103504303086
204 2.0705828285434666
205 4.600425774899488
206 4.600425774899488
207 4.434949176601627
208 4.434949176601627
209 3.0958291295984752
210 3.0958291295984752
211 5.49084778205725
212 5.49084778205725
213 3.9526273230487305
214 3.9526273230487305
215 4.702276974798837
216 4.702276974798837
217 1.8780899173134546
218 1.8780899173134546
219 3.282922709732447
220 3.282922709732447
221 2.7147609269098023
222 2.7147609269098023
223 4.158636535766981
224 4.158636535766981
225 5.145511385273283
226 5.145511385273283
227 2.2677211181853045
228 2.2677211181853045
229 2.69351896528685
230 2.69351896528685
231 2.271281975852361
232 2.271281975852361
233 4.285484008407371
234 4.285484008407371
235 4.490281074251111
236 4.490281074251111
237 3.2980407565430188
238 3.2980407565430188
239 3.8871407200689068
240 3.8871407200689068
241 5.039429650695594
242 5.039429650695594
243 4.3052527385277015
244 4.3052527385277015
245 1.9016703416974117
246 1.9016703416974117
247 4.082643856518958
248 4.082643856518958
249 1.9511451208360304
250 1.9511451208360304
251 4.482669140773824
252 4.482669140773824
253 2.8881388850931677
254 2.8881388850931677
255 3.7301650897084344
256 3.7301650897084344
257 1.4875506197240025
258 1.4875506197240025
259 2.0372030405793025
260 2.0372030405793025
261 1.7052976390218426
262 1.7052976390218426
263 1.4504667452318167
264 1.4504667452318167
265 1.7974965315421376
266 1.7974965315421376
267 1.286979480423356
268 1.286979480423356
269 1.1741998657747543
270 1.1741998657747543
271 1.277039112835638
272 1.277039112835638
273 1.5094511795354963
274 1.5094511795354963
275 1.1382632580182546
276 1.1382632580182546
277 1.9177462031294024
278 1.9177462031294024
279 1.8724971289185803
280 1.8724971289185803
281 1.8307753092409946
282 1.8307753092409946
283 1.6753698105896844
284 1.6753698105896844
285 0.31675057712872257
286 0.31675057712872257
287 0.2383722598101587
288 0.2383722598101587
289 0.13431695351102904
290 0.13431695351102904
291 0.2260577117620419
292 0.9832391703891658
293 0.9832391703891658
294 0.24678839803902178
295 0.24678839803902178
296 0.2590654461144139
297 0.2590654461144139
298 0.1528993177039529
299 0.1528993177039529
300 0.1841250624892567
301 0.1841250624892567
302 0.1790644774400433
303 0.1790644774400433
304 1.2266799876976555
305 1.2266799876976555
306 0.7155096165623256
307 0.7155096165623256
308 1.013360042157812
309 1.013360042157812
310 1.0601448190914868
311 1.0601448190914868
312 1.014296335165266
313 1.014296335165266
314 1.3257070796453603
315 1.3257070796453603
316 0.9805432736915103
317 0.9805432736915103
318 0.6617768617597907
319 0.6617768617597907
320 1.5089801242543694
321 1.5089801242543694
322 0.8626645089880384
323 0.8626645089880384
324 0.9573894895996078
325 0.9573894895996078
326 1.1826884588530828
327 1.1826884588530828
328 1.162643461483286
329 1.162643461483286
330 1.0255857293324355
331 1.0255857293324355
332 0.9595685257637984
333 0.9595685257637984
334 1.2425383715972018
335 1.2425383715972018
336 1.1112011091489256
337 4.091599188566314
338 4.091599188566314
339 2.6935803097142097
340 2.6935803097142097
341 2.955353456875397
342 2.955353456875397
343 1.3654882716935157
344 1.3654882716935157
345 5.4540565281061175
346 5.4540565281061175
347 4.538299062210479
348 4.538299062210479
349 3.734964323249223
350 3.734964323249223
351 3.2827027128638986
352 3.2827027128638986
353 4.163225046979688
354 4.163225046979688
355 4.1008623472007315
356 4.1008623472007315
357 5.525877581553827
358 5.525877581553827
359 4.50297908823328
360 4.50297908823328
361 3.956245396177821
362 3.956245396177821
363 4.447976038429962
364 4.447976038429962
365 4.225292902235415
366 4.225292902235415
367 1.3764000945921713
368 1.3764000945921713
369 3.5145019561544295
370 3.5145019561544295
371 3.4352528161380205
372 3.4352528161380205
373 4.1113770333774555
374 4.1113770333774555
375 4.914553099105924
376 4.914553099105924
377 3.680054456013518
378 3.680054456013518
379 3.254802164460686
380 3.254802164460686
381 4.617484656128864
382 4.617484656128864
383 4.170612470095353
384 4.170612470095353
385 4.274527178487565
386 4.274527178487565
387 3.839904929792237
388 3.839904929792237
389 3.3715015892646916
390 3.3715015892646916
391 4.39502054913335
392 4.39502054913335
393 2.9086086734648218
394 2.9086086734648218
395 3.634903871683844
396 3.634903871683844
397 3.8906278659010916
398 3.8906278659010916
399 3.9986241695271376
400 2.8807818485522523
401 2.8807818485522523
402 3.1489406621859817
403 3.1489406621859817
404 0.9439214726708192
405 0.9439214726708192
406 2.8440527024598627
407 2.8440527024598627
408 2.145120498635789
409 2.145120498635789
410 1.9957474015544316
411 1.9957474015544316
412 1.2228852323532868
413 1.2228852323532868
414 2.630357280414893
415 2.630357280414893
416 1.9024107194667754
417 0.10990534599798633
418 0.10990534599798633
419 0.21116976806614496
420 0.21116976806614496
421 0.2745251336918171
422 0.2745251336918171
423 2.421285697775762
424 2.421285697775762
425 2.161090975368206
426 2.161090975368206
427 3.2872338863603874
428 3.2872338863603874
429 2.428858654222216
430 2.428858654222216
431 3.8741923279324038
432 3.8741923279324038
433 1.9261740529058393
434 1.9261740529058393
435 3.0495476722535106
436 3.0495476722535106
437 3.02113158228139
438 3.02113158228139
439 2.1538312746977626
440 2.1538312746977626
441 3.4640097489793
442 3.4640097489793
443 3.535541765902008
444 3.535541765902008
445 1.913174134788499
446 1.913174134788499
447 2.523496317594032
448 2.523496317594032
449 2.4596797447687515
450 2.4596797447687515
451 1.2382537804860883
452 1.2382537804860883
453 3.194485269714781
454 3.194485269714781
455 2.7805411261091004
456 2.7805411261091004
457 3.6632810178854864
458 3.6632810178854864
459 2.6245086232612156
460 2.6245086232612156
461 2.703702484175836
462 2.703702484175836
463 2.919988537335041
464 2.919988537335041
465 2.5280667774117855
466 2.5280667774117855
467 2.374546804440255
468 1.5167883872009007
469 1.5167883872009007
470 1.2843591568590993
471 1.2843591568590993
472 0.8422914754964932
473 0.8422914754964932
474 0.9983525222590832
475 0.9983525222590832
476 1.125042430280477
477 1.125042430280477
478 1.1911051557802899
479 0.16430020607545132
480 0.16430020607545132
481 0.19703620757400717
482 0.19703620757400717
483 0.1817501648839668
484 0.1817501648839668
485 2.487061200978232
486 2.487061200978232
487 2.24644716460957
488 2.24644716460957
489 2.5302029335834764
490 2.5302029335834764
491 1.805081496898172
492 1.805081496898172
493 3.1378347704614846
494 3.1378347704614846
495 3.386054967945088
496 3.386054967945088
497 1.435773401086368
498 1.435773401086368
499 2.2652377623925997
500 2.2652377623925997
501 2.215575273737249
502 2.215575273737249
503 2.137821083819459
504 2.137821083819459
505 3.1532886037444636
506 3.1532886037444636
507 2.6980664166139983
508 2.6980664166139983
509 2.6350747041383253
510 2.6350747041383253
511 3.6232243739584495
512 3.6232243739584495
513 2.2788056145397655
514 2.2788056145397655
515 2.587262353249568
516 2.587262353249568
517 2.6229104240661165
518 2.6229104240661165
519 2.163596206172712
520 2.163596206172712
521 3.0855265442113198
522 3.0855265442113198
523 2.797476356486863
524 2.797476356486863
525 2.1547805406470455
526 2.1547805406470455
527 3.057648279728043
528 3.057648279728043
529 2.726821455875968
530 2.726821455875968
531 3.3719759711848774
532 4.363141617185377
533 4.363141617185377
534 5.839840209923727
535 5.839840209923727
536 3.87313828659503
537 3.87313828659503
538 2.884114790687935
539 2.884114790687935
540 4.223336527050264
541 4.223336527050264
542 3.4833184189045334
543 3.4833184189045334
544 4.820727409377291
545 4.820727409377291
546 3.8573273688864433
547 3.8573273688864433
548 2.929259275931239
549 2.929259275931239
550 4.20036046981703
551 4.20036046981703
552 4.541645369287709
553 4.541645369287709
554 5.419217977538906
555 5.419217977538906
556 4.119622267913392
557 4.119622267913392
558 2.9270791838357306
559 2.9270791838357306
560 3.981294119495769
561 3.981294119495769
562 2.975271144523302
563 2.975271144523302
564 3.85761593067953
565 3.85761593067953
566 3.7098261189969355
567 3.7098261189969355
568 5.1287351777605545
569 5.1287351777605545
570 3.1594172309077337
571 3.1594172309077337
572 3.5307557699950687
573 3.5307557699950687
574 6.371874282911182
575 6.371874282911182
576 3.2601253819916707
577 3.2601253819916707
578 3.998690178811652
579 3.998690178811652
580 3.7018841649076877
581 3.7018841649076877
582 2.0835549659422687
583 2.0835549659422687
584 3.6125097894283655
585 3.6125097894283655
586 2.7888364178267793
587 2.7888364178267793
588 2.911319736129025
589 2.911319736129025
590 4.121864204948172
591 4.121864204948172
592 2.72305204504587
593 2.72305204504587
594 2.622085761624681
595 2.622085761624681
596 3.3018962039139197
597 3.3018962039139197
598 2.9866658308279845
599 2.9866658308279845
600 4.0516021163818605
601 4.0516021163818605
602 3.9182903573225714
603 3.9182903573225714
604 1.597681031569208
605 1.597681031569208
606 2.6744853460384177
607 2.6744853460384177
608 2.4953571702287087
609 2.4953571702287087
610 2.458886306969318
611 2.458886306969318
612 2.556981510367331
613 2.556981510367331
614 2.324103304652604
615 2.324103304652604
616 2.411144512208634
617 2.411144512208634
618 2.3977175355121245
619 2.3977175355121245
620 5.142597043856435
621 5.142597043856435
622 2.351117569363168
623 2.351117569363168
624 3.5245691290003225
625 3.5245691290003225
626 3.165236535800588
627 3.165236535800588
628 2.3438455482849028
629 2.3438455482849028
630 3.587411695186672
631 3.587411695186672
632 4.4322449831774735
633 4.4322449831774735
634 3.738810045576618
635 3.738810045576618
636 3.0115179781125545
637 3.0115179781125545
638 3.058247376377699
639 3.058247376377699
640 2.832205879504671
641 2.832205879504671
642 2.078552500743876
643 2.078552500743876
644 2.741297655473962
645 2.741297655473962
646 2.810426702823764
647 2.810426702823764
648 2.9649433190300822
649 2.9649433190300822
650 3.460536061850612
651 3.460536061850612
652 3.1155932215271385
653 3.1155932215271385
654 2.669988308824334
655 2.669988308824334
656 2.59758221257747
657 2.59758221257747
658 2.626703485288383
659 2.626703485288383
660 3.6052400157187217
661 3.6052400157187217
662 3.5050880346849373
663 3.5050880346849373
664 4.581991021023299
665 4.581991021023299
666 2.046783932829595
667 2.046783932829595
668 1.923794719773985
669 1.923794719773985
670 1.8768266626271395
671 1.8768266626271395
672 3.4252525353647933
673 3.4252525353647933
674 2.905490530491176
675 2.905490530491176
676 2.0705992595865226
677 2.0705992595865226
678 2.5259638483951807
679 2.5259638483951807
680 1.9375056507250952
681 1.9375056507250952
682 2.5513298739354804
683 2.5513298739354804
684 3.9592105880922204
685 3.9592105880922204
686 5.647403822745002
687 5.647403822745002
688 3.7212155063833863
689 3.7212155063833863
690 5.017584433058557
691 5.017584433058557
692 3.517034370986702
693 3.517034370986702
694 2.397972621289135
695 2.397972621289135
696 4.245620152217227
697 4.245620152217227
698 4.364988249136769
699 4.364988249136769
700 3.6034158212690457
701 3.6034158212690457
702 4.377277742839776
703 4.377277742839776
704 4.465047844185633
705 4.465047844185633
706 4.522832560015555
707 4.522832560015555
708 3.446486025146079
709 1.606040594126656
710 1.606040594126656
711 1.85428672702698
712 1.85428672702698
713 1.9703962030428264
714 1.9703962030428264
715 1.933716940978794
716 1.933716940978794
717 1.659980303438849
718 1.659980303438849
719 1.9262208749947192
720 1.9262208749947192
721 2.040873908912139
722 2.040873908912139
723 1.4350852206874518
724 1.4350852206874518
725 2.0113791548396027
726 2.0113791548396027
727 1.9922220895315395
728 1.9922220895315395
729 1.9541149779672995
730 1.9541149779672995
731 1.9188682971714077
732 1.9188682971714077
733 1.508417244546466
734 1.508417244546466
735 1.7148177017035529
736 1.7148177017035529
737 1.82138074608678
738 1.82138074608678
739 1.9666459150198554
740 1.9666459150198554
741 0.6726380070960655
742 0.6726380070960655
743 1.71632911999135
744 1.71632911999135
745 1.258700014707806
746 1.258700014707806
747 1.286757895889777
748 1.286757895889777
749 1.4385725149501414
750 1.4385725149501414
751 1.5254332162843314
752 1.5254332162843314
753 1.2707947309019774
754 1.2707947309019774
755 1.7375523278038552
756 1.7375523278038552
757 2.0484411346923874
758 2.0484411346923874
759 1.9511372064278434
760 1.9511372064278434
761 1.1599036169958492
762 1.1599036169958492
763 1.6215904926182576
764 1.6215904926182576
765 1.4533829938070502
766 1.4533829938070502
767 1.1260916304875985
768 1.1260916304875985
769 1.194499700455398
770 1.194499700455398
771 1.0409670019255417
772 1.0409670019255417
773 1.8562502479730338
774 1.8444977353912244
775 1.8444977353912244
776 0.8791297671620156
777 0.8791297671620156
778 1.3243121460079943
779 1.3243121460079943
780 0.9381360094505411
781 0.9381360094505411
782 0.6594772880486071
783 0.6594772880486071
784 1.4572483771893983
785 1.4572483771893983
786 1.310809744213158
787 1.310809744213158
788 0.9149787714574449
789 0.9149787714574449
790 1.308249523618942
791 1.308249523618942
792 0.5598080697344291
793 0.5598080697344291
794 1.2281568631103694
795 1.2281568631103694
796 0.9465356194198695
797 1.817544223756723
798 1.817544223756723
799 2.8067685112219998
800 2.8067685112219998
801 3.4507510516890516
802 3.4507510516890516
803 2.6278881876799485
804 2.6278881876799485
805 2.0761808522713543
806 2.0761808522713543
807 2.4309253362603798
808 2.4309253362603798
809 2.662320617479979
810 2.662320617479979
811 3.2339732457973813
812 3.2339732457973813
813 3.6825914715043417
814 3.6825914715043417
815 2.553950332943759
816 2.553950332943759
817 2.9428984591684957
818 2.9428984591684957
819 3.297675573049247
820 3.297675573049247
821 2.2760376024985653
822 2.2760376024985653
823 2.2859735148765314
824 2.2859735148765314
825 2.7060282829272286
826 2.7060282829272286
827 1.8040459070263628
828 1.8040459070263628
829 3.466886569442436
830 3.466886569442436
831 2.842804022512301
832 2.842804022512301
833 1.808930008645814
834 1.808930008645814
835 1.6798512846488465
836 1.6798512846488465
837 1.6855257263510066
838 1.6855257263510066
839 2.6389330814725853
840 2.6389330814725853
841 3.282649457851188
842 0.896067699020719
843 0.896067699020719
844 0.7033215006464614
845 0.7033215006464614
846 0.6458918378274552
847 0.6458918378274552
848 0.6504158695078002
849 0.6504158695078002
850 0.6107936942028468
851 0.6107936942028468
852 0.40116916280693626
853 0.40116916280693626
854 0.7970526181722312
855 0.7970526181722312
856 0.4482231414190732
857 0.4482231414190732
858 0.7054651199329152
859 0.7054651199329152
860 0.6126731454583674
861 0.6126731454583674
862 0.6636549519051411
863 0.6636549519051411
864 0.4023797412099383
865 0.4023797412099383
866 0.669151910448888
867 0.669151910448888
868 0.9498423610131245
869 4.6367070898072535
870 4.6367070898072535
871 3.5935343289182238
872 3.5935343289182238
873 2.997576659946846
874 2.997576659946846
875 2.8586409169965794
876 2.8586409169965794
877 3.7235228491478747
878 3.7235228491478747
879 2.5092878685600963
880 2.5092878685600963
881 5.2594727132456915
882 5.2594727132456915
883 3.507739838130398
884 3.507739838130398
885 4.008888057094844
886 4.008888057094844
887 2.8858951117650538
888 2.8858951117650538
889 3.597818567964513
890 6.351535709004848
891 6.351535709004848
892 2.979052820375383
893 2.979052820375383
894 4.193594528385879
895 4.193594528385879
896 4.054767497764495
897 4.054767497764495
898 5.362498558505333
899 5.362498558505333
900 5.306029999874523
901 5.306029999874523
902 3.2622949151577085
903 3.2622949151577085
904 2.335330252438013
905 2.335330252438013
906 3.808138548993479
907 3.808138548993479
908 5.150764106993601
909 5.150764106993601
910 3.555086079060086
911 3.555086079060086
912 2.5705648672386796
913 2.5705648672386796
914 4.307705401540899
915 4.307705401540899
916 5.000233829931435
917 5.000233829931435
918 2.772942561835685
919 2.772942561835685
920 3.4454212733835208
921 3.4454212733835208
922 3.3848269796067205
923 3.3848269796067205
924 5.41228585700634
925 3.1011883386413173
926 3.1011883386413173
927 3.7161073754399414
928 3.7161073754399414
929 2.861225717118631
930 4.69314514068787
931 4.69314514068787
932 4.249171554350078
933 4.249171554350078
934 2.1716732692992133
935 2.1716732692992133
936 4.485474356916034
937 4.485474356916034
938 3.5517027059158552
939 3.5517027059158552
940 4.242769918173791
941 4.242769918173791
942 3.9503964301079444
943 3.9503964301079444
944 4.32476532498402
945 4.32476532498402
946 3.6998031375485954
947 3.6998031375485954
948 3.389349457795188
949 3.389349457795188
950 4.183473293287502
951 4.183473293287502
952 2.9951740976799064
953 2.9951740976799064
954 3.045266471376575
955 3.045266471376575
956 2.4013754644808447
957 2.4013754644808447
958 1.1394565437387558
959 1.1394565437387558
960 1.7961131538483577
961 1.7961131538483577
962 1.878387535797736
963 1.878387535797736
964 2.044280045832591
965 2.044280045832591
966 1.4920197120627834
967 1.4920197120627834
968 2.0519009820768077
969 2.0519009820768077
970 2.596834496832791
971 2.596834496832791
972 2.0473538031743876
973 2.0473538031743876
974 1.3560425898004542
975 1.3560425898004542
976 1.2845068156095825
977 1.2845068156095825
978 2.1526320388119595
979 2.1526320388119595
980 1.8938187646670532
981 1.8938187646670532
982 2.609851280867396
983 0.21477501361171925
984 0.21477501361171925
985 0.1623490479850974
986 0.1623490479850974
987 0.1891987931624903
988 0.1891987931624903
989 0.23296333599260177
990 0.23296333599260177
991 0.1945500032459728
992 0.1945500032459728
993 0.19583403921060943
994 2.589649166036591
995 2.589649166036591
996 2.0991104531936813
997 2.0991104531936813
998 2.912015200506959
999 2.912015200506959
1000 2.0260067013990852
1001 2.0260067013990852
1002 2.709466892900397
1003 2.709466892900397
1004 3.385934989337205
1005 3.385934989337205
1006 2.8220293410985495
1007 2.8220293410985495
1008 2.1972251453684915
1009 2.1972251453684915
1010 2.254057526393692
1011 2.254057526393692
1012 2.260425057374528
1013 2.260425057374528
1014 2.7892324817809877
1015 2.7892324817809877
1016 1.944790960455253
1017 1.944790960455253
1018 2.863234331326864
1019 2.863234331326864
1020 3.656292285288532
1021 3.656292285288532
1022 2.5137924817283412
1023 2.5137924817283412
1024 1.8325334636503583
1025 1.8325334636503583
1026 2.775594019134405
1027 3.7510424003160936
1028 3.7510424003160936
1029 2.1671188790886613
1030 2.1671188790886613
1031 2.97540857684069
1032 2.97540857684069
1033 3.7876833030505166
1034 3.7876833030505166
1035 2.3419672353377345
1036 2.3419672353377345
1037 3.044765523323924
1038 2.5801974487985944
1039 2.5801974487985944
1040 1.4183438465056861
1041 1.4183438465056861
1042 1.4007093621433473
1043 2.3130310910831064
1044 2.3130310910831064
1045 2.877488980474045
1046 2.877488980474045
1047 2.6388897860123546
1048 2.6388897860123546
1049 4.067819150375368
1050 4.067819150375368
1051 3.522526454532871
1052 3.522526454532871
1053 2.7137459815715803
1054 2.7137459815715803
1055 2.69728913231431
1056 2.69728913231431
1057 2.122436880809909
1058 2.122436880809909
1059 4.152106975318166
1060 4.152106975318166
1061 5.5807351609980556
1062 5.5807351609980556
1063 1.7266526277450818
1064 1.7266526277450818
1065 5.09458102202041
1066 5.09458102202041
1067 4.801242180850682
1068 4.801242180850682
1069 3.18357084477398
1070 3.18357084477398
1071 3.99694422136377
1072 3.99694422136377
1073 4.098873507970753
1074 4.098873507970753
1075 4.1851541877451135
1076 4.1851541877451135
1077 5.283877764732823
1078 5.283877764732823
1079 5.55782926735998
1080 5.55782926735998
1081 4.398751444074956
1082 4.398751444074956
1083 4.818340325022711
1084 4.818340325022711
1085 4.03310231940933
1086 4.03310231940933
1087 2.771560435982897
1088 2.771560435982897
1089 3.987591772252967
1090 3.987591772252967
1091 4.601329191361861
1092 4.601329191361861
1093 2.313887030070726
1094 2.313887030070726
1095 2.6877820093255145
1096 2.6877820093255145
1097 2.7944794518600706
1098 2.7944794518600706
1099 2.044070616195484
1100 2.044070616195484
1101 1.9112454650011768
1102 1.9112454650011768
1103 1.8424762149286784
1104 1.8424762149286784
1105 2.1311990197125232
1106 2.1311990197125232
1107 1.6525130107564598
1108 1.6525130107564598
1109 1.4920644630079285
1110 1.4920644630079285
1111 2.8105558937786923
1112 2.8105558937786923
1113 1.9825954174710307
1114 1.9825954174710307
1115 2.202100468185431
1116 2.202100468185431
1117 2.4411897539645957
1118 2.4411897539645957
1119 2.24536842509806
1120 2.24536842509806
1121 3.160988784642441
1122 3.160988784642441
1123 1.6239272139259913
1124 1.6239272139259913
1125 1.7106684233940808
1126 1.7106684233940808
1127 1.462237646045327
1128 1.462237646045327
1129 1.4563726928799974
1130 2.168371660404233
1131 2.168371660404233
1132 3.480438088120314
1133 3.480438088120314
1134 4.775996849487433
1135 4.775996849487433
1136 0.7250628981042282
1137 0.7250628981042282
1138 0.5771054692247525
1139 0.5771054692247525
1140 1.5850691430628
1141 1.5850691430628
1142 1.800240282445302
1143 1.800240282445302
1144 2.0825595226852993
1145 2.0825595226852993
1146 1.781762318378254
1147 1.781762318378254
1148 1.4935932833481245
1149 1.4935932833481245
1150 1.2545782284237652
1151 1.2545782284237652
1152 1.568996014103877
1153 1.568996014103877
1154 2.031525281585177
1155 2.031525281585177
1156 1.5097653315696116
1157 1.5097653315696116
1158 1.7483835959545169
1159 1.7483835959545169
1160 1.4455125843783385
1161 1.4455125843783385
1162 1.981114150585514
1163 1.981114150585514
1164 0.9962613545975076
1165 0.9962613545975076
1166 2.1436062740185657
1167 2.1436062740185657
1168 1.2014968977822615
1169 1.2014968977822615
1170 1.4656076571677488
1171 1.4656076571677488
1172 1.8357831951243457
1173 1.8357831951243457
1174 1.0200843796446413
1175 1.0200843796446413
1176 2.564529064643908
1177 2.564529064643908
1178 3.263514588863245
1179 3.263514588863245
1180 3.7848037495863567
1181 3.7848037495863567
1182 3.233347537435703
1183 3.233347537435703
1184 3.684275273289298
1185 3.684275273289298
1186 3.800676190797731
1187 3.800676190797731
1188 4.504029082697198
1189 0.6937262982248456
1190 0.6937262982248456
1191 1.1517636132275304
1192 1.1517636132275304
1193 1.036905243312769
1194 1.036905243312769
1195 1.1055846349792369
1196 1.1055846349792369
1197 1.274893377989149
1198 1.274893377989149
1199 0.7818757782517923
1200 3.330224047119659
1201 0.8293191588705686
1202 0.8293191588705686
1203 0.8062781797200821
1204 0.8062781797200821
1205 0.791823468940068
1206 0.791823468940068
1207 0.6707585131318069
1208 0.6707585131318069
1209 0.7525785038785192
1210 0.7525785038785192
1211 0.7608607404691612
1212 0.7608607404691612
1213 0.7109474531484689
1214 0.7109474531484689
1215 0.8699000461404612
1216 0.8699000461404612
1217 0.4065376092139186
1218 0.4065376092139186
1219 0.648478918836636
1220 0.648478918836636
1221 0.6920512591380628
1222 0.6920512591380628
1223 0.5179343190381496
1224 0.5179343190381496
1225 0.8219655092426612
1226 0.8219655092426612
1227 1.0164193272258588
1228 1.0164193272258588
1229 1.458141074980834
1230 1.458141074980834
1231 2.008517450228406
1232 2.008517450228406
1233 1.6203681968466808
1234 1.6203681968466808
1235 1.707961997989389
1236 1.707961997989389
1237 2.224966942434723
1238 2.224966942434723
1239 1.7298272335495335
1240 1.7298272335495335
1241 0.9825199387890414
1242 0.9825199387890414
1243 2.050940616539792
1244 2.050940616539792
1245 1.3019758715312664
1246 1.3019758715312664
1247 1.5529947756000164
1248 1.5529947756000164
1249 1.5029639621287925
1250 1.5029639621287925
1251 1.7887870672697197
1252 1.7887870672697197
1253 1.8876730533529567
1254 1.8876730533529567
1255 1.8705870942969147
1256 1.8705870942969147
1257 1.0883984920023204
1258 1.0883984920023204
1259 1.6936129689767108
1260 1.6936129689767108
1261 1.8110512455134207
1262 1.8110512455134207
1263 1.6573791987711561
1264 1.6573791987711561
1265 1.5066175708963172
1266 1.5066175708963172
1267 1.9828340992128388
1268 1.9828340992128388
1269 1.0313658980696927
1270 1.0313658980696927
1271 2.13575482474523
1272 2.13575482474523
1273 1.1625287843023508
1274 1.1625287843023508
1275 2.020669729303764
1276 2.020669729303764
1277 1.1281098224309458
1278 1.1281098224309458
1279 1.5073067463073981
1280 1.5073067463073981
1281 1.3557510205197891
1282 1.3557510205197891
1283 1.6422957469491481
1284 1.6422957469491481
1285 2.1009452203727044
1286 2.1009452203727044
1287 1.5932933072920168
1288 1.5932933072920168
1289 1.401329083014662
1290 1.401329083014662
1291 1.6095937202860273
1292 1.6095937202860273
1293 1.4090414902042447
1294 1.4090414902042447
1295 1.2332595651262062
1296 1.2332595651262062
1297 2.340727535772264
1298 2.340727535772264
1299 1.882963572969298
1300 1.882963572969298
1301 1.7432252271983164
1302 1.7432252271983164
1303 0.8052814906923282
1304 0.8052814906923282
1305 2.319225057525553
1306 2.319225057525553
1307 1.0199249902282803
1308 1.0199249902282803
1309 0.5002849255378261
1310 0.5002849255378261
1311 1.2719511077094519
1312 1.2719511077094519
1313 2.15561723669898
1314 2.15561723669898
1315 1.4314635317582558
1316 1.4314635317582558
1317 1.188921274325446
1318 1.188921274325446
1319 1.5255428343799446
1320 1.5255428343799446
1321 1.4605397663351078
1322 1.4605397663351078
1323 3.060332475889421
1324 3.060332475889421
1325 4.2771264153506
1326 4.2771264153506
1327 5.083238911919356
1328 5.083238911919356
1329 4.857833719044402
1330 4.857833719044402
1331 3.9858590759084582
1332 3.9858590759084582
1333 4.742593965673039
1334 4.742593965673039
1335 3.622680777749396
1336 3.622680777749396
1337 4.1653495940747955
1338 4.1653495940747955
1339 2.87384179088878
1340 2.87384179088878
1341 2.5838948004594324
1342 2.5838948004594324
1343 4.127155500725612
1344 4.127155500725612
1345 3.6826955663410548
1346 3.6826955663410548
1347 4.315278657602529
1348 4.315278657602529
1349 1.2992779739100975
1350 1.2992779739100975
1351 1.6265511494586675
1352 1.6265511494586675
1353 1.4342516040985989
1354 1.4342516040985989
1355 1.5255584581018173
1356 1.5255584581018173
1357 1.8860219122647848
1358 1.8860219122647848
1359 1.548006241546327
1360 1.548006241546327
1361 2.1780126671715765
1362 2.1780126671715765
1363 1.2037511622055028
1364 1.2037511622055028
1365 1.815430423808401
1366 1.815430423808401
1367 1.0754243974382167
1368 1.0754243974382167
1369 1.762572311157939
1370 1.762572311157939
1371 1.6498163305931244
1372 1.6498163305931244
1373 1.214453796290053
1374 1.214453796290053
1375 2.1047616898549206
1376 2.1047616898549206
1377 1.5499576321012813
1378 1.5499576321012813
1379 1.361252164950311
1380 1.361252164950311
1381 1.8606269710809684
1382 1.8606269710809684
1383 2.4796927386652556
1384 2.4796927386652556
1385 1.7244817114151887
1386 1.7244817114151887
1387 2.369486713587293
1388 2.369486713587293
1389 2.009237098339052
1390 2.009237098339052
1391 1.8604747438764342
1392 1.8604747438764342
1393 0.8791615672083067
1394 0.8791615672083067
1395 1.2881053361942834
1396 1.2881053361942834
1397 2.19599422096341
1398 2.19599422096341
1399 1.789736442211179
1400 1.789736442211179
1401 1.335023502580828
1402 3.0617737832289786
1403 3.0617737832289786
1404 3.614708860394594
1405 3.614708860394594
1406 2.413968637380897
1407 2.413968637380897
1408 4.764928435291241
1409 4.764928435291241
1410 3.5585727617997613
1411 3.5585727617997613
1412 4.433195910086748
1413 4.433195910086748
1414 3.344703404779991
1415 3.344703404779991
1416 5.139508051253283
1417 5.139508051253283
1418 3.2540887261921765
1419 3.2540887261921765
1420 3.9524886703339295
1421 3.9524886703339295
1422 4.722411097347788
1423 4.722411097347788
1424 3.6113608963599373
1425 3.6113608963599373
1426 3.33889661803554
1427 3.33889661803554
1428 4.676888171021417
1429 4.676888171021417
1430 4.102525123462154
1431 4.102525123462154
1432 4.070988983405954
1433 2.3333122057287543
1434 2.3333122057287543
1435 2.643116556036106
1436 2.643116556036106
1437 2.744064139423123
1438 2.744064139423123
1439 2.516443237613899
1440 2.516443237613899
1441 2.511056530051414
1442 4.983426028302468
1443 4.983426028302468
1444 3.7177884772806506
1445 3.7177884772806506
1446 4.746596888447911
1447 4.746596888447911
1448 5.004336221261985
1449 5.004336221261985
1450 2.7923937896170936
1451 2.7923937896170936
1452 4.389023883658885
1453 4.389023883658885
1454 5.362229629143381
1455 5.362229629143381
1456 5.392536304450594
1457 5.392536304450594
1458 5.236873123775212
1459 5.236873123775212
1460 4.625520371435524
1461 4.625520371435524
1462 5.79157025756839
1463 5.79157025756839
1464 3.8715055352592342
1465 3.8715055352592342
1466 2.2132350177175906
1467 2.2132350177175906
1468 2.621552246739879
1469 2.621552246739879
1470 5.580147926549865
1471 5.580147926549865
1472 0.876721858469816
1473 0.876721858469816
1474 1.5329562235034166
1475 1.5329562235034166
1476 1.8101780694285978
1477 1.8101780694285978
1478 1.9953847581369482
1479 1.9953847581369482
1480 1.685838636954912
1481 1.685838636954912
1482 1.4274410261801758
1483 1.4274410261801758
1484 1.7663036210902476
1485 1.7663036210902476
1486 1.246037421412317
1487 1.246037421412317
1488 1.343717500590989
1489 1.343717500590989
1490 1.6216472169248783
1491 1.6216472169248783
1492 1.2826341710736684
1493 1.2826341710736684
1494 1.8478450555026515
1495 1.8478450555026515
1496 1.8204583367633629
1497 1.8204583367633629
1498 1.445171024140904
1499 1.445171024140904
1500 1.8940737803067138
1501 1.8940737803067138
1502 1.5025622508075327
1503 1.5025622508075327
1504 0.8153909461456194
1505 0.8153909461456194
1506 1.6737147049460124
1507 1.6737147049460124
1508 1.9902258652350822
1509 1.9902258652350822
1510 1.6826846668854336
1511 1.6826846668854336
1512 1.5978493179539015
1513 3.678318235268013
1514 3.678318235268013
1515 5.164104998815203
1516 5.164104998815203
1517 2.7166830012606877
1518 2.7166830012606877
1519 3.063897398092919
1520 3.063897398092919
1521 4.186063409560025
1522 4.186063409560025
1523 4.150467357515788
1524 4.150467357515788
1525 4.4882611592262505
1526 4.4882611592262505
1527 2.771140951798879
1528 2.771140951798879
1529 2.60690451315594
1530 2.60690451315594
1531 1.861704088081346
1532 1.861704088081346
1533 1.7029411342135354
1534 1.7029411342135354
1535 1.6635729502125916
1536 1.6635729502125916
1537 3.461872296339358
1538 3.461872296339358
1539 6.0345319321772335
1540 6.0345319321772335
1541 1.8085813958386057
1542 1.8085813958386057
1543 4.029141584725538
1544 4.029141584725538
1545 3.2406517621579747
1546 3.2406517621579747
1547 4.242503635751728
1548 4.242503635751728
1549 3.4569885959901026
1550 3.4569885959901026
1551 5.355975097185782
1552 5.355975097185782
1553 3.4409152649363666
1554 3.4409152649363666
1555 5.7498647998431895
1556 5.7498647998431895
1557 6.524964908296971
1558 6.524964908296971
1559 3.994751344518467
1560 3.994751344518467
1561 5.217185907817353
1562 5.217185907817353
1563 2.248848519711684
1564 2.248848519711684
1565 4.692962366423018
1566 4.692962366423018
1567 4.754081551275023
1568 4.754081551275023
1569 3.8750011764120473
1570 1.5188247428912975
1571 1.5188247428912975
1572 0.9414530975470238
1573 0.9414530975470238
1574 1.5909038845796655
1575 1.5909038845796655
1576 0.6481707030716402
1577 0.6481707030716402
1578 1.4348518672971893
1579 1.4348518672971893
1580 0.7137668219754594
1581 0.7137668219754594
1582 1.119579167698465
1583 1.119579167698465
1584 1.0952557410617292
1585 1.0952557410617292
1586 1.1984053050113521
1587 1.1984053050113521
1588 1.13584873482244
1589 1.13584873482244
1590 1.0032411923429776
1591 1.0032411923429776
1592 0.9613066287490543
1593 0.9613066287490543
1594 1.4644066978405332
1595 1.4644066978405332
1596 1.0788482848770358
1597 1.0788482848770358
1598 0.8828427549607629
1599 0.8828427549607629
1600 0.7785490167961999
1601 0.7785490167961999
1602 0.958116506633239
1603 0.958116506633239
1604 1.3931557844402933
1605 1.3931557844402933
1606 0.6397733242889511
1607 0.6397733242889511
1608 0.970540975818235
1609 0.970540975818235
1610 1.3386428545565985
1611 1.3386428545565985
1612 0.7895285536202403
1613 0.7895285536202403
1614 1.000025107208924
1615 1.000025107208924
1616 1.5027899969234624
1617 1.5027899969234624
1618 1.1763678244326954
1619 1.1763678244326954
1620 0.888565319143686
1621 0.888565319143686
1622 1.1834879106291822
1623 1.1834879106291822
1624 0.6812465849283591
1625 0.6812465849283591
1626 1.1350944850359281
1627 1.1350944850359281
1628 0.788011935902092
1629 0.788011935902092
1630 0.8871238406066495
1631 0.8871238406066495
1632 1.0481251730061776
1633 1.0481251730061776
1634 1.330424446096663
1635 1.330424446096663
1636 1.0571657579353473
1637 1.0571657579353473
1638 0.8262101430492002
1639 0.8262101430492002
1640 1.1280236580646996
1641 1.1280236580646996
1642 0.8932091533967452
1643 0.8932091533967452
1644 0.49430344884316924
1645 0.49430344884316924
1646 1.5394307538914174
1647 1.5394307538914174
1648 0.578100656029014
1649 0.578100656029014
1650 0.47147755396810087
1651 0.47147755396810087
1652 0.6736463862039744
1653 0.6736463862039744
1654 0.6514149649230591
1655 0.6514149649230591
1656 0.6555001871041607
1657 0.6555001871041607
1658 0.5561451425411853
1659 0.5561451425411853
1660 0.598471961698599
1661 0.598471961698599
1662 0.71500609222853
1663 1.800790229535259
1664 1.800790229535259
1665 1.4805192488217989
1666 1.4805192488217989
1667 0.9300883954409551
1668 0.9300883954409551
1669 3.8203169009322937
1670 3.8203169009322937
1671 5.598060340231324
1672 5.598060340231324
1673 4.516375849866572
1674 4.516375849866572
1675 3.389920830235548
1676 3.389920830235548
1677 4.122075552616151
1678 4.122075552616151
1679 5.0826412767396665
1680 5.0826412767396665
1681 3.8963454074575616
1682 3.8963454074575616
1683 3.562823901706573
1684 3.562823901706573
1685 3.9547196410170904
1686 3.9547196410170904
1687 3.113010254009176
1688 3.113010254009176
1689 5.407184946197304
1690 5.407184946197304
1691 3.6419009164097993
1692 3.6419009164097993
1693 3.8796870520649973
1694 3.8796870520649973
1695 4.6343164427026675
1696 4.6343164427026675
1697 3.324890897599478
1698 3.324890897599478
1699 5.217259547771205
1700 5.217259547771205
1701 3.644029410302123
1702 3.644029410302123
1703 5.072274888237121
1704 5.072274888237121
1705 2.6632463461151423
1706 2.6632463461151423
1707 2.845908801924801
1708 2.845908801924801
1709 2.5243224848270955
1710 4.252309063940878
1711 4.252309063940878
1712 4.552464330289177
1713 4.552464330289177
1714 3.3770989665319253
1715 3.3770989665319253
1716 4.454642593029483
1717 4.454642593029483
1718 3.130087707965817
1719 3.130087707965817
1720 4.211242943270136
1721 4.211242943270136
1722 2.2895727743684846
1723 2.2895727743684846
1724 2.262135081788748
1725 2.262135081788748
1726 3.601122361750339
1727 3.601122361750339
1728 4.719050737259493
1729 4.719050737259493
1730 4.563718823720663
1731 4.563718823720663
1732 4.631973720112923
1733 4.631973720112923
1734 2.2914834669395674
1735 2.2914834669395674
1736 4.600162467363474
1737 4.600162467363474
1738 5.705475972441272
1739 5.705475972441272
1740 3.2137672208869814
1741 3.2137672208869814
1742 3.5024969478537287
1743 3.5024969478537287
1744 4.327519830880866
1745 4.327519830880866
1746 2.9447288950830632
1747 2.9447288950830632
1748 2.686185416289266
1749 2.686185416289266
1750 3.9088110406986343
1751 3.9088110406986343
1752 3.8580326894755204
1753 3.8580326894755204
1754 5.253554682936367
1755 5.253554682936367
1756 3.1641402625031048
1757 1.2366408051971554
1758 3.4884309699109024
1759 3.4884309699109024
1760 4.265563330093605
1761 4.265563330093605
1762 3.1242377852489582
1763 3.1242377852489582
1764 3.6460536614081773
1765 3.7305443061717356
1766 3.7305443061717356
1767 2.4640618930551064
1768 2.4640618930551064
1769 2.4294860639698035
1770 2.4294860639698035
1771 3.1544722106941316
1772 3.1544722106941316
1773 3.8542902298738704
1774 3.8542902298738704
1775 3.34738837822711
1776 3.553264458503637
1777 3.553264458503637
1778 6.176872855063934
1779 6.176872855063934
1780 4.07654035755582
1781 4.07654035755582
1782 5.702811881603149
1783 5.702811881603149
1784 4.799474097441112
1785 4.799474097441112
1786 4.37104818172635
1787 4.37104818172635
1788 4.72758822897242
1789 4.72758822897242
1790 4.676460887267283
1791 4.676460887267283
1792 4.211455960093451
1793 4.211455960093451
1794 4.4093894014971635
1795 4.4093894014971635
1796 4.568460344915222
1797 4.568460344915222
1798 6.0581368321360936
1799 6.0581368321360936
1800 5.069662012096238
1801 5.069662012096238
1802 2.991677227826349
1803 2.991677227826349
1804 5.015612432986468
1805 5.015612432986468
1806 0.8604493272864149
1807 0.8604493272864149
1808 1.1490271725259178
1809 2.7420527663749708
1810 2.7420527663749708
1811 1.140434212140745
1812 1.140434212140745
1813 1.075034193326042
1814 1.075034193326042
1815 1.179924341489881
1816 1.179924341489881
1817 0.8340234070660528
1818 0.8340234070660528
1819 0.9527537468580515
1820 0.9527537468580515
1821 1.7703569003195372
1822 1.7703569003195372
1823 0.9051839540738911
1824 0.9051839540738911
1825 1.4230469909186354
1826 1.4230469909186354
1827 1.2944906883181637
1828 1.2944906883181637
1829 1.349077610887028
1830 1.349077610887028
1831 1.2790777794805521
1832 1.2790777794805521
1833 0.9775596287789299
1834 0.9775596287789299
1835 1.0009076536322867
1836 1.0009076536322867
1837 1.055278125170842
1838 1.055278125170842
1839 0.8987372019413487
1840 0.8987372019413487
1841 0.9772454425495893
1842 0.9772454425495893
1843 1.5115949947701444
1844 1.5115949947701444
1845 1.2982097772864751
1846 1.2982097772864751
1847 0.8402522177152872
1848 0.8402522177152872
1849 1.0354652286960109
1850 1.0354652286960109
1851 1.038890820882144
1852 1.038890820882144
1853 0.8964114753728162
1854 0.8964114753728162
1855 1.2786180207816495
1856 1.2786180207816495
1857 0.6027462170885037
1858 0.6027462170885037
1859 5.276884047121464
1860 5.276884047121464
1861 4.925790111489413
1862 4.925790111489413
1863 4.098287256661841
1864 4.098287256661841
1865 4.700477849167218
1866 4.700477849167218
1867 5.47464311379718
1868 5.47464311379718
1869 3.5173226931061268
1870 3.5173226931061268
1871 2.7245322119207334
1872 2.7245322119207334
1873 4.352918838340167
1874 4.352918838340167
1875 2.2160406503735057
1876 2.2160406503735057
1877 4.012487269390515
1878 4.012487269390515
1879 1.3108425721717694
1880 1.3108425721717694
1881 1.4954297059980206
1882 1.4954297059980206
1883 1.439767077975163
1884 1.439767077975163
1885 1.3167413263727359
1886 1.3167413263727359
1887 0.9900500340277666
1888 0.9900500340277666
1889 1.2746434893266012
1890 1.2746434893266012
1891 1.4016312476175323
1892 1.4016312476175323
1893 1.2113487684855386
1894 1.2113487684855386
1895 0.5621288190212856
1896 0.5621288190212856
1897 1.217988291297471
1898 1.217988291297471
1899 1.3993476689575
1900 1.3993476689575
1901 0.9577742892454414
1902 0.9577742892454414
1903 1.7236341451913364
1904 1.7236341451913364
1905 1.0877482119775261
1906 1.0877482119775261
1907 0.6661552068762895
1908 0.6661552068762895
1909 1.4502618780323981
1910 1.4502618780323981
1911 0.8969249790753836
1912 0.8969249790753836
1913 1.1407777796740062
1914 1.1407777796740062
1915 1.3043062048199046
1916 1.3043062048199046
1917 1.1925258904656793
1918 1.1925258904656793
1919 1.2698788898783282
1920 1.2698788898783282
1921 0.5814048671793158
1922 0.5814048671793158
1923 0.6157444714720045
1924 0.6157444714720045
1925 0.6976455123592233
1926 0.6976455123592233
1927 0.8868362446099306
1928 0.8868362446099306
1929 0.9087197036731368
1930 0.9087197036731368
1931 4.200883764499649
1932 4.200883764499649
1933 4.112742935399949
1934 4.112742935399949
1935 3.4410773873780816
1936 3.4410773873780816
1937 4.841649084346854
1938 4.841649084346854
1939 3.42791025035561
1940 3.42791025035561
1941 4.1256886276120515
1942 4.1256886276120515
1943 3.673020539255472
1944 3.673020539255472
1945 2.6626688366330202
1946 2.6626688366330202
1947 4.142063478602803
1948 4.142063478602803
1949 3.50106978602767
1950 3.50106978602767
1951 3.796108402647659
1952 3.796108402647659
1953 2.2841850900574663
1954 2.2841850900574663
1955 3.5881004053864642
1956 3.5881004053864642
1957 5.130542564795109
1958 5.130542564795109
1959 3.4041786372072305
1960 3.4041786372072305
1961 3.2803082115948845
1962 3.2803082115948845
1963 3.4764531100566023
1964 3.4764531100566023
1965 3.670102107310466
1966 3.670102107310466
1967 2.8173382867497274
1968 2.8173382867497274
1969 2.144331576087524
1970 2.144331576087524
1971 1.3256978069649907
1972 1.3256978069649907
1973 1.4942442593236487
1974 1.4942442593236487
1975 1.123580953637278
1976 1.0982575811255406
1977 1.0982575811255406
1978 1.1222822960580652
1979 1.1222822960580652
1980 1.398002283475372
1981 1.398002283475372
1982 1.2858347342958125
1983 1.2858347342958125
1984 1.57087611328718
1985 1.57087611328718
1986 1.0491938521136277
1987 1.0491938521136277
1988 1.1666481085229137
1989 1.1666481085229137
1990 0.9459106899377545
1991 0.9459106899377545
1992 0.7410194959468078
1993 0.7410194959468078
1994 1.2913648336586376
1995 1.2913648336586376
1996 0.8917569109382717
1997 0.8917569109382717
1998 1.1627737770624897
1999 1.1627737770624897
