0 2.019230043934342
1 2.019230043934342
2 2.019230043934342
3 1.9602875361776468
4 1.9602875361776468
5 1.9602875361776468
6 2.141925807061897
7 2.141925807061897
8 2.141925807061897
9 1.9879165945786794
10 1.9879165945786794
11 1.9879165945786794
12 2.162530587026139
13 2.162530587026139
14 2.162530587026139
15 2.0569161505436724
16 2.0569161505436724
17 2.0569161505436724
18 2.074848545336144
19 2.074848545336144
20 2.074848545336144
21 2.019970801298106
22 2.019970801298106
23 2.019970801298106
24 2.0750011912601947
25 2.0750011912601947
26 2.0750011912601947
27 1.9967246937672714
28 1.9967246937672714
29 1.9967246937672714
30 2.052059821185581
31 2.052059821185581
32 2.052059821185581
33 2.093194786691256
34 2.093194786691256
35 2.093194786691256
36 1.848878450257239
37 1.848878450257239
38 1.848878450257239
39 2.0004569209550023
40 2.0004569209550023
41 2.0004569209550023
42 2.0531013538854963
43 2.0531013538854963
44 2.0531013538854963
45 2.1771166333090686
46 2.1771166333090686
47 2.1771166333090686
48 2.071696411885709
49 2.071696411885709
50 2.071696411885709
51 2.054218729253264
52 2.054218729253264
53 2.054218729253264
54 2.084893118568908
55 2.084893118568908
56 2.084893118568908
57 1.9498271285512463
58 1.9498271285512463
59 1.9498271285512463
60 2.0767142300234664
61 2.0767142300234664
62 2.0767142300234664
63 2.0280364842560266
64 2.0280364842560266
65 2.0280364842560266
66 1.9557763245731128
67 1.9557763245731128
68 1.9557763245731128
69 1.8996892580568918
70 1.8996892580568918
71 1.8996892580568918
72 1.910949130689983
73 1.910949130689983
74 1.910949130689983
75 2.0670038689631145
76 2.0670038689631145
77 2.0670038689631145
78 1.9406984445935458
79 1.9406984445935458
80 1.9406984445935458
81 1.8674295289430534
82 1.8674295289430534
83 1.8674295289430534
84 1.9485732707969805
85 1.9485732707969805
86 1.9485732707969805
87 2.1147212631974757
88 2.1147212631974757
89 2.1147212631974757
90 1.927019416386267
91 1.927019416386267
92 1.927019416386267
93 1.866086568232379
94 1.866086568232379
95 1.866086568232379
96 2.007252670809161
97 2.007252670809161
98 2.007252670809161
99 1.8103878772306605
100 1.8103878772306605
101 1.8103878772306605
102 1.9560443865231658
103 1.9560443865231658
104 1.9560443865231658
105 2.0657800594924693
106 2.0657800594924693
107 2.0657800594924693
108 2.157430475874447
109 2.157430475874447
110 2.157430475874447
111 2.245585195413188
112 2.245585195413188
113 2.245585195413188
114 1.9071263135087102
115 1.9071263135087102
116 1.9071263135087102
117 2.0944005731794064
118 2.0944005731794064
119 2.0944005731794064
120 2.3030022988530945
121 2.3030022988530945
122 2.3030022988530945
123 2.0791075736756603
124 2.0791075736756603
125 2.0791075736756603
126 2.0105480812258354
127 2.0105480812258354
128 2.0105480812258354
129 1.9860873697613188
130 1.9860873697613188
131 1.9860873697613188
132 1.8829808448978302
133 1.8829808448978302
134 1.8829808448978302
135 1.993001926928323
136 1.993001926928323
137 1.993001926928323
138 1.9393360519578868
139 1.9393360519578868
140 1.9393360519578868
141 1.9239498330682363
142 1.9239498330682363
143 1.9239498330682363
144 2.0477665974033834
145 2.0477665974033834
146 2.0477665974033834
147 1.9735718261447068
148 1.9735718261447068
149 1.9735718261447068
150 2.2173513356842243
151 2.2173513356842243
152 2.2173513356842243
153 1.9692066798958554
154 1.9692066798958554
155 1.9692066798958554
156 1.9606053991960337
157 1.9606053991960337
158 1.9606053991960337
159 1.9021373049499148
160 1.9021373049499148
161 1.9021373049499148
162 1.798657971849831
163 2.2225195160818227
164 2.2225195160818227
165 2.2225195160818227
166 2.393490013732549
167 2.393490013732549
168 2.393490013732549
169 2.584464388632366
170 2.584464388632366
171 2.584464388632366
172 2.488976672085483
173 2.488976672085483
174 2.488976672085483
175 2.5692277286680887
176 2.5692277286680887
177 2.5692277286680887
178 2.434738427495268
179 2.434738427495268
180 2.434738427495268
181 2.4040687593560444
182 2.4040687593560444
183 2.4040687593560444
184 2.4756640079606234
185 2.4756640079606234
186 2.4756640079606234
187 2.279098486039789
188 2.279098486039789
189 2.279098486039789
190 2.4900051761058637
191 2.4900051761058637
192 2.4900051761058637
193 2.391597891278127
194 2.391597891278127
195 2.391597891278127
196 2.343855587417601
197 2.343855587417601
198 2.343855587417601
199 2.4748730531774648
200 2.4748730531774648
201 2.4748730531774648
202 2.292910507744287
203 2.292910507744287
204 2.292910507744287
205 2.5985319513454193
206 2.5985319513454193
207 2.5985319513454193
208 2.429621663358147
209 2.429621663358147
210 2.429621663358147
211 2.3467388971900567
212 2.3467388971900567
213 1.1620971895940606
214 1.1620971895940606
215 1.1620971895940606
216 1.0444767338062373
217 1.0444767338062373
218 1.0444767338062373
219 1.0511375573613106
220 1.0511375573613106
221 1.0511375573613106
222 1.1332523149431823
223 1.1332523149431823
224 1.1332523149431823
225 1.1533220755937685
226 1.1533220755937685
227 1.1533220755937685
228 1.1874906611090266
229 1.1874906611090266
230 1.1874906611090266
231 1.1528643427135417
232 1.1528643427135417
233 1.1528643427135417
234 1.1203749096696345
235 1.1203749096696345
236 1.1203749096696345
237 1.188385553899011
238 1.188385553899011
239 1.188385553899011
240 1.0487047012121973
241 1.0487047012121973
242 1.0487047012121973
243 0.9809398697850673
244 0.9809398697850673
245 0.9809398697850673
246 1.1102379512288485
247 1.1102379512288485
248 1.1102379512288485
249 1.1605771464588548
250 1.1605771464588548
251 1.1605771464588548
252 1.1217048672148031
253 1.1217048672148031
254 1.1217048672148031
255 1.1272693701592669
256 1.1272693701592669
257 1.1272693701592669
258 1.1680049783215594
259 1.1680049783215594
260 1.1680049783215594
261 1.0678230494631618
262 1.0678230494631618
263 1.0678230494631618
264 1.260746247874123
265 1.260746247874123
266 1.260746247874123
267 1.078402109934198
268 1.078402109934198
269 1.078402109934198
270 1.1404287358640173
271 1.1404287358640173
272 1.1404287358640173
273 1.033083632833304
274 1.033083632833304
275 1.033083632833304
276 1.1261906234794545
277 1.1261906234794545
278 1.1261906234794545
279 1.0938655325950766
280 1.0938655325950766
281 1.0938655325950766
282 1.0279918699663313
283 1.0279918699663313
284 1.0279918699663313
285 1.2373880272623698
286 1.2373880272623698
287 1.2373880272623698
288 1.0949161239093392
289 1.0949161239093392
290 1.0949161239093392
291 1.066650825565719
292 1.066650825565719
293 1.066650825565719
294 1.1520671003458516
295 1.1520671003458516
296 1.1520671003458516
297 1.119893588610705
298 1.119893588610705
299 1.119893588610705
300 1.206126479745845
301 1.206126479745845
302 1.206126479745845
303 1.0150183228742484
304 1.0150183228742484
305 1.0150183228742484
306 1.0349887957499577
307 1.0349887957499577
308 1.0349887957499577
309 0.9750670854092035
310 0.9750670854092035
311 0.9750670854092035
312 1.1093246890550494
313 1.1093246890550494
314 1.1093246890550494
315 1.1557083746803745
316 1.1557083746803745
317 1.1557083746803745
318 0.9656959451773196
319 0.9656959451773196
320 0.9656959451773196
321 1.1226441277622126
322 1.1226441277622126
323 1.1226441277622126
324 1.102324905255436
325 1.102324905255436
326 1.102324905255436
327 1.05143561106859
328 1.05143561106859
329 1.05143561106859
330 0.9798592200215548
331 0.9798592200215548
332 0.9798592200215548
333 1.0680367965190087
334 1.0680367965190087
335 1.0680367965190087
336 0.9789049854754627
337 0.9789049854754627
338 0.9789049854754627
339 1.0254044001675577
340 1.0254044001675577
341 1.0254044001675577
342 1.1697475596641385
343 1.1697475596641385
344 1.1697475596641385
345 1.1373738260927757
346 1.1373738260927757
347 1.1373738260927757
348 1.060639302892937
349 1.060639302892937
350 1.060639302892937
351 1.0965325170283506
352 1.0965325170283506
353 0.6917136717520785
354 0.6917136717520785
355 0.6917136717520785
356 0.7049632721581338
357 0.7049632721581338
358 0.7049632721581338
359 0.7130027904037995
360 0.7130027904037995
361 0.7130027904037995
362 0.7151737115505538
363 0.7151737115505538
364 0.7151737115505538
365 0.6180383345183226
366 0.6180383345183226
367 0.6180383345183226
368 0.7032090337743747
369 0.7032090337743747
370 0.7032090337743747
371 0.6150317691428828
372 0.6150317691428828
373 0.6150317691428828
374 0.6393825823487805
375 0.6393825823487805
376 0.6393825823487805
377 0.6632620315277475
378 0.6632620315277475
379 0.6632620315277475
380 0.6151379345128457
381 0.6151379345128457
382 0.6151379345128457
383 0.6839303788964155
384 0.6839303788964155
385 0.6839303788964155
386 0.6426793553718526
387 0.6426793553718526
388 0.6426793553718526
389 0.6573904413846725
390 0.6573904413846725
391 0.6573904413846725
392 0.6947298238376891
393 0.6947298238376891
394 0.6947298238376891
395 0.6336567139795163
396 0.6336567139795163
397 0.6336567139795163
398 0.6814387370387742
399 3.4380913072703017
400 3.4380913072703017
401 3.4380913072703017
402 3.928617102221441
403 3.928617102221441
404 3.928617102221441
405 3.8199903868364142
406 3.8199903868364142
407 3.8199903868364142
408 3.701137110135525
409 3.701137110135525
410 3.701137110135525
411 3.7078155599317384
412 3.7078155599317384
413 3.7078155599317384
414 3.6223427450338948
415 3.6223427450338948
416 3.6223427450338948
417 3.3654320022408077
418 0.6936776396913716
419 0.6936776396913716
420 0.6936776396913716
421 0.5681071017967425
422 0.5681071017967425
423 0.5681071017967425
424 0.6271324533862827
425 0.6271324533862827
426 0.6271324533862827
427 0.5525406661113355
428 0.5525406661113355
429 0.5525406661113355
430 0.6370954542964218
431 0.6370954542964218
432 0.6370954542964218
433 0.6446378657444217
434 0.6446378657444217
435 0.6446378657444217
436 0.6729195983450758
437 0.6729195983450758
438 0.6729195983450758
439 0.6745813653897207
440 0.6745813653897207
441 0.6745813653897207
442 0.6060142168190599
443 0.6060142168190599
444 0.6060142168190599
445 0.7030344148546731
446 0.7030344148546731
447 0.7030344148546731
448 0.6844903725798319
449 0.6844903725798319
450 0.6844903725798319
451 0.6462449374417325
452 0.6462449374417325
453 0.6462449374417325
454 0.6693010588992787
455 0.6693010588992787
456 0.6693010588992787
457 0.6594863143506912
458 0.6594863143506912
459 0.6594863143506912
460 0.5780226774588468
461 0.5780226774588468
462 0.5780226774588468
463 0.629797161362734
464 0.629797161362734
465 0.629797161362734
466 0.6455321446242464
467 2.6577171024078052
468 2.6577171024078052
469 2.6577171024078052
470 2.512038785506049
471 2.512038785506049
472 2.512038785506049
473 2.4471448159626417
474 2.4471448159626417
475 2.4471448159626417
476 2.4251200192160924
477 2.4251200192160924
478 2.4251200192160924
479 2.735680773512295
480 2.735680773512295
481 2.735680773512295
482 2.196995379657865
483 2.196995379657865
484 2.196995379657865
485 2.1930152205073083
486 2.1930152205073083
487 2.1930152205073083
488 2.503973921386031
489 2.503973921386031
490 2.503973921386031
491 2.363302940003854
492 2.363302940003854
493 2.363302940003854
494 2.5345407225545777
495 2.5345407225545777
496 2.5345407225545777
497 2.3550135241087076
498 2.3550135241087076
499 2.3550135241087076
500 2.3161606002217447
501 2.3161606002217447
502 2.3161606002217447
503 2.5030987160751024
504 2.5030987160751024
505 2.5030987160751024
506 2.5902293015076827
507 2.5902293015076827
508 2.5902293015076827
509 2.569671173271963
510 2.569671173271963
511 2.569671173271963
512 2.390378015955637
513 2.390378015955637
514 2.390378015955637
515 2.3379788884006767
516 2.3379788884006767
517 2.3379788884006767
518 2.6859528292991395
519 2.6859528292991395
520 2.6859528292991395
521 2.806734858546408
522 2.806734858546408
523 2.806734858546408
524 2.4300812057893753
525 2.4300812057893753
526 2.4300812057893753
527 2.1435806259075876
528 2.1435806259075876
529 2.1435806259075876
530 2.487915476312473
531 2.487915476312473
532 2.487915476312473
533 2.5929832838889375
534 2.5929832838889375
535 2.5929832838889375
536 2.6953953638044426
537 2.6953953638044426
538 2.6953953638044426
539 2.3549888308354596
540 2.3549888308354596
541 2.3549888308354596
542 2.529492779923307
543 2.529492779923307
544 2.529492779923307
545 2.4482411168458675
546 2.4482411168458675
547 2.4482411168458675
548 2.73557461938929
549 2.73557461938929
550 2.73557461938929
551 2.431338319198103
552 2.431338319198103
553 2.431338319198103
554 2.450755026885823
555 2.450755026885823
556 2.450755026885823
557 2.470833723467095
558 2.470833723467095
559 2.470833723467095
560 2.447910161598886
561 2.447910161598886
562 2.447910161598886
563 2.617605454945861
564 2.617605454945861
565 2.617605454945861
566 2.409693280631774
567 2.409693280631774
568 2.409693280631774
569 2.2900374669424184
570 2.2900374669424184
571 2.2900374669424184
572 2.297495464509434
573 2.297495464509434
574 2.297495464509434
575 2.364645601004468
576 2.364645601004468
577 2.364645601004468
578 2.4880010623147593
579 2.4880010623147593
580 2.4880010623147593
581 2.5665460567899285
582 2.5665460567899285
583 2.5665460567899285
584 2.395281515020515
585 2.395281515020515
586 2.395281515020515
587 2.509132212398192
588 2.509132212398192
589 2.509132212398192
590 2.280072097169176
591 2.280072097169176
592 2.280072097169176
593 2.371720055935585
594 2.371720055935585
595 2.371720055935585
596 2.715208343367274
597 2.715208343367274
598 2.715208343367274
599 2.2753489458071634
600 2.2753489458071634
601 2.2753489458071634
602 2.5290526521405416
603 2.5290526521405416
604 2.5290526521405416
605 2.6028798555641846
606 2.6028798555641846
607 2.6028798555641846
608 2.5235986991835038
609 2.5235986991835038
610 2.5235986991835038
611 2.469730839093586
612 2.469730839093586
613 2.469730839093586
614 2.506867370731199
615 2.506867370731199
616 2.506867370731199
617 2.390581459042937
618 2.390581459042937
619 2.390581459042937
620 2.3005000849405484
621 2.3005000849405484
622 2.3005000849405484
623 2.4514448012562515
624 2.4514448012562515
625 2.4514448012562515
626 2.544022269066134
627 2.544022269066134
628 2.544022269066134
629 2.5819516478484275
630 2.5819516478484275
631 2.5819516478484275
632 2.4020552529654733
633 2.4020552529654733
634 2.4020552529654733
635 2.2911060781253965
636 2.2911060781253965
637 2.2911060781253965
638 2.572371115796085
639 2.572371115796085
640 2.572371115796085
641 2.3999274768249617
642 2.3999274768249617
643 2.3999274768249617
644 2.4415211547247133
645 2.4415211547247133
646 2.4415211547247133
647 2.522410481715749
648 2.522410481715749
649 2.522410481715749
650 2.450044450654055
651 2.450044450654055
652 2.450044450654055
653 2.6124998240824593
654 2.6124998240824593
655 2.6124998240824593
656 2.6815867304794563
657 2.6815867304794563
658 2.6815867304794563
659 2.642017582302984
660 2.642017582302984
661 2.642017582302984
662 2.6877586416007984
663 2.6877586416007984
664 2.6877586416007984
665 2.2576416651257625
666 2.2576416651257625
667 2.2576416651257625
668 2.5535058732834095
669 2.5535058732834095
670 2.5535058732834095
671 2.607869844265563
672 2.607869844265563
673 2.607869844265563
674 2.5285871622695955
675 2.5285871622695955
676 2.5285871622695955
677 2.1802800181688173
678 2.1802800181688173
679 2.1802800181688173
680 2.630766312216267
681 2.630766312216267
682 2.630766312216267
683 2.501783784097024
684 2.501783784097024
685 2.501783784097024
686 2.5187385988101036
687 2.5187385988101036
688 2.5187385988101036
689 2.3357435202705608
690 2.3357435202705608
691 2.3357435202705608
692 2.3353573818916247
693 2.3353573818916247
694 2.3353573818916247
695 2.706841784915958
696 2.706841784915958
697 2.706841784915958
698 2.43647389325909
699 2.43647389325909
700 2.43647389325909
701 2.576110597607332
702 2.576110597607332
703 2.576110597607332
704 2.543097018556866
705 2.543097018556866
706 2.543097018556866
707 2.5556424737885712
708 2.5556424737885712
709 2.5556424737885712
710 2.385872089671632
711 2.385872089671632
712 2.385872089671632
713 2.571568301740798
714 2.571568301740798
715 2.571568301740798
716 2.4075064414547866
717 2.4075064414547866
718 2.4075064414547866
719 2.372935716757111
720 2.372935716757111
721 2.372935716757111
722 2.4080711190398127
723 2.4080711190398127
724 2.4080711190398127
725 2.433677824172718
726 2.433677824172718
727 2.433677824172718
728 2.571360076339776
729 2.571360076339776
730 2.571360076339776
731 2.290121960936788
732 2.290121960936788
733 2.290121960936788
734 2.5195629551864998
735 2.5195629551864998
736 2.5195629551864998
737 2.625109482630928
738 2.625109482630928
739 2.625109482630928
740 2.3952010488690543
741 2.3952010488690543
742 2.3952010488690543
743 2.4415575697478356
744 2.4415575697478356
745 2.4415575697478356
746 2.647423756966203
747 2.647423756966203
748 2.647423756966203
749 2.1606496302575655
750 2.1606496302575655
751 2.1606496302575655
752 2.3015549199022107
753 2.3015549199022107
754 2.3015549199022107
755 2.5597421605878217
756 2.5597421605878217
757 2.5597421605878217
758 2.525834674616037
759 2.525834674616037
760 2.525834674616037
761 2.5458354573836917
762 2.5458354573836917
763 2.5458354573836917
764 2.5998295566683787
765 2.5998295566683787
766 2.5998295566683787
767 2.616563800013062
768 2.616563800013062
769 2.616563800013062
770 2.721644899318354
771 2.721644899318354
772 2.721644899318354
773 2.3007493564999675
774 2.3007493564999675
775 2.3007493564999675
776 2.428857212501535
777 2.428857212501535
778 2.428857212501535
779 2.5960056797270705
780 2.5960056797270705
781 2.5960056797270705
782 2.5684783640948097
783 2.5684783640948097
784 2.5684783640948097
785 2.1088009629442466
786 2.1088009629442466
787 2.1088009629442466
788 2.500418420515039
789 2.500418420515039
790 2.500418420515039
791 2.231663179055985
792 2.231663179055985
793 2.231663179055985
794 2.56316438787276
795 3.489249308067246
796 3.489249308067246
797 3.489249308067246
798 3.401436923988441
799 3.401436923988441
800 3.401436923988441
801 3.448254101839844
802 3.448254101839844
803 3.448254101839844
804 3.5377439894060343
805 3.5377439894060343
806 3.5377439894060343
807 3.0909561801815992
808 3.0909561801815992
809 3.0909561801815992
810 3.3503829623596353
811 3.3503829623596353
812 3.3503829623596353
813 3.2060281045276504
814 4.305738990395366
815 4.305738990395366
816 4.305738990395366
817 4.711432970883144
818 4.711432970883144
819 4.711432970883144
820 4.694965957069171
821 4.694965957069171
822 4.694965957069171
823 4.0211426118379325
824 4.0211426118379325
825 4.0211426118379325
826 4.729460446613334
827 4.729460446613334
828 4.729460446613334
829 4.392809934935246
830 4.392809934935246
831 4.392809934935246
832 3.9037313491745094
833 3.9037313491745094
834 3.9037313491745094
835 4.206592642911158
836 4.206592642911158
837 4.206592642911158
838 4.857801271546159
839 4.857801271546159
840 4.857801271546159
841 4.096864003309765
842 4.096864003309765
843 4.096864003309765
844 4.321986811569467
845 4.321986811569467
846 4.321986811569467
847 4.343826538943742
848 4.343826538943742
849 4.343826538943742
850 4.114197987446525
851 4.114197987446525
852 4.114197987446525
853 4.690738536885292
854 4.690738536885292
855 4.690738536885292
856 4.489644081516906
857 4.489644081516906
858 4.489644081516906
859 4.231747376541777
860 4.231747376541777
861 4.231747376541777
862 4.554117383401584
863 4.554117383401584
864 4.554117383401584
865 4.290336163992383
866 4.290336163992383
867 4.290336163992383
868 4.221134114765954
869 4.221134114765954
870 4.221134114765954
871 4.3749509455109115
872 4.3749509455109115
873 4.3749509455109115
874 3.8477830204848495
875 3.8477830204848495
876 3.8477830204848495
877 4.43477834726301
878 4.43477834726301
879 4.43477834726301
880 4.46290130148334
881 4.46290130148334
882 4.46290130148334
883 3.8570838715242646
884 3.8570838715242646
885 3.8570838715242646
886 4.5810538960941045
887 4.5810538960941045
888 4.5810538960941045
889 4.709646792654208
890 4.709646792654208
891 4.709646792654208
892 4.315769423313859
893 4.315769423313859
894 4.315769423313859
895 3.973961834837784
896 3.973961834837784
897 3.973961834837784
898 3.6919834134627787
899 3.6919834134627787
900 3.6919834134627787
901 4.345855123819491
902 4.345855123819491
903 4.345855123819491
904 4.437091984444775
905 4.437091984444775
906 4.437091984444775
907 4.016480913760934
908 4.016480913760934
909 4.016480913760934
910 4.527533791482301
911 4.527533791482301
912 4.527533791482301
913 4.7076004161958975
914 4.7076004161958975
915 4.7076004161958975
916 4.541419417387658
917 4.541419417387658
918 4.541419417387658
919 3.6886688134735683
920 3.6886688134735683
921 3.6886688134735683
922 4.579509527599712
923 4.579509527599712
924 4.579509527599712
925 4.33824632436381
926 4.33824632436381
927 4.33824632436381
928 4.1604439056215945
929 4.1604439056215945
930 4.1604439056215945
931 4.141488203814952
932 4.141488203814952
933 4.141488203814952
934 3.8837087880342587
935 3.8837087880342587
936 3.8837087880342587
937 3.823920520747432
938 3.823920520747432
939 3.823920520747432
940 4.66320133429482
941 4.66320133429482
942 4.66320133429482
943 4.019252763626584
944 4.019252763626584
945 4.019252763626584
946 4.985855167205914
947 4.985855167205914
948 4.985855167205914
949 4.535135955970907
950 4.535135955970907
951 4.535135955970907
952 4.3810281454295765
953 4.3810281454295765
954 4.3810281454295765
955 3.9995118141451917
956 3.9995118141451917
957 3.9995118141451917
958 4.3900541607723795
959 4.3900541607723795
960 4.3900541607723795
961 4.544860304661126
962 4.544860304661126
963 4.544860304661126
964 4.068035616843619
965 4.068035616843619
966 4.068035616843619
967 4.424898608662667
968 4.424898608662667
969 4.424898608662667
970 4.323603872581188
971 4.323603872581188
972 4.323603872581188
973 4.0804962480770035
974 4.0804962480770035
975 4.0804962480770035
976 4.1288913798860625
977 4.1288913798860625
978 4.1288913798860625
979 1.0340720614729555
980 1.0340720614729555
981 1.0340720614729555
982 1.0628670689946431
983 1.0628670689946431
984 1.0628670689946431
985 1.0808653304693165
986 1.0808653304693165
987 1.0808653304693165
988 1.078933715594513
989 1.078933715594513
990 1.078933715594513
991 2.976975136846091
992 2.976975136846091
993 2.976975136846091
994 2.971382286191853
995 2.971382286191853
996 2.971382286191853
997 3.158219656558532
998 3.158219656558532
999 3.158219656558532
1000 3.1321414949396
1001 3.1321414949396
1002 3.1321414949396
1003 2.901513733908822
1004 2.901513733908822
1005 2.901513733908822
1006 2.98651943433225
1007 2.98651943433225
1008 2.98651943433225
1009 2.808595865040375
1010 2.808595865040375
1011 2.808595865040375
1012 2.601127419489803
1013 2.601127419489803
1014 2.601127419489803
1015 2.7953001064841487
1016 2.7953001064841487
1017 2.7953001064841487
1018 3.023516034350843
1019 3.023516034350843
1020 3.023516034350843
1021 2.9171605737872195
1022 2.9171605737872195
1023 2.9171605737872195
1024 2.687029350230055
1025 2.687029350230055
1026 2.687029350230055
1027 3.0324899481548355
1028 3.0324899481548355
1029 3.0324899481548355
1030 2.5184011542111397
1031 2.5184011542111397
1032 2.5184011542111397
1033 3.0555124766852075
1034 3.0555124766852075
1035 3.0555124766852075
1036 2.604232190579298
1037 2.604232190579298
1038 2.604232190579298
1039 2.934514942846316
1040 2.934514942846316
1041 2.934514942846316
1042 3.232441112396711
1043 3.232441112396711
1044 3.232441112396711
1045 2.6321875854776895
1046 2.6321875854776895
1047 2.6321875854776895
1048 2.759533270397108
1049 2.759533270397108
1050 2.759533270397108
1051 2.803988438219053
1052 2.581270309706797
1053 2.581270309706797
1054 2.581270309706797
1055 2.317751358031428
1056 2.317751358031428
1057 2.317751358031428
1058 2.497987976839481
1059 2.497987976839481
1060 2.497987976839481
1061 2.4221746201152
1062 2.4221746201152
1063 2.4221746201152
1064 2.399481441918973
1065 2.399481441918973
1066 2.399481441918973
1067 2.6239468886025694
1068 2.6239468886025694
1069 2.6239468886025694
1070 2.578606524152943
1071 2.578606524152943
1072 2.578606524152943
1073 2.46944937519134
1074 2.46944937519134
1075 2.46944937519134
1076 2.55210141441221
1077 2.55210141441221
1078 2.55210141441221
1079 2.5013691126263313
1080 2.5013691126263313
1081 2.5013691126263313
1082 2.5831212401574906
1083 2.5831212401574906
1084 2.5831212401574906
1085 2.713935688007942
1086 2.713935688007942
1087 2.713935688007942
1088 2.5672319721733396
1089 2.5672319721733396
1090 2.5672319721733396
1091 2.3850549566280317
1092 2.3850549566280317
1093 2.3850549566280317
1094 2.5746822769784816
1095 2.5746822769784816
1096 2.5746822769784816
1097 2.379166036339326
1098 2.379166036339326
1099 2.379166036339326
1100 2.3438039000136426
1101 2.3438039000136426
1102 2.3438039000136426
1103 2.7062049506116725
1104 2.7062049506116725
1105 2.7062049506116725
1106 2.3477595197927457
1107 2.3477595197927457
1108 2.3477595197927457
1109 2.6373111440417194
1110 2.6373111440417194
1111 2.6373111440417194
1112 2.7916414445580595
1113 2.7916414445580595
1114 2.7916414445580595
1115 2.5937095144230327
1116 2.5937095144230327
1117 2.5937095144230327
1118 2.516404712027728
1119 2.516404712027728
1120 2.516404712027728
1121 2.41963470426328
1122 2.41963470426328
1123 2.41963470426328
1124 2.189747237006798
1125 2.189747237006798
1126 2.189747237006798
1127 2.367844079593284
1128 2.367844079593284
1129 2.367844079593284
1130 2.61192466392039
1131 2.61192466392039
1132 2.61192466392039
1133 2.60395976992268
1134 2.60395976992268
1135 2.60395976992268
1136 2.496915421354212
1137 2.496915421354212
1138 2.496915421354212
1139 2.6316297575104137
1140 2.6316297575104137
1141 2.6316297575104137
1142 2.3641994593355444
1143 2.3641994593355444
1144 2.3641994593355444
1145 2.5904806157039486
1146 2.5904806157039486
1147 2.5904806157039486
1148 2.4877538433012254
1149 2.4877538433012254
1150 4.816458598884197
1151 4.816458598884197
1152 4.816458598884197
1153 3.9465292295625236
1154 1.0711889740662794
1155 1.0711889740662794
1156 1.0711889740662794
1157 1.1482835489907433
1158 1.1482835489907433
1159 1.1482835489907433
1160 1.1104229145110043
1161 1.1104229145110043
1162 1.1104229145110043
1163 1.0284077541033485
1164 1.0284077541033485
1165 1.0284077541033485
1166 1.1946282548663423
1167 1.1946282548663423
1168 1.1946282548663423
1169 1.163566575251375
1170 1.163566575251375
1171 1.163566575251375
1172 1.1598234436678447
1173 1.1598234436678447
1174 1.1598234436678447
1175 1.1137820044997564
1176 1.1137820044997564
1177 1.1137820044997564
1178 1.1469643907056801
1179 1.1469643907056801
1180 1.1469643907056801
1181 1.1678765708298244
1182 1.1678765708298244
1183 1.1678765708298244
1184 1.0688688995613027
1185 1.0688688995613027
1186 1.0688688995613027
1187 1.0304726573514593
1188 1.0304726573514593
1189 1.0304726573514593
1190 1.1747786908550197
1191 1.1747786908550197
1192 1.1747786908550197
1193 1.1617586980958021
1194 1.1617586980958021
1195 1.1617586980958021
1196 1.1018497517824037
1197 1.1018497517824037
1198 1.1018497517824037
1199 1.10888166245263
1200 1.10888166245263
1201 1.10888166245263
1202 1.0837542497193808
1203 1.0837542497193808
1204 1.0837542497193808
1205 1.1366437645386605
1206 1.1366437645386605
1207 1.1366437645386605
1208 1.075482910986747
1209 1.075482910986747
1210 1.075482910986747
1211 1.0721150338042191
1212 1.0721150338042191
1213 1.0721150338042191
1214 1.0165170870854745
1215 1.0165170870854745
1216 1.0165170870854745
1217 1.1774971235990022
1218 1.1774971235990022
1219 1.1774971235990022
1220 1.1428507482339016
1221 1.1428507482339016
1222 3.797748695859993
1223 3.797748695859993
1224 3.797748695859993
1225 4.162636414424881
1226 4.162636414424881
1227 4.162636414424881
1228 4.011961941345013
1229 4.011961941345013
1230 4.011961941345013
1231 4.082293118728505
1232 4.082293118728505
1233 4.082293118728505
1234 3.6586053845927666
1235 3.6586053845927666
1236 3.6586053845927666
1237 3.714691723398051
1238 3.714691723398051
1239 3.714691723398051
1240 4.421426639155697
1241 4.421426639155697
1242 4.421426639155697
1243 3.731598777235212
1244 3.731598777235212
1245 3.731598777235212
1246 3.773107629184745
1247 3.773107629184745
1248 3.773107629184745
1249 4.024301516047787
1250 4.024301516047787
1251 4.024301516047787
1252 4.410285744581025
1253 4.410285744581025
1254 4.410285744581025
1255 3.887964233162178
1256 3.887964233162178
1257 3.887964233162178
1258 3.621802678886734
1259 3.621802678886734
1260 3.621802678886734
1261 3.262621147367661
1262 3.262621147367661
1263 3.262621147367661
1264 3.2639341843835505
1265 3.2639341843835505
1266 3.2639341843835505
1267 3.4894987119536287
1268 3.4894987119536287
1269 3.4894987119536287
1270 3.3655318288253433
1271 3.3655318288253433
1272 3.3655318288253433
1273 3.536478078654355
1274 3.536478078654355
1275 3.536478078654355
1276 3.2710671127760107
1277 3.2710671127760107
1278 3.2710671127760107
1279 3.3009425061013826
1280 2.491142003859595
1281 2.491142003859595
1282 2.491142003859595
1283 2.8367565320940558
1284 2.8367565320940558
1285 2.8367565320940558
1286 2.1496115517379453
1287 2.1496115517379453
1288 2.1496115517379453
1289 2.3065160414558425
1290 2.3065160414558425
1291 2.3065160414558425
1292 2.364572187518346
1293 2.364572187518346
1294 2.364572187518346
1295 2.3203330772793107
1296 2.3203330772793107
1297 2.3203330772793107
1298 2.530632611646407
1299 2.530632611646407
1300 2.530632611646407
1301 2.512847868885681
1302 2.512847868885681
1303 2.512847868885681
1304 2.655839875839384
1305 2.655839875839384
1306 2.655839875839384
1307 2.0622372126547535
1308 2.0622372126547535
1309 2.0622372126547535
1310 2.4451050704073656
1311 2.4451050704073656
1312 2.4451050704073656
1313 2.6209808901183145
1314 2.6209808901183145
1315 2.6209808901183145
1316 2.5371747182631235
1317 2.5371747182631235
1318 2.5371747182631235
1319 2.365551655483786
1320 2.365551655483786
1321 2.365551655483786
1322 2.543894226357632
1323 2.543894226357632
1324 2.543894226357632
1325 2.5738105774158613
1326 2.5738105774158613
1327 3.1497908259548946
1328 3.1497908259548946
1329 3.1497908259548946
1330 3.262756097576776
1331 3.262756097576776
1332 3.262756097576776
1333 3.473458883323842
1334 3.473458883323842
1335 3.473458883323842
1336 3.0665654972118697
1337 3.0665654972118697
1338 1.0983413209580122
1339 1.0983413209580122
1340 1.0983413209580122
1341 1.1127798316669528
1342 1.1127798316669528
1343 1.1127798316669528
1344 1.177598291424827
1345 1.177598291424827
1346 1.177598291424827
1347 1.1073066348043235
1348 1.1073066348043235
1349 1.1073066348043235
1350 1.2080919622105328
1351 1.2080919622105328
1352 1.2080919622105328
1353 1.0250712615886768
1354 1.0250712615886768
1355 1.0250712615886768
1356 1.0730608252654479
1357 1.0730608252654479
1358 1.0730608252654479
1359 1.1088667428507568
1360 1.1088667428507568
1361 1.1088667428507568
1362 1.17889909386516
1363 1.17889909386516
1364 1.17889909386516
1365 1.0545428886339547
1366 1.0545428886339547
1367 1.0545428886339547
1368 1.1298451204147517
1369 1.1298451204147517
1370 1.1298451204147517
1371 1.1016134873086807
1372 1.1016134873086807
1373 1.1016134873086807
1374 1.1662006858597327
1375 2.0685127278200355
1376 2.0685127278200355
1377 2.0685127278200355
1378 2.2494464435834467
1379 2.2494464435834467
1380 2.2494464435834467
1381 2.0531827619513705
1382 2.0531827619513705
1383 2.0531827619513705
1384 2.033259564825921
1385 2.033259564825921
1386 2.033259564825921
1387 2.0112566316066856
1388 2.0112566316066856
1389 2.0112566316066856
1390 1.9730607901613288
1391 1.9730607901613288
1392 1.9730607901613288
1393 2.0724357610884208
1394 2.0724357610884208
1395 2.0724357610884208
1396 1.9761678368416287
1397 1.9761678368416287
1398 1.9761678368416287
1399 1.9859279442480617
1400 1.9859279442480617
1401 1.9859279442480617
1402 1.980635572375854
1403 1.980635572375854
1404 1.980635572375854
1405 2.0211598685238914
1406 2.0211598685238914
1407 2.0211598685238914
1408 2.091758475980133
1409 2.091758475980133
1410 2.091758475980133
1411 2.0050742129239794
1412 2.0050742129239794
1413 2.0050742129239794
1414 1.9136302976903092
1415 1.9136302976903092
1416 1.9136302976903092
1417 1.9631591485663564
1418 1.9631591485663564
1419 1.9631591485663564
1420 1.8670285804985616
1421 1.8670285804985616
1422 1.8670285804985616
1423 1.9308353062100625
1424 1.9308353062100625
1425 1.9308353062100625
1426 2.0739976074709565
1427 2.0739976074709565
1428 2.0739976074709565
1429 1.9882512289641274
1430 1.9882512289641274
1431 1.9882512289641274
1432 1.982764138327049
1433 1.982764138327049
1434 1.982764138327049
1435 2.1523887787743337
1436 2.1523887787743337
1437 2.1523887787743337
1438 2.021975195285201
1439 2.021975195285201
1440 2.021975195285201
1441 2.147249933477911
1442 2.147249933477911
1443 2.147249933477911
1444 2.0551845406248317
1445 2.0551845406248317
1446 2.0551845406248317
1447 1.956872699779978
1448 1.956872699779978
1449 1.956872699779978
1450 2.119616529172021
1451 2.119616529172021
1452 2.119616529172021
1453 2.265763208087902
1454 2.265763208087902
1455 2.265763208087902
1456 1.978488163282667
1457 1.978488163282667
1458 1.978488163282667
1459 2.063051685624104
1460 2.063051685624104
1461 3.718183677792741
1462 3.718183677792741
1463 3.718183677792741
1464 3.802806828195139
1465 3.802806828195139
1466 3.802806828195139
1467 3.779421114275389
1468 3.779421114275389
1469 3.779421114275389
1470 3.8641809804271863
1471 3.8641809804271863
1472 3.8641809804271863
1473 3.947689121538442
1474 3.947689121538442
1475 3.947689121538442
1476 4.004870827147329
1477 4.004870827147329
1478 4.004870827147329
1479 3.59017754501354
1480 3.59017754501354
1481 3.59017754501354
1482 4.224576163037514
1483 4.224576163037514
1484 4.224576163037514
1485 3.822185126144306
1486 3.822185126144306
1487 3.822185126144306
1488 3.2345083613107226
1489 3.2345083613107226
1490 3.2345083613107226
1491 3.879201963222412
1492 3.879201963222412
1493 3.879201963222412
1494 3.378620390419561
1495 3.378620390419561
1496 3.378620390419561
1497 3.7319409546096627
1498 3.7319409546096627
1499 3.7319409546096627
1500 3.8385638404149702
1501 3.8385638404149702
1502 3.8385638404149702
1503 3.8321190984471594
1504 3.8321190984471594
1505 3.8321190984471594
1506 3.9266186875842877
1507 3.9266186875842877
1508 3.9266186875842877
1509 3.9238657294391595
1510 3.9238657294391595
1511 3.9238657294391595
1512 4.050504153879091
1513 4.050504153879091
1514 4.050504153879091
1515 3.9279342314385057
1516 3.9279342314385057
1517 3.9279342314385057
1518 3.742883383747781
1519 3.742883383747781
1520 3.742883383747781
1521 3.9118805176963973
1522 3.9118805176963973
1523 3.9118805176963973
1524 4.29931494931891
1525 4.29931494931891
1526 4.29931494931891
1527 3.5446425243513477
1528 3.5446425243513477
1529 3.5446425243513477
1530 4.218295142598776
1531 4.218295142598776
1532 4.218295142598776
1533 3.5958562760304966
1534 3.5958562760304966
1535 3.5958562760304966
1536 3.9176168631318853
1537 3.9176168631318853
1538 3.9176168631318853
1539 3.566597634032102
1540 3.566597634032102
1541 3.566597634032102
1542 3.9850942812169627
1543 3.9850942812169627
1544 3.9850942812169627
1545 3.381177402892912
1546 3.381177402892912
1547 3.381177402892912
1548 3.966949065061347
1549 3.966949065061347
1550 3.966949065061347
1551 3.5786004125385222
1552 3.5786004125385222
1553 3.5786004125385222
1554 3.2793180618370914
1555 3.2793180618370914
1556 3.2793180618370914
1557 3.947376048199558
1558 3.947376048199558
1559 3.947376048199558
1560 3.952709922044178
1561 3.952709922044178
1562 3.952709922044178
1563 3.8742269080069445
1564 3.8742269080069445
1565 3.8742269080069445
1566 3.568690615078443
1567 3.568690615078443
1568 3.568690615078443
1569 3.7137922313033065
1570 3.7137922313033065
1571 3.7137922313033065
1572 0.6673975261286506
1573 0.6673975261286506
1574 0.6673975261286506
1575 0.6631418906121729
1576 0.6631418906121729
1577 0.6631418906121729
1578 0.6748557278677456
1579 0.6748557278677456
1580 0.6748557278677456
1581 0.6562019919314167
1582 0.6562019919314167
1583 0.6562019919314167
1584 0.6240914121945089
1585 0.6240914121945089
1586 0.6240914121945089
1587 0.6734635284266519
1588 0.6734635284266519
1589 0.6734635284266519
1590 0.6408475016839348
1591 0.6408475016839348
1592 0.6408475016839348
1593 0.6276064520540189
1594 0.6276064520540189
1595 0.6276064520540189
1596 0.676273112523147
1597 0.676273112523147
1598 0.676273112523147
1599 0.5947335848824515
1600 0.5947335848824515
1601 0.5947335848824515
1602 0.6713605072047232
1603 0.6713605072047232
1604 0.6713605072047232
1605 0.6858499951001209
1606 0.6858499951001209
1607 0.6858499951001209
1608 0.686916455956668
1609 0.686916455956668
1610 0.686916455956668
1611 0.6848877886105696
1612 0.6848877886105696
1613 0.6848877886105696
1614 0.6463764882999217
1615 0.6463764882999217
1616 0.6463764882999217
1617 0.6570982289605521
1618 0.6570982289605521
1619 0.6570982289605521
1620 1.0228723760259937
1621 1.0228723760259937
1622 1.0228723760259937
1623 1.1079652698669284
1624 1.1079652698669284
1625 1.1079652698669284
1626 1.1123831615997524
1627 1.1123831615997524
1628 1.1123831615997524
1629 1.1187278185292475
1630 1.1187278185292475
1631 1.1187278185292475
1632 1.0821445684913884
1633 1.0821445684913884
1634 1.0821445684913884
1635 1.1696319625181657
1636 1.1696319625181657
1637 1.1696319625181657
1638 1.1278114862526374
1639 1.1278114862526374
1640 1.1278114862526374
1641 1.1079463420635658
1642 1.1079463420635658
1643 2.748736287149129
1644 2.748736287149129
1645 2.748736287149129
1646 2.379301466918392
1647 2.379301466918392
1648 2.379301466918392
1649 2.355198008961034
1650 2.355198008961034
1651 2.355198008961034
1652 2.6155695739579694
1653 2.6155695739579694
1654 2.6155695739579694
1655 2.53277347776462
1656 2.53277347776462
1657 2.53277347776462
1658 2.402848671595991
1659 2.402848671595991
1660 2.402848671595991
1661 2.3885839931457533
1662 2.3885839931457533
1663 2.3885839931457533
1664 2.4201384729907787
1665 2.4201384729907787
1666 2.4201384729907787
1667 2.3188668623662596
1668 2.3188668623662596
1669 2.3188668623662596
1670 2.4791219045399657
1671 2.4791219045399657
1672 2.4791219045399657
1673 2.4580290654399604
1674 2.4580290654399604
1675 2.4580290654399604
1676 2.282271051393866
1677 2.282271051393866
1678 2.282271051393866
1679 2.5364012447512336
1680 2.5364012447512336
1681 2.5364012447512336
1682 2.4228251020390226
1683 2.4228251020390226
1684 2.4228251020390226
1685 2.3779131579282047
1686 2.3779131579282047
1687 2.3779131579282047
1688 2.449223330620626
1689 2.449223330620626
1690 2.449223330620626
1691 2.248301895871791
1692 2.248301895871791
1693 2.248301895871791
1694 2.5799908315647833
1695 2.5799908315647833
1696 2.5799908315647833
1697 2.583480000321851
1698 2.583480000321851
1699 2.583480000321851
1700 2.6309019720829507
1701 2.6309019720829507
1702 2.6309019720829507
1703 2.290775462916571
1704 2.290775462916571
1705 2.290775462916571
1706 2.8318749312209537
1707 2.8318749312209537
1708 2.8318749312209537
1709 2.2682875953073847
1710 2.2682875953073847
1711 2.2682875953073847
1712 2.222254068582785
1713 2.222254068582785
1714 2.222254068582785
1715 2.36570736561251
1716 2.36570736561251
1717 2.36570736561251
1718 2.555573687200709
1719 2.555573687200709
1720 2.555573687200709
1721 2.677358649807654
1722 2.677358649807654
1723 2.677358649807654
1724 2.620982600371893
1725 2.620982600371893
1726 2.620982600371893
1727 2.446429868548745
1728 2.446429868548745
1729 2.446429868548745
1730 2.6310538403594625
1731 2.6310538403594625
1732 2.6310538403594625
1733 2.6454994165945442
1734 2.6454994165945442
1735 2.6454994165945442
1736 2.602675493895307
1737 2.602675493895307
1738 2.602675493895307
1739 2.3871419659666815
1740 2.3871419659666815
1741 2.3871419659666815
1742 2.5722489127430785
1743 2.5722489127430785
1744 2.5722489127430785
1745 2.560109937412121
1746 2.560109937412121
1747 2.560109937412121
1748 2.479442640016847
1749 2.479442640016847
1750 2.479442640016847
1751 2.675877980770921
1752 2.675877980770921
1753 2.675877980770921
1754 2.3929530807567856
1755 2.3929530807567856
1756 2.3929530807567856
1757 2.4005573439901164
1758 2.4005573439901164
1759 2.4005573439901164
1760 2.4897243181708455
1761 2.4897243181708455
1762 2.4897243181708455
1763 2.326321251726425
1764 2.326321251726425
1765 2.326321251726425
1766 2.335547847245407
1767 2.335547847245407
1768 2.335547847245407
1769 2.18368242339962
1770 2.18368242339962
1771 2.18368242339962
1772 2.54891801340712
1773 2.54891801340712
1774 2.54891801340712
1775 2.1260300513003556
1776 2.1260300513003556
1777 2.1260300513003556
1778 2.7018136332699147
1779 2.7018136332699147
1780 2.7018136332699147
1781 2.463574644842654
1782 2.463574644842654
1783 2.463574644842654
1784 4.387662314451385
1785 4.387662314451385
1786 4.387662314451385
1787 4.064442066388247
1788 4.064442066388247
1789 4.064442066388247
1790 4.141401626610908
1791 4.141401626610908
1792 4.141401626610908
1793 4.206697993801557
1794 4.206697993801557
1795 4.206697993801557
1796 4.230685978806537
1797 4.230685978806537
1798 4.230685978806537
1799 4.329831181091259
1800 4.329831181091259
1801 4.329831181091259
1802 4.0181299341985595
1803 4.0181299341985595
1804 4.0181299341985595
1805 2.012861432004752
1806 2.012861432004752
1807 2.012861432004752
1808 2.1517366111644685
1809 2.1517366111644685
1810 2.1517366111644685
1811 2.0216646862866026
1812 2.0216646862866026
1813 2.0216646862866026
1814 1.7121282369135897
1815 1.7121282369135897
1816 1.7121282369135897
1817 3.2793686396357393
1818 3.2793686396357393
1819 3.2793686396357393
1820 3.477007081135907
1821 3.477007081135907
1822 3.477007081135907
1823 3.127536312438759
1824 3.127536312438759
1825 3.127536312438759
1826 2.97146684319313
1827 2.97146684319313
1828 2.97146684319313
1829 3.4030009234119984
1830 3.4030009234119984
1831 3.4030009234119984
1832 2.9983856115840153
1833 2.9983856115840153
1834 2.9983856115840153
1835 3.151597242632429
1836 3.151597242632429
1837 3.151597242632429
1838 3.4374394800695893
1839 3.4374394800695893
1840 3.4374394800695893
1841 3.6165688911772005
1842 3.6165688911772005
1843 3.6165688911772005
1844 3.4493641741706176
1845 3.4493641741706176
1846 3.4493641741706176
1847 3.623695343974253
1848 3.623695343974253
1849 3.623695343974253
1850 3.8442438992541903
1851 3.8442438992541903
1852 3.8442438992541903
1853 3.4388901612732297
1854 3.4388901612732297
1855 3.4388901612732297
1856 3.0258521818763926
1857 3.0258521818763926
1858 3.0258521818763926
1859 3.309938732772449
1860 3.309938732772449
1861 3.309938732772449
1862 3.3054821695905545
1863 3.3054821695905545
1864 2.2269935433642267
1865 2.2269935433642267
1866 2.2269935433642267
1867 2.071528150605367
1868 2.071528150605367
1869 2.071528150605367
1870 1.9144625759487535
1871 1.9144625759487535
1872 1.9144625759487535
1873 1.9769202407537387
1874 1.9769202407537387
1875 1.9769202407537387
1876 2.0227237098128032
1877 2.0227237098128032
1878 2.0227237098128032
1879 2.0464313026044767
1880 2.0464313026044767
1881 2.0464313026044767
1882 1.9685971062613719
1883 1.9685971062613719
1884 1.9685971062613719
1885 2.1244769160297983
1886 2.1244769160297983
1887 2.1244769160297983
1888 1.9381898401182849
1889 1.9381898401182849
1890 1.9381898401182849
1891 2.1469603251178206
1892 2.1469603251178206
1893 2.1469603251178206
1894 1.8247352763800198
1895 1.8247352763800198
1896 1.8247352763800198
1897 1.8396062239716975
1898 1.8396062239716975
1899 1.8396062239716975
1900 1.859702611493581
1901 1.859702611493581
1902 1.859702611493581
1903 1.9576171276667014
1904 1.9576171276667014
1905 1.9576171276667014
1906 1.8784538568297207
1907 1.8784538568297207
1908 1.8784538568297207
1909 1.8872591170223116
1910 1.8872591170223116
1911 1.8872591170223116
1912 2.160902523303001
1913 2.160902523303001
1914 2.160902523303001
1915 1.8740819371330881
1916 1.8740819371330881
1917 1.8740819371330881
1918 2.1104291947078053
1919 2.1104291947078053
1920 2.1104291947078053
1921 2.1002035520107434
1922 2.1002035520107434
1923 2.1002035520107434
1924 2.1830534430846003
1925 2.1830534430846003
1926 2.1830534430846003
1927 2.0369364834774206
1928 2.0369364834774206
1929 2.0369364834774206
1930 1.9480743525087747
1931 1.9480743525087747
1932 1.9480743525087747
1933 2.206216118080314
1934 2.206216118080314
1935 2.206216118080314
1936 1.7228962491552284
1937 1.7228962491552284
1938 1.7228962491552284
1939 1.9258510103143562
1940 1.9258510103143562
1941 1.9258510103143562
1942 2.03078135716053
1943 2.03078135716053
1944 2.03078135716053
1945 1.980945016017664
1946 1.980945016017664
1947 1.980945016017664
1948 2.0423104670190155
1949 2.0423104670190155
1950 2.0423104670190155
1951 1.9118520634641838
1952 1.9118520634641838
1953 1.9118520634641838
1954 2.0392474498230886
1955 2.0392474498230886
1956 2.0392474498230886
1957 2.0507481662595084
1958 2.0507481662595084
1959 2.0507481662595084
1960 1.8146242946368047
1961 1.8146242946368047
1962 1.8146242946368047
1963 2.1949238954261956
1964 2.1949238954261956
1965 2.1949238954261956
1966 2.0926560406968147
1967 2.0926560406968147
1968 2.0926560406968147
1969 2.0463894260090774
1970 2.0463894260090774
1971 2.0463894260090774
1972 2.0981148547051505
1973 2.0981148547051505
1974 2.0981148547051505
1975 2.045409908708839
1976 2.045409908708839
1977 2.045409908708839
1978 2.1833619905995802
1979 2.1833619905995802
1980 2.1833619905995802
1981 2.148634479915096
1982 2.148634479915096
1983 2.148634479915096
1984 1.8603987471112156
1985 1.8603987471112156
1986 1.8603987471112156
1987 2.2227238363477673
1988 2.2227238363477673
1989 2.549810546454516
1990 2.549810546454516
1991 2.549810546454516
1992 2.331517001470326
1993 2.331517001470326
1994 2.331517001470326
1995 2.481601109649029
1996 2.481601109649029
1997 2.481601109649029
1998 2.6842555789077234
1999 2.6842555789077234
