0 0.6196959898718829
1 0.6196959898718829
2 0.6196959898718829
3 2.5212419797428227
4 2.5212419797428227
5 2.5212419797428227
6 2.5212419797428227
7 2.5212419797428227
8 3.4726350156262837
9 3.4726350156262837
10 3.4726350156262837
11 3.4726350156262837
12 3.4726350156262837
13 2.359108259895805
14 2.359108259895805
15 2.359108259895805
16 2.359108259895805
17 2.359108259895805
18 1.9127587824505934
19 1.9127587824505934
20 1.9127587824505934
21 1.9127587824505934
22 1.9127587824505934
23 1.5031359502109716
24 1.5031359502109716
25 1.5031359502109716
26 1.5031359502109716
27 1.5031359502109716
28 2.2880477353931115
29 2.2880477353931115
30 2.2880477353931115
31 2.2880477353931115
32 2.2880477353931115
33 2.2584374222395605
34 2.2584374222395605
35 2.2584374222395605
36 2.2584374222395605
37 2.2584374222395605
38 4.016257842168552
39 4.016257842168552
40 4.016257842168552
41 4.016257842168552
42 4.016257842168552
43 1.8046673558642667
44 1.8046673558642667
45 1.8046673558642667
46 1.8046673558642667
47 1.8046673558642667
48 2.6636510659412096
49 2.6636510659412096
50 2.6636510659412096
51 2.6636510659412096
52 2.6636510659412096
53 1.7929538021458358
54 1.7929538021458358
55 1.7929538021458358
56 1.7929538021458358
57 1.7929538021458358
58 1.9529172093002085
59 1.9529172093002085
60 1.9529172093002085
61 1.9529172093002085
62 1.9529172093002085
63 3.6222249369252593
64 3.6222249369252593
65 3.6222249369252593
66 3.6222249369252593
67 3.6222249369252593
68 1.7922273122877392
69 1.7922273122877392
70 1.7922273122877392
71 1.7922273122877392
72 1.7922273122877392
73 1.8688405972682265
74 1.8688405972682265
75 1.8688405972682265
76 1.8688405972682265
77 1.8688405972682265
78 3.2347825208580394
79 3.2347825208580394
80 3.2347825208580394
81 3.2347825208580394
82 3.2347825208580394
83 2.9880308879632684
84 2.9880308879632684
85 2.9880308879632684
86 2.9880308879632684
87 2.9880308879632684
88 2.5923401055645434
89 2.5923401055645434
90 2.5923401055645434
91 2.5923401055645434
92 2.5923401055645434
93 2.4297771126652012
94 2.4297771126652012
95 2.4297771126652012
96 2.4297771126652012
97 2.4297771126652012
98 4.458475628419787
99 4.458475628419787
100 4.458475628419787
101 4.458475628419787
102 4.458475628419787
103 2.7640254863433684
104 2.7640254863433684
105 2.7640254863433684
106 2.7640254863433684
107 2.7640254863433684
108 2.780273426877932
109 2.780273426877932
110 2.780273426877932
111 2.0514063850841446
112 2.0514063850841446
113 2.0514063850841446
114 2.0514063850841446
115 2.0514063850841446
116 1.3864946719289692
117 1.3864946719289692
118 1.3864946719289692
119 1.3864946719289692
120 1.3864946719289692
121 1.94105536016374
122 1.94105536016374
123 1.94105536016374
124 1.94105536016374
125 1.94105536016374
126 2.555901073027937
127 3.3960700041334384
128 3.3960700041334384
129 3.3960700041334384
130 3.3960700041334384
131 3.3960700041334384
132 1.9111167835749916
133 1.9111167835749916
134 1.9111167835749916
135 1.9111167835749916
136 1.9111167835749916
137 3.2935209524240703
138 3.2935209524240703
139 3.2935209524240703
140 3.2935209524240703
141 3.2935209524240703
142 1.8304570074838928
143 1.8304570074838928
144 1.8304570074838928
145 1.8304570074838928
146 1.8304570074838928
147 3.7941700154215
148 3.7941700154215
149 3.7941700154215
150 3.7941700154215
151 2.5626516190969566
152 2.5626516190969566
153 2.5626516190969566
154 2.5626516190969566
155 2.5626516190969566
156 4.680724336269424
157 4.680724336269424
158 4.680724336269424
159 4.680724336269424
160 4.680724336269424
161 4.278060117149241
162 4.278060117149241
163 4.278060117149241
164 4.278060117149241
165 4.278060117149241
166 5.060587545088412
167 5.060587545088412
168 5.060587545088412
169 5.060587545088412
170 5.060587545088412
171 4.433885658390986
172 4.433885658390986
173 4.433885658390986
174 4.433885658390986
175 4.433885658390986
176 2.978034386607396
177 2.978034386607396
178 2.978034386607396
179 2.978034386607396
180 2.978034386607396
181 2.7980330826728816
182 2.7980330826728816
183 2.7980330826728816
184 2.7980330826728816
185 2.7980330826728816
186 1.7778841099580016
187 1.7778841099580016
188 1.7778841099580016
189 1.7778841099580016
190 1.7778841099580016
191 1.4845599591509346
192 1.4845599591509346
193 1.4845599591509346
194 1.4845599591509346
195 1.4845599591509346
196 4.2717529411676045
197 4.2717529411676045
198 4.2717529411676045
199 4.2717529411676045
200 4.2717529411676045
201 3.9751921704369573
202 3.9751921704369573
203 3.9751921704369573
204 3.9751921704369573
205 3.9751921704369573
206 2.8901948340997063
207 2.8901948340997063
208 2.8901948340997063
209 2.8901948340997063
210 2.8901948340997063
211 4.902016681336104
212 4.902016681336104
213 4.902016681336104
214 4.902016681336104
215 4.902016681336104
216 4.9309458159379975
217 4.9309458159379975
218 4.9309458159379975
219 4.9309458159379975
220 4.9309458159379975
221 2.6194359387051023
222 2.6194359387051023
223 2.6194359387051023
224 2.6194359387051023
225 2.6194359387051023
226 2.887993621628195
227 2.887993621628195
228 2.887993621628195
229 2.887993621628195
230 2.887993621628195
231 4.6362824232655715
232 4.6362824232655715
233 4.6362824232655715
234 4.6362824232655715
235 4.6362824232655715
236 4.2407586070630074
237 4.2407586070630074
238 4.2407586070630074
239 4.2407586070630074
240 4.2407586070630074
241 4.49758547286234
242 4.49758547286234
243 4.49758547286234
244 4.49758547286234
245 4.49758547286234
246 6.323100202697213
247 6.323100202697213
248 6.323100202697213
249 6.323100202697213
250 6.323100202697213
251 4.208002332129128
252 4.208002332129128
253 4.208002332129128
254 4.208002332129128
255 4.208002332129128
256 3.2991974046205543
257 3.2991974046205543
258 3.2991974046205543
259 3.2991974046205543
260 3.2991974046205543
261 4.629943439082914
262 4.629943439082914
263 4.629943439082914
264 4.629943439082914
265 4.629943439082914
266 5.667176787381742
267 5.667176787381742
268 5.667176787381742
269 5.667176787381742
270 5.667176787381742
271 4.849265227978122
272 4.849265227978122
273 4.849265227978122
274 4.849265227978122
275 4.849265227978122
276 4.4149934731359215
277 4.4149934731359215
278 4.4149934731359215
279 4.4149934731359215
280 4.4149934731359215
281 2.6369046796958546
282 2.6369046796958546
283 2.6369046796958546
284 2.6369046796958546
285 2.6369046796958546
286 2.6760197838752138
287 2.6760197838752138
288 2.6760197838752138
289 2.6760197838752138
290 2.6760197838752138
291 3.4303033876062146
292 3.4303033876062146
293 3.4303033876062146
294 3.4303033876062146
295 3.4303033876062146
296 3.7907689634112813
297 3.7907689634112813
298 3.7907689634112813
299 3.7907689634112813
300 3.7907689634112813
301 2.2113271777407224
302 2.2113271777407224
303 2.2113271777407224
304 2.2113271777407224
305 2.2113271777407224
306 4.328218249977244
307 4.328218249977244
308 4.328218249977244
309 4.328218249977244
310 4.328218249977244
311 4.198110096056136
312 4.198110096056136
313 4.198110096056136
314 4.198110096056136
315 4.198110096056136
316 5.238113076979359
317 5.238113076979359
318 5.238113076979359
319 5.238113076979359
320 5.238113076979359
321 4.759405864932356
322 4.759405864932356
323 4.759405864932356
324 4.759405864932356
325 4.759405864932356
326 4.403163124758107
327 4.403163124758107
328 4.403163124758107
329 4.403163124758107
330 4.403163124758107
331 2.3621776005574073
332 2.3621776005574073
333 2.3621776005574073
334 2.3621776005574073
335 2.3621776005574073
336 4.091418483970434
337 4.091418483970434
338 4.091418483970434
339 4.091418483970434
340 4.091418483970434
341 1.4027862269314464
342 1.4027862269314464
343 1.4027862269314464
344 1.4027862269314464
345 1.4027862269314464
346 3.1418518839026164
347 3.1418518839026164
348 3.1418518839026164
349 3.1418518839026164
350 3.1418518839026164
351 4.476427870401145
352 4.476427870401145
353 4.476427870401145
354 4.476427870401145
355 4.476427870401145
356 5.1404679957129575
357 5.1404679957129575
358 5.1404679957129575
359 5.1404679957129575
360 5.1404679957129575
361 4.72380490099712
362 4.72380490099712
363 4.72380490099712
364 4.72380490099712
365 4.72380490099712
366 5.7673346202212254
367 5.7673346202212254
368 2.1853185631286416
369 2.1853185631286416
370 2.1853185631286416
371 2.1853185631286416
372 2.1853185631286416
373 0.901449120622269
374 0.901449120622269
375 0.901449120622269
376 0.901449120622269
377 0.901449120622269
378 2.27911931107322
379 2.27911931107322
380 2.27911931107322
381 2.27911931107322
382 2.27911931107322
383 0.6109188459681809
384 0.6109188459681809
385 0.6109188459681809
386 0.6109188459681809
387 0.6109188459681809
388 2.4022565870792403
389 2.4022565870792403
390 2.4022565870792403
391 2.4022565870792403
392 2.4022565870792403
393 3.2873837475019414
394 3.2873837475019414
395 3.2873837475019414
396 3.2873837475019414
397 3.2873837475019414
398 2.4416671518406132
399 2.4416671518406132
400 2.4416671518406132
401 2.4416671518406132
402 2.4416671518406132
403 2.1506156219453003
404 2.1506156219453003
405 2.1506156219453003
406 2.1506156219453003
407 2.1506156219453003
408 1.2807692294940936
409 1.2807692294940936
410 1.2807692294940936
411 1.2807692294940936
412 1.2807692294940936
413 2.3379995915603575
414 2.3379995915603575
415 2.3379995915603575
416 2.3379995915603575
417 2.3379995915603575
418 2.8741617869789255
419 2.8741617869789255
420 2.8741617869789255
421 2.8741617869789255
422 2.8741617869789255
423 1.630111966946573
424 1.630111966946573
425 1.630111966946573
426 1.630111966946573
427 1.630111966946573
428 1.7323430897209529
429 1.7323430897209529
430 1.7323430897209529
431 1.7323430897209529
432 1.7323430897209529
433 1.77958894456236
434 1.77958894456236
435 1.77958894456236
436 1.77958894456236
437 1.77958894456236
438 3.110060734831586
439 3.110060734831586
440 3.110060734831586
441 3.110060734831586
442 3.110060734831586
443 1.632236168981152
444 1.632236168981152
445 1.632236168981152
446 1.632236168981152
447 1.632236168981152
448 1.0925331087990198
449 1.0925331087990198
450 1.0925331087990198
451 1.0925331087990198
452 1.0925331087990198
453 1.1153566072070662
454 1.1153566072070662
455 1.1153566072070662
456 1.1153566072070662
457 1.1153566072070662
458 0.4495600161470108
459 0.4495600161470108
460 0.4495600161470108
461 0.4495600161470108
462 0.4495600161470108
463 2.567785921098962
464 2.567785921098962
465 2.567785921098962
466 2.567785921098962
467 2.567785921098962
468 1.8150124479098826
469 1.8150124479098826
470 1.8150124479098826
471 1.8150124479098826
472 1.8150124479098826
473 2.9349562497524766
474 2.9349562497524766
475 2.9349562497524766
476 2.9349562497524766
477 2.9349562497524766
478 1.766049731951607
479 1.766049731951607
480 1.766049731951607
481 1.766049731951607
482 1.766049731951607
483 2.6416086446074605
484 2.6416086446074605
485 2.6416086446074605
486 2.6416086446074605
487 2.6416086446074605
488 2.4999765338408464
489 2.4999765338408464
490 2.4999765338408464
491 2.4999765338408464
492 2.4999765338408464
493 1.9968087357605244
494 1.9968087357605244
495 1.9968087357605244
496 1.9968087357605244
497 1.9968087357605244
498 2.006172631790695
499 2.006172631790695
500 2.006172631790695
501 2.006172631790695
502 2.006172631790695
503 1.1323966598421569
504 1.1323966598421569
505 1.1323966598421569
506 1.1323966598421569
507 1.1323966598421569
508 4.044854501124886
509 4.650369653323602
510 4.650369653323602
511 4.650369653323602
512 4.650369653323602
513 4.650369653323602
514 3.1519639946295657
515 3.1519639946295657
516 3.1519639946295657
517 3.1519639946295657
518 3.1519639946295657
519 1.8297285440211684
520 1.8297285440211684
521 1.8297285440211684
522 1.8297285440211684
523 1.8297285440211684
524 3.205905603161291
525 3.205905603161291
526 3.205905603161291
527 3.205905603161291
528 3.205905603161291
529 3.375169008921542
530 3.375169008921542
531 3.375169008921542
532 3.375169008921542
533 3.375169008921542
534 3.1393889816638745
535 3.1393889816638745
536 3.1393889816638745
537 3.1393889816638745
538 3.1393889816638745
539 2.9332954901152135
540 2.9332954901152135
541 2.9332954901152135
542 2.9332954901152135
543 2.9332954901152135
544 5.487560404996165
545 5.487560404996165
546 5.487560404996165
547 5.487560404996165
548 5.487560404996165
549 4.325619816164456
550 4.325619816164456
551 4.325619816164456
552 4.325619816164456
553 4.325619816164456
554 6.503079680265212
555 6.503079680265212
556 6.503079680265212
557 6.503079680265212
558 6.503079680265212
559 6.20236695363897
560 6.20236695363897
561 6.20236695363897
562 6.20236695363897
563 6.20236695363897
564 5.319940220904293
565 5.319940220904293
566 5.319940220904293
567 5.319940220904293
568 5.319940220904293
569 3.011920126383346
570 3.011920126383346
571 3.011920126383346
572 3.011920126383346
573 3.011920126383346
574 3.514786722843131
575 3.514786722843131
576 3.514786722843131
577 3.514786722843131
578 3.514786722843131
579 3.8621616498619225
580 3.8621616498619225
581 3.8621616498619225
582 3.8621616498619225
583 3.8621616498619225
584 5.053922406023717
585 5.053922406023717
586 5.053922406023717
587 5.053922406023717
588 5.053922406023717
589 6.577909034295738
590 6.577909034295738
591 6.577909034295738
592 6.577909034295738
593 6.577909034295738
594 1.214290633419874
595 1.214290633419874
596 1.214290633419874
597 1.214290633419874
598 1.214290633419874
599 5.094035520415176
600 5.094035520415176
601 5.094035520415176
602 5.094035520415176
603 5.094035520415176
604 2.7357285125933637
605 2.7357285125933637
606 2.7357285125933637
607 2.7357285125933637
608 2.7357285125933637
609 4.949415290448385
610 4.949415290448385
611 4.949415290448385
612 4.949415290448385
613 4.949415290448385
614 4.392187937129535
615 4.392187937129535
616 4.392187937129535
617 4.392187937129535
618 4.392187937129535
619 5.651296189672743
620 5.651296189672743
621 5.651296189672743
622 5.651296189672743
623 5.651296189672743
624 3.36827834388935
625 3.36827834388935
626 3.36827834388935
627 3.36827834388935
628 3.36827834388935
629 3.7444698304930717
630 3.7444698304930717
631 3.7444698304930717
632 3.7444698304930717
633 3.7444698304930717
634 6.520378995364519
635 1.8647860498676527
636 1.8647860498676527
637 1.8647860498676527
638 1.8647860498676527
639 1.8647860498676527
640 3.236335801548314
641 3.236335801548314
642 3.236335801548314
643 3.236335801548314
644 3.236335801548314
645 1.7186877748657303
646 1.7186877748657303
647 1.7186877748657303
648 1.7186877748657303
649 1.7186877748657303
650 2.422974961525573
651 2.422974961525573
652 2.422974961525573
653 2.422974961525573
654 2.422974961525573
655 0.5643894433967134
656 0.852128290833748
657 0.852128290833748
658 0.852128290833748
659 0.852128290833748
660 0.852128290833748
661 0.8076433967817879
662 0.8076433967817879
663 0.8076433967817879
664 0.8076433967817879
665 0.8076433967817879
666 0.4512093195424246
667 0.4512093195424246
668 0.4512093195424246
669 0.4512093195424246
670 0.4512093195424246
671 0.6813858454062092
672 0.6813858454062092
673 0.6813858454062092
674 0.6813858454062092
675 0.6813858454062092
676 0.958810536791209
677 0.958810536791209
678 0.958810536791209
679 0.958810536791209
680 0.958810536791209
681 0.988608959696265
682 0.988608959696265
683 0.988608959696265
684 0.988608959696265
685 0.988608959696265
686 0.8303424783239126
687 0.8303424783239126
688 0.8303424783239126
689 0.8303424783239126
690 0.8303424783239126
691 0.6703357571136642
692 0.6703357571136642
693 0.6703357571136642
694 0.6703357571136642
695 0.6703357571136642
696 0.8486864071036347
697 0.8486864071036347
698 0.8486864071036347
699 0.8486864071036347
700 0.8486864071036347
701 0.6828695462548914
702 3.224851289778302
703 3.224851289778302
704 3.224851289778302
705 1.312228860325232
706 1.312228860325232
707 1.312228860325232
708 1.312228860325232
709 1.312228860325232
710 1.10100280991537
711 1.10100280991537
712 1.10100280991537
713 1.10100280991537
714 1.10100280991537
715 1.13411470499583
716 1.13411470499583
717 1.13411470499583
718 1.13411470499583
719 1.13411470499583
720 0.9936470688923692
721 0.9936470688923692
722 0.9936470688923692
723 0.9936470688923692
724 0.9936470688923692
725 1.72329477788045
726 1.72329477788045
727 1.72329477788045
728 1.72329477788045
729 1.72329477788045
730 1.1405307604011763
731 1.1405307604011763
732 1.1405307604011763
733 3.5737083236979177
734 3.5737083236979177
735 3.5737083236979177
736 3.5737083236979177
737 3.5737083236979177
738 3.664645783776824
739 3.664645783776824
740 3.664645783776824
741 3.664645783776824
742 3.664645783776824
743 2.429831532225476
744 2.429831532225476
745 2.429831532225476
746 2.429831532225476
747 2.429831532225476
748 3.5224183453455242
749 3.5224183453455242
750 3.5224183453455242
751 3.5224183453455242
752 3.5224183453455242
753 2.589642913547025
754 2.589642913547025
755 2.589642913547025
756 2.589642913547025
757 2.589642913547025
758 3.8381540397751355
759 3.8381540397751355
760 3.8381540397751355
761 3.8381540397751355
762 3.8381540397751355
763 4.73339836200403
764 4.73339836200403
765 4.73339836200403
766 4.73339836200403
767 4.73339836200403
768 5.066241554769876
769 5.066241554769876
770 5.066241554769876
771 5.066241554769876
772 5.066241554769876
773 2.996589422444489
774 2.996589422444489
775 2.996589422444489
776 2.996589422444489
777 2.996589422444489
778 1.694728801769772
779 1.694728801769772
780 1.694728801769772
781 1.694728801769772
782 1.694728801769772
783 3.5000750603253987
784 3.5000750603253987
785 3.5000750603253987
786 3.5000750603253987
787 3.5000750603253987
788 2.7698287768354706
789 2.7698287768354706
790 2.7698287768354706
791 2.7698287768354706
792 2.7698287768354706
793 3.4736693782382138
794 3.4736693782382138
795 3.4736693782382138
796 3.4736693782382138
797 3.4736693782382138
798 4.325481586768562
799 4.325481586768562
800 4.325481586768562
801 4.325481586768562
802 4.325481586768562
803 0.1
804 0.1
805 0.1
806 0.1
807 0.1
808 3.2491717610519
809 3.2491717610519
810 3.2491717610519
811 3.2491717610519
812 3.2491717610519
813 2.210360406601218
814 2.210360406601218
815 2.210360406601218
816 2.210360406601218
817 2.210360406601218
818 1.5704875778982517
819 1.5704875778982517
820 1.5704875778982517
821 1.5704875778982517
822 1.5704875778982517
823 1.8957045391570215
824 1.8957045391570215
825 1.8957045391570215
826 1.8957045391570215
827 1.8957045391570215
828 3.8853200431146373
829 3.8853200431146373
830 3.8853200431146373
831 3.8853200431146373
832 3.8853200431146373
833 2.197445510507606
834 2.197445510507606
835 2.197445510507606
836 2.197445510507606
837 2.197445510507606
838 2.439032284534826
839 2.439032284534826
840 2.439032284534826
841 2.439032284534826
842 2.439032284534826
843 1.1422270883463408
844 1.1422270883463408
845 1.1422270883463408
846 1.1422270883463408
847 1.1422270883463408
848 4.315450491204503
849 4.315450491204503
850 4.315450491204503
851 4.315450491204503
852 4.315450491204503
853 3.301837906426658
854 3.301837906426658
855 3.301837906426658
856 3.301837906426658
857 3.301837906426658
858 3.704065264095562
859 3.704065264095562
860 3.704065264095562
861 3.704065264095562
862 3.704065264095562
863 4.556585135229497
864 4.556585135229497
865 4.556585135229497
866 4.556585135229497
867 4.556585135229497
868 1.6658947917867166
869 1.6658947917867166
870 1.6658947917867166
871 1.6658947917867166
872 1.6658947917867166
873 3.1060322257686264
874 3.1060322257686264
875 3.1060322257686264
876 3.1060322257686264
877 3.1060322257686264
878 4.712343406556633
879 4.712343406556633
880 4.712343406556633
881 4.712343406556633
882 4.712343406556633
883 2.3347130484783163
884 2.3347130484783163
885 2.3347130484783163
886 2.3347130484783163
887 2.3347130484783163
888 2.9882303015558036
889 2.9882303015558036
890 2.9882303015558036
891 2.9882303015558036
892 2.9882303015558036
893 3.7975779788059985
894 3.7975779788059985
895 3.7975779788059985
896 3.7975779788059985
897 3.7975779788059985
898 1.686030224618546
899 1.686030224618546
900 1.686030224618546
901 1.686030224618546
902 1.686030224618546
903 1.6201603551084693
904 1.6201603551084693
905 1.6201603551084693
906 1.6201603551084693
907 1.6201603551084693
908 3.2977694370633435
909 3.2977694370633435
910 3.2977694370633435
911 3.2977694370633435
912 3.2977694370633435
913 3.6789919496745354
914 3.6789919496745354
915 3.6789919496745354
916 3.6789919496745354
917 3.6789919496745354
918 2.2161647219724925
919 2.2161647219724925
920 2.2161647219724925
921 2.2161647219724925
922 2.2161647219724925
923 3.360205115007765
924 3.360205115007765
925 3.360205115007765
926 3.360205115007765
927 3.360205115007765
928 1.261607821802747
929 1.261607821802747
930 1.261607821802747
931 1.261607821802747
932 1.261607821802747
933 2.6082238384822967
934 2.6082238384822967
935 2.6082238384822967
936 2.6082238384822967
937 2.6082238384822967
938 3.9632913247020953
939 3.9632913247020953
940 3.9632913247020953
941 3.9632913247020953
942 3.9632913247020953
943 2.2602545024813576
944 2.2602545024813576
945 2.2602545024813576
946 2.2602545024813576
947 2.2602545024813576
948 3.039513753878129
949 3.039513753878129
950 3.039513753878129
951 3.039513753878129
952 3.039513753878129
953 1.9938470417622742
954 1.9938470417622742
955 1.9938470417622742
956 1.9938470417622742
957 1.9938470417622742
958 1.7249247502586074
959 1.7249247502586074
960 1.7249247502586074
961 1.7249247502586074
962 1.7249247502586074
963 2.378358824866196
964 2.378358824866196
965 2.378358824866196
966 2.378358824866196
967 2.378358824866196
968 1.858727983458733
969 1.858727983458733
970 1.858727983458733
971 1.858727983458733
972 1.858727983458733
973 3.61683395686439
974 3.61683395686439
975 3.61683395686439
976 3.61683395686439
977 3.61683395686439
978 4.4478084781093425
979 4.4478084781093425
980 4.4478084781093425
981 4.4478084781093425
982 4.4478084781093425
983 3.2281674883205733
984 3.2281674883205733
985 3.2281674883205733
986 3.2281674883205733
987 3.2281674883205733
988 2.892580334156671
989 2.892580334156671
990 2.892580334156671
991 2.892580334156671
992 2.892580334156671
993 3.06900220189597
994 3.06900220189597
995 3.06900220189597
996 3.06900220189597
997 3.06900220189597
998 1.2771237729744596
999 1.2771237729744596
1000 1.2771237729744596
1001 1.2771237729744596
1002 1.2771237729744596
1003 3.749983858772375
1004 3.749983858772375
1005 3.749983858772375
1006 3.749983858772375
1007 3.749983858772375
1008 2.948052501870058
1009 2.948052501870058
1010 2.948052501870058
1011 2.948052501870058
1012 2.948052501870058
1013 2.966790593022767
1014 2.966790593022767
1015 2.966790593022767
1016 2.966790593022767
1017 2.966790593022767
1018 3.460724180769286
1019 3.460724180769286
1020 3.460724180769286
1021 3.460724180769286
1022 3.460724180769286
1023 3.1410710271640365
1024 3.1410710271640365
1025 3.1410710271640365
1026 3.1410710271640365
1027 3.1410710271640365
1028 2.3735753156731847
1029 2.3735753156731847
1030 2.3735753156731847
1031 2.3735753156731847
1032 2.3735753156731847
1033 1.5004995369788663
1034 1.5004995369788663
1035 1.5004995369788663
1036 1.5004995369788663
1037 1.5004995369788663
1038 2.594704594347121
1039 2.594704594347121
1040 2.594704594347121
1041 2.594704594347121
1042 2.594704594347121
1043 3.4692594555073275
1044 3.4692594555073275
1045 3.4692594555073275
1046 3.4692594555073275
1047 3.4692594555073275
1048 2.611955349668571
1049 2.611955349668571
1050 2.611955349668571
1051 2.611955349668571
1052 2.611955349668571
1053 4.515309788000378
1054 4.515309788000378
1055 4.515309788000378
1056 4.515309788000378
1057 4.515309788000378
1058 1.0203894174984567
1059 1.0203894174984567
1060 1.0203894174984567
1061 1.0203894174984567
1062 1.0203894174984567
1063 3.928900016017061
1064 3.928900016017061
1065 3.928900016017061
1066 3.928900016017061
1067 3.928900016017061
1068 4.058607953249993
1069 4.058607953249993
1070 4.058607953249993
1071 4.058607953249993
1072 4.058607953249993
1073 4.11616740960677
1074 4.11616740960677
1075 4.11616740960677
1076 4.11616740960677
1077 4.11616740960677
1078 2.134974128537275
1079 2.134974128537275
1080 2.134974128537275
1081 2.134974128537275
1082 2.134974128537275
1083 3.7670083979327953
1084 3.7670083979327953
1085 3.7670083979327953
1086 3.7670083979327953
1087 3.7670083979327953
1088 0.47771654241809025
1089 0.47771654241809025
1090 0.47771654241809025
1091 0.47771654241809025
1092 0.47771654241809025
1093 0.3919253696196154
1094 0.3919253696196154
1095 0.3919253696196154
1096 0.3919253696196154
1097 0.3919253696196154
1098 0.47129928867373794
1099 0.47129928867373794
1100 0.47129928867373794
1101 0.47129928867373794
1102 0.47129928867373794
1103 0.5509071496792298
1104 0.5509071496792298
1105 0.5509071496792298
1106 0.5509071496792298
1107 0.5509071496792298
1108 0.1
1109 0.1
1110 0.1
1111 0.1
1112 0.1
1113 0.639848668134086
1114 0.639848668134086
1115 0.639848668134086
1116 0.639848668134086
1117 0.639848668134086
1118 2.844287481470415
1119 2.844287481470415
1120 2.844287481470415
1121 2.844287481470415
1122 2.844287481470415
1123 3.0629589646753397
1124 3.0629589646753397
1125 3.0629589646753397
1126 3.0629589646753397
1127 3.0629589646753397
1128 2.3212290000822797
1129 2.3212290000822797
1130 2.3212290000822797
1131 2.3212290000822797
1132 2.3212290000822797
1133 2.847304031801638
1134 2.847304031801638
1135 2.847304031801638
1136 2.847304031801638
1137 2.847304031801638
1138 2.7035084575847748
1139 2.7035084575847748
1140 2.7035084575847748
1141 2.7035084575847748
1142 2.7035084575847748
1143 1.9211724224806779
1144 1.9211724224806779
1145 1.9211724224806779
1146 1.9211724224806779
1147 1.9211724224806779
1148 1.589422282801456
1149 1.589422282801456
1150 1.589422282801456
1151 1.589422282801456
1152 1.589422282801456
1153 2.2010852673284846
1154 2.2010852673284846
1155 2.2010852673284846
1156 2.2010852673284846
1157 2.2010852673284846
1158 2.463981199473101
1159 2.463981199473101
1160 2.463981199473101
1161 2.463981199473101
1162 2.463981199473101
1163 1.6284159703863716
1164 1.6284159703863716
1165 1.6284159703863716
1166 1.6284159703863716
1167 1.6284159703863716
1168 0.888316251140157
1169 0.888316251140157
1170 0.888316251140157
1171 0.888316251140157
1172 0.888316251140157
1173 0.4962804730869248
1174 0.4962804730869248
1175 0.4962804730869248
1176 0.4962804730869248
1177 0.4962804730869248
1178 2.4263477451084356
1179 2.4263477451084356
1180 2.4263477451084356
1181 2.4263477451084356
1182 2.3111099951086453
1183 2.3111099951086453
1184 2.3111099951086453
1185 2.3111099951086453
1186 2.3111099951086453
1187 1.6843059177357669
1188 1.6843059177357669
1189 1.6843059177357669
1190 1.6843059177357669
1191 1.6843059177357669
1192 1.1142343449837775
1193 1.1142343449837775
1194 1.1142343449837775
1195 1.1142343449837775
1196 1.1142343449837775
1197 2.225954517824667
1198 2.225954517824667
1199 2.225954517824667
1200 2.225954517824667
1201 2.225954517824667
1202 2.2528099248767863
1203 2.2528099248767863
1204 2.2528099248767863
1205 2.2528099248767863
1206 2.2528099248767863
1207 1.7820880603423188
1208 1.7820880603423188
1209 1.7820880603423188
1210 1.7820880603423188
1211 1.7820880603423188
1212 2.2652306321255673
1213 2.2652306321255673
1214 2.2652306321255673
1215 2.2652306321255673
1216 2.2652306321255673
1217 1.6292379776401187
1218 1.6292379776401187
1219 1.6292379776401187
1220 1.6292379776401187
1221 1.6292379776401187
1222 1.3802534514668898
1223 1.3802534514668898
1224 1.3802534514668898
1225 1.3802534514668898
1226 1.3802534514668898
1227 1.6651722754203448
1228 1.6651722754203448
1229 1.6651722754203448
1230 1.6651722754203448
1231 1.6651722754203448
1232 2.2441012257852506
1233 2.2441012257852506
1234 2.2441012257852506
1235 2.2441012257852506
1236 2.2441012257852506
1237 1.383675725864383
1238 1.383675725864383
1239 1.383675725864383
1240 1.383675725864383
1241 1.383675725864383
1242 2.588613217745303
1243 2.588613217745303
1244 2.588613217745303
1245 2.588613217745303
1246 2.588613217745303
1247 1.9482865323800966
1248 1.9482865323800966
1249 1.9482865323800966
1250 1.9482865323800966
1251 1.9482865323800966
1252 1.9167729087977026
1253 1.9167729087977026
1254 1.9167729087977026
1255 1.9167729087977026
1256 1.9167729087977026
1257 5.137538218445228
1258 5.137538218445228
1259 0.9804900172026281
1260 0.9804900172026281
1261 0.9804900172026281
1262 0.9804900172026281
1263 0.9804900172026281
1264 1.6513521896761145
1265 1.6513521896761145
1266 1.6513521896761145
1267 1.6513521896761145
1268 1.6513521896761145
1269 0.35783648323360406
1270 0.35783648323360406
1271 0.35783648323360406
1272 0.35783648323360406
1273 0.35783648323360406
1274 1.360255254471862
1275 1.2274675174481355
1276 1.2274675174481355
1277 1.2274675174481355
1278 1.2274675174481355
1279 1.2274675174481355
1280 2.4485432957823856
1281 2.4485432957823856
1282 2.4485432957823856
1283 2.4485432957823856
1284 2.4485432957823856
1285 1.0577165279353262
1286 1.0577165279353262
1287 1.0577165279353262
1288 1.0577165279353262
1289 1.0577165279353262
1290 1.1483138058904472
1291 1.1483138058904472
1292 1.1483138058904472
1293 1.1483138058904472
1294 1.1483138058904472
1295 2.064644508207753
1296 2.064644508207753
1297 2.064644508207753
1298 2.064644508207753
1299 2.064644508207753
1300 0.9966688894326108
1301 0.9966688894326108
1302 0.9966688894326108
1303 0.9966688894326108
1304 0.9966688894326108
1305 2.692147544966582
1306 2.692147544966582
1307 2.692147544966582
1308 2.692147544966582
1309 2.692147544966582
1310 2.436531360820996
1311 2.436531360820996
1312 2.436531360820996
1313 2.436531360820996
1314 2.436531360820996
1315 2.441060565567728
1316 2.441060565567728
1317 2.441060565567728
1318 2.441060565567728
1319 2.441060565567728
1320 3.0720104038714546
1321 3.0720104038714546
1322 3.0720104038714546
1323 3.0720104038714546
1324 3.0720104038714546
1325 1.8596935413058329
1326 1.8596935413058329
1327 1.8596935413058329
1328 1.8596935413058329
1329 1.8596935413058329
1330 1.5784253337397447
1331 1.5784253337397447
1332 1.5784253337397447
1333 1.5784253337397447
1334 1.5784253337397447
1335 1.9549757853271932
1336 1.9549757853271932
1337 1.9549757853271932
1338 1.9549757853271932
1339 1.9549757853271932
1340 1.7600016727123984
1341 1.7600016727123984
1342 1.7600016727123984
1343 1.7600016727123984
1344 1.7600016727123984
1345 2.0350086151591573
1346 2.0350086151591573
1347 2.0350086151591573
1348 2.0350086151591573
1349 2.0350086151591573
1350 1.3928394489706268
1351 1.3928394489706268
1352 1.3928394489706268
1353 1.3928394489706268
1354 1.3928394489706268
1355 2.513648909865392
1356 2.513648909865392
1357 2.513648909865392
1358 2.513648909865392
1359 2.513648909865392
1360 3.642323034849949
1361 3.642323034849949
1362 3.642323034849949
1363 3.642323034849949
1364 3.642323034849949
1365 2.314406488085301
1366 2.314406488085301
1367 2.314406488085301
1368 2.314406488085301
1369 2.314406488085301
1370 0.1
1371 0.1
1372 0.1
1373 0.1
1374 0.1
1375 2.0891774614351166
1376 2.0891774614351166
1377 2.0891774614351166
1378 2.0891774614351166
1379 2.0891774614351166
1380 3.400930902103144
1381 3.400930902103144
1382 3.400930902103144
1383 3.400930902103144
1384 3.666603214269497
1385 3.666603214269497
1386 3.666603214269497
1387 3.666603214269497
1388 3.666603214269497
1389 5.745045729440282
1390 5.745045729440282
1391 5.745045729440282
1392 5.745045729440282
1393 5.745045729440282
1394 3.952816976014547
1395 3.952816976014547
1396 3.952816976014547
1397 3.952816976014547
1398 3.952816976014547
1399 3.1823283595868865
1400 3.1823283595868865
1401 3.1823283595868865
1402 3.1823283595868865
1403 3.1823283595868865
1404 5.614232256521255
1405 5.614232256521255
1406 5.614232256521255
1407 5.614232256521255
1408 5.614232256521255
1409 4.242194219762332
1410 4.242194219762332
1411 4.242194219762332
1412 4.242194219762332
1413 4.242194219762332
1414 3.345109942946256
1415 3.345109942946256
1416 3.345109942946256
1417 3.345109942946256
1418 3.345109942946256
1419 4.3350801956569205
1420 4.3350801956569205
1421 4.3350801956569205
1422 4.3350801956569205
1423 4.3350801956569205
1424 3.3346455977825693
1425 3.3346455977825693
1426 3.3346455977825693
1427 3.3346455977825693
1428 3.3346455977825693
1429 1.1050035476461106
1430 1.7331666232031722
1431 1.7331666232031722
1432 1.7331666232031722
1433 1.7331666232031722
1434 1.7331666232031722
1435 1.0339162551095908
1436 1.0339162551095908
1437 1.0339162551095908
1438 1.0339162551095908
1439 1.0339162551095908
1440 1.3094174880329918
1441 1.3094174880329918
1442 1.3094174880329918
1443 1.3094174880329918
1444 1.3094174880329918
1445 1.3514637002778025
1446 1.3514637002778025
1447 1.3514637002778025
1448 1.3514637002778025
1449 1.3514637002778025
1450 0.8963361317996098
1451 0.8963361317996098
1452 0.8963361317996098
1453 0.8963361317996098
1454 0.8963361317996098
1455 1.1108539180380166
1456 1.1108539180380166
1457 1.1108539180380166
1458 1.1108539180380166
1459 1.1108539180380166
1460 1.3181477238068933
1461 1.3181477238068933
1462 1.3181477238068933
1463 1.3181477238068933
1464 1.3181477238068933
1465 1.0394561859850395
1466 1.0394561859850395
1467 1.0394561859850395
1468 1.0394561859850395
1469 1.0394561859850395
1470 1.308073819539579
1471 1.308073819539579
1472 1.308073819539579
1473 1.308073819539579
1474 1.308073819539579
1475 0.976716994180284
1476 0.976716994180284
1477 0.976716994180284
1478 0.976716994180284
1479 0.976716994180284
1480 1.0828330327064122
1481 1.0828330327064122
1482 1.0828330327064122
1483 1.0828330327064122
1484 1.0828330327064122
1485 1.683203071999389
1486 1.683203071999389
1487 1.683203071999389
1488 1.683203071999389
1489 1.683203071999389
1490 0.4859188310077781
1491 0.4859188310077781
1492 0.4859188310077781
1493 0.4859188310077781
1494 0.4859188310077781
1495 1.2458326006995855
1496 1.2458326006995855
1497 1.2458326006995855
1498 1.2458326006995855
1499 1.2458326006995855
1500 1.2249801330891856
1501 1.2249801330891856
1502 1.2249801330891856
1503 1.2249801330891856
1504 1.2249801330891856
1505 0.7260052372813481
1506 0.7260052372813481
1507 0.7260052372813481
1508 0.7260052372813481
1509 0.7260052372813481
1510 1.0927855908947883
1511 1.0927855908947883
1512 1.0927855908947883
1513 1.0927855908947883
1514 1.0927855908947883
1515 1.5041473283856528
1516 1.5041473283856528
1517 1.5041473283856528
1518 1.5041473283856528
1519 1.5041473283856528
1520 0.2344847786743528
1521 0.2344847786743528
1522 0.2344847786743528
1523 0.2344847786743528
1524 0.2344847786743528
1525 1.5765219286666348
1526 1.5765219286666348
1527 1.5765219286666348
1528 1.5765219286666348
1529 1.5765219286666348
1530 1.0029327074512155
1531 1.0029327074512155
1532 1.0029327074512155
1533 1.0029327074512155
1534 1.0029327074512155
1535 1.5049429672432635
1536 1.5049429672432635
1537 1.5049429672432635
1538 1.5049429672432635
1539 1.5049429672432635
1540 1.0748558048939465
1541 1.0748558048939465
1542 1.0748558048939465
1543 1.0748558048939465
1544 1.0748558048939465
1545 1.0841036531591781
1546 1.0841036531591781
1547 1.0841036531591781
1548 1.0841036531591781
1549 1.0841036531591781
1550 1.4307750643795782
1551 1.4307750643795782
1552 1.4307750643795782
1553 1.4307750643795782
1554 1.4307750643795782
1555 1.1428764572239993
1556 1.1428764572239993
1557 1.1428764572239993
1558 1.1428764572239993
1559 1.1428764572239993
1560 0.7135228128423045
1561 0.7135228128423045
1562 0.7135228128423045
1563 0.7135228128423045
1564 0.7135228128423045
1565 0.833322952784602
1566 0.833322952784602
1567 0.833322952784602
1568 0.833322952784602
1569 0.833322952784602
1570 0.5369143041376437
1571 0.5369143041376437
1572 0.5369143041376437
1573 0.5369143041376437
1574 0.5369143041376437
1575 1.0351781444291128
1576 1.0351781444291128
1577 1.0351781444291128
1578 1.0351781444291128
1579 1.0351781444291128
1580 0.22256248614097973
1581 0.22256248614097973
1582 0.22256248614097973
1583 0.22256248614097973
1584 0.22256248614097973
1585 1.06090749019991
1586 1.06090749019991
1587 1.06090749019991
1588 1.06090749019991
1589 1.06090749019991
1590 0.9973561768990619
1591 0.9973561768990619
1592 0.9973561768990619
1593 0.9973561768990619
1594 0.9973561768990619
1595 1.0919539857323382
1596 1.0919539857323382
1597 1.0919539857323382
1598 1.0919539857323382
1599 1.0919539857323382
1600 1.0091148954073779
1601 1.0091148954073779
1602 1.0091148954073779
1603 1.0091148954073779
1604 1.0091148954073779
1605 1.0368399471592193
1606 1.0368399471592193
1607 1.0368399471592193
1608 1.0368399471592193
1609 1.0368399471592193
1610 0.7901402704393592
1611 0.7901402704393592
1612 0.7901402704393592
1613 0.7901402704393592
1614 0.7901402704393592
1615 0.7554449153529008
1616 0.7554449153529008
1617 0.7554449153529008
1618 0.7554449153529008
1619 0.7554449153529008
1620 1.1810632875318308
1621 1.1810632875318308
1622 1.1810632875318308
1623 1.1810632875318308
1624 1.1810632875318308
1625 1.5554785920747716
1626 1.5554785920747716
1627 1.5554785920747716
1628 1.5554785920747716
1629 1.5554785920747716
1630 1.2030204634282866
1631 1.2030204634282866
1632 1.2030204634282866
1633 1.2030204634282866
1634 1.2030204634282866
1635 1.6798502880977222
1636 1.6798502880977222
1637 1.6798502880977222
1638 1.6798502880977222
1639 1.6798502880977222
1640 1.4993260882887298
1641 1.4993260882887298
1642 1.4993260882887298
1643 1.4993260882887298
1644 1.4993260882887298
1645 0.6109709723092153
1646 0.6109709723092153
1647 0.6109709723092153
1648 0.6109709723092153
1649 3.089273464247777
1650 3.089273464247777
1651 3.089273464247777
1652 3.089273464247777
1653 3.089273464247777
1654 3.5025477369026934
1655 3.5025477369026934
1656 3.5025477369026934
1657 0.8013056144443584
1658 0.8013056144443584
1659 0.8013056144443584
1660 0.8013056144443584
1661 0.8013056144443584
1662 0.9174864982625763
1663 0.9174864982625763
1664 0.9174864982625763
1665 0.9174864982625763
1666 0.9174864982625763
1667 0.95876777377013
1668 0.95876777377013
1669 0.95876777377013
1670 0.95876777377013
1671 0.95876777377013
1672 0.7140630074465489
1673 0.7140630074465489
1674 0.7140630074465489
1675 0.7140630074465489
1676 0.7140630074465489
1677 0.9083456913762706
1678 0.9083456913762706
1679 0.9083456913762706
1680 0.9083456913762706
1681 0.9083456913762706
1682 0.6300811729448751
1683 0.6300811729448751
1684 0.6300811729448751
1685 0.6300811729448751
1686 0.6300811729448751
1687 0.5412312753863793
1688 0.5412312753863793
1689 0.5412312753863793
1690 0.5412312753863793
1691 0.5412312753863793
1692 0.6844227838189636
1693 0.6844227838189636
1694 0.6844227838189636
1695 0.6844227838189636
1696 0.6844227838189636
1697 0.8585341732852182
1698 0.8585341732852182
1699 0.8585341732852182
1700 0.8585341732852182
1701 0.8585341732852182
1702 0.8121019941388714
1703 0.8121019941388714
1704 0.8121019941388714
1705 2.7218770946007993
1706 2.7218770946007993
1707 2.7218770946007993
1708 2.7218770946007993
1709 2.7218770946007993
1710 2.036313512491382
1711 2.036313512491382
1712 2.036313512491382
1713 2.036313512491382
1714 2.036313512491382
1715 0.9690275528206322
1716 0.9690275528206322
1717 0.9690275528206322
1718 0.9690275528206322
1719 0.9690275528206322
1720 1.8645240851548652
1721 1.8645240851548652
1722 1.8645240851548652
1723 1.8645240851548652
1724 1.8645240851548652
1725 4.55297176699865
1726 4.55297176699865
1727 4.55297176699865
1728 4.55297176699865
1729 4.55297176699865
1730 4.954391697956381
1731 4.954391697956381
1732 4.954391697956381
1733 4.954391697956381
1734 4.954391697956381
1735 2.0362770639026913
1736 2.0362770639026913
1737 2.0362770639026913
1738 2.0362770639026913
1739 2.0362770639026913
1740 3.879530201899504
1741 3.879530201899504
1742 3.879530201899504
1743 3.879530201899504
1744 3.879530201899504
1745 3.915969090378602
1746 3.915969090378602
1747 3.915969090378602
1748 3.915969090378602
1749 3.915969090378602
1750 3.085233673732316
1751 3.085233673732316
1752 3.085233673732316
1753 3.085233673732316
1754 3.085233673732316
1755 3.1797027190785907
1756 3.1797027190785907
1757 3.1797027190785907
1758 3.1797027190785907
1759 3.1797027190785907
1760 3.3815638681988895
1761 3.3815638681988895
1762 3.3815638681988895
1763 3.3815638681988895
1764 3.3815638681988895
1765 1.4613726548277886
1766 1.4613726548277886
1767 1.4613726548277886
1768 1.4613726548277886
1769 1.4613726548277886
1770 3.6093251539672124
1771 3.6093251539672124
1772 3.6093251539672124
1773 3.6093251539672124
1774 3.6093251539672124
1775 1.8283281050301892
1776 1.8283281050301892
1777 1.8283281050301892
1778 1.8283281050301892
1779 1.8283281050301892
1780 1.926827145350611
1781 1.926827145350611
1782 1.926827145350611
1783 1.926827145350611
1784 1.926827145350611
1785 3.745494430032258
1786 3.745494430032258
1787 3.745494430032258
1788 3.745494430032258
1789 3.745494430032258
1790 4.132055485608011
1791 4.132055485608011
1792 4.132055485608011
1793 4.132055485608011
1794 4.132055485608011
1795 1.4503815536665348
1796 1.4503815536665348
1797 1.4503815536665348
1798 1.4503815536665348
1799 1.4503815536665348
1800 3.4926104618025002
1801 3.4926104618025002
1802 3.4926104618025002
1803 3.4926104618025002
1804 3.4926104618025002
1805 2.096906386010328
1806 2.096906386010328
1807 2.096906386010328
1808 2.096906386010328
1809 2.096906386010328
1810 2.1768222260302394
1811 2.1768222260302394
1812 2.1768222260302394
1813 2.1768222260302394
1814 2.1768222260302394
1815 3.7942945833168933
1816 3.7942945833168933
1817 3.7942945833168933
1818 3.7942945833168933
1819 3.7942945833168933
1820 3.34083621936294
1821 3.34083621936294
1822 3.34083621936294
1823 3.34083621936294
1824 3.34083621936294
1825 2.885924984018577
1826 2.885924984018577
1827 2.885924984018577
1828 2.885924984018577
1829 2.885924984018577
1830 2.0886961467091263
1831 2.0886961467091263
1832 2.0886961467091263
1833 2.0886961467091263
1834 2.0886961467091263
1835 0.972373713017233
1836 0.972373713017233
1837 0.972373713017233
1838 0.972373713017233
1839 0.972373713017233
1840 2.3540318437217143
1841 2.3540318437217143
1842 2.3540318437217143
1843 2.3540318437217143
1844 2.3540318437217143
1845 4.5429875334472944
1846 4.5429875334472944
1847 4.5429875334472944
1848 4.5429875334472944
1849 4.5429875334472944
1850 0.8836831794651502
1851 0.8836831794651502
1852 0.8836831794651502
1853 0.8836831794651502
1854 0.8836831794651502
1855 0.7504557996273978
1856 0.7504557996273978
1857 0.7504557996273978
1858 0.7504557996273978
1859 0.7504557996273978
1860 0.7667196186038119
1861 0.7667196186038119
1862 0.7667196186038119
1863 0.7667196186038119
1864 0.7667196186038119
1865 0.5865159265808362
1866 0.5865159265808362
1867 0.5865159265808362
1868 0.5865159265808362
1869 0.5865159265808362
1870 0.8114460466635673
1871 0.8114460466635673
1872 0.8114460466635673
1873 0.8114460466635673
1874 0.8114460466635673
1875 0.784724290499223
1876 0.784724290499223
1877 0.784724290499223
1878 0.784724290499223
1879 0.784724290499223
1880 0.8692633753269805
1881 0.8692633753269805
1882 0.8692633753269805
1883 0.8692633753269805
1884 0.8692633753269805
1885 0.8251428242909031
1886 0.8251428242909031
1887 0.8251428242909031
1888 0.8251428242909031
1889 0.8251428242909031
1890 0.9205690259445112
1891 0.9205690259445112
1892 0.9205690259445112
1893 0.9205690259445112
1894 0.9205690259445112
1895 0.8086029823117451
1896 0.8086029823117451
1897 0.8086029823117451
1898 0.8086029823117451
1899 0.8086029823117451
1900 0.45455329828258906
1901 0.45455329828258906
1902 0.45455329828258906
1903 0.45455329828258906
1904 0.45455329828258906
1905 0.4300115249211147
1906 0.4300115249211147
1907 0.4300115249211147
1908 0.4300115249211147
1909 0.4300115249211147
1910 1.1404244152712544
1911 1.1404244152712544
1912 1.1404244152712544
1913 1.1404244152712544
1914 1.1404244152712544
1915 0.9537064502275692
1916 0.9537064502275692
1917 0.9537064502275692
1918 0.9537064502275692
1919 0.9537064502275692
1920 0.4450915423685685
1921 0.4450915423685685
1922 0.4450915423685685
1923 0.4450915423685685
1924 0.4450915423685685
1925 0.6221609400634404
1926 0.6221609400634404
1927 4.49343140290291
1928 4.49343140290291
1929 4.49343140290291
1930 4.49343140290291
1931 4.49343140290291
1932 3.4351478582762467
1933 3.4351478582762467
1934 3.4351478582762467
1935 3.4351478582762467
1936 3.4351478582762467
1937 2.404334084016283
1938 2.404334084016283
1939 2.404334084016283
1940 2.404334084016283
1941 2.404334084016283
1942 1.8205973619415974
1943 1.8205973619415974
1944 1.8205973619415974
1945 1.8205973619415974
1946 1.8205973619415974
1947 2.510389524390922
1948 2.510389524390922
1949 2.510389524390922
1950 2.510389524390922
1951 2.510389524390922
1952 2.1605160107201695
1953 2.1605160107201695
1954 2.1605160107201695
1955 2.1605160107201695
1956 2.1605160107201695
1957 2.2875218487805107
1958 2.2875218487805107
1959 2.2875218487805107
1960 2.2875218487805107
1961 2.2875218487805107
1962 1.872626976416279
1963 1.872626976416279
1964 1.872626976416279
1965 1.872626976416279
1966 1.872626976416279
1967 2.028667248686574
1968 2.028667248686574
1969 2.028667248686574
1970 2.028667248686574
1971 2.028667248686574
1972 3.342482842226915
1973 3.342482842226915
1974 3.342482842226915
1975 3.342482842226915
1976 3.342482842226915
1977 2.26731730534498
1978 2.26731730534498
1979 2.26731730534498
1980 2.26731730534498
1981 2.26731730534498
1982 4.286692637525965
1983 4.286692637525965
1984 4.286692637525965
1985 4.286692637525965
1986 4.286692637525965
1987 2.1100739938391913
1988 2.1100739938391913
1989 2.1100739938391913
1990 2.1100739938391913
1991 2.1100739938391913
1992 2.413375447872096
1993 2.413375447872096
1994 2.413375447872096
1995 2.413375447872096
1996 2.413375447872096
1997 1.2231688906925318
1998 1.2231688906925318
1999 1.2231688906925318
