0 2.567043743546976
1 2.567043743546976
2 2.567043743546976
3 3.666053443853484
4 3.666053443853484
5 3.666053443853484
6 3.666053443853484
7 3.5095895936913983
8 3.5095895936913983
9 4.434912528894149
10 4.434912528894149
11 4.434912528894149
12 4.434912528894149
13 4.287433866049933
14 4.287433866049933
15 4.287433866049933
16 4.287433866049933
17 4.104097097206155
18 4.104097097206155
19 4.104097097206155
20 4.104097097206155
21 4.877384194242226
22 4.877384194242226
23 4.877384194242226
24 4.877384194242226
25 4.266251222360663
26 4.266251222360663
27 4.266251222360663
28 4.266251222360663
29 4.243041429228168
30 4.243041429228168
31 4.243041429228168
32 4.243041429228168
33 4.129635696747917
34 4.129635696747917
35 4.129635696747917
36 4.129635696747917
37 4.381774604014369
38 4.381774604014369
39 4.381774604014369
40 4.381774604014369
41 3.9863153291033586
42 3.9863153291033586
43 3.9863153291033586
44 3.9863153291033586
45 4.191953315445535
46 4.191953315445535
47 4.191953315445535
48 4.191953315445535
49 4.266698021851771
50 4.266698021851771
51 4.266698021851771
52 4.266698021851771
53 4.4616952179359535
54 4.4616952179359535
55 4.4616952179359535
56 4.4616952179359535
57 4.096572298615275
58 4.096572298615275
59 4.096572298615275
60 4.096572298615275
61 4.2889117662912914
62 3.321746488570876
63 3.321746488570876
64 3.321746488570876
65 3.321746488570876
66 3.0874925353293543
67 3.0874925353293543
68 3.0874925353293543
69 3.0874925353293543
70 3.768697535983474
71 3.768697535983474
72 3.768697535983474
73 3.768697535983474
74 3.2404396209825337
75 3.2404396209825337
76 3.2404396209825337
77 3.2404396209825337
78 3.36252695489363
79 3.36252695489363
80 3.36252695489363
81 3.36252695489363
82 3.287419727007527
83 3.287419727007527
84 3.287419727007527
85 3.287419727007527
86 3.586794155487723
87 3.586794155487723
88 3.586794155487723
89 3.586794155487723
90 3.359596772353183
91 3.359596772353183
92 2.0908062343925877
93 2.0908062343925877
94 2.0908062343925877
95 2.0908062343925877
96 1.9032695682352
97 1.9032695682352
98 1.9032695682352
99 1.9032695682352
100 1.9798412997997679
101 1.9798412997997679
102 1.9798412997997679
103 1.9798412997997679
104 1.9934740411720464
105 1.9934740411720464
106 1.9934740411720464
107 1.9934740411720464
108 2.2217732094001623
109 2.2217732094001623
110 2.2217732094001623
111 2.2217732094001623
112 2.0139682225503233
113 2.0139682225503233
114 2.0139682225503233
115 2.0139682225503233
116 1.8624843804443114
117 1.8624843804443114
118 1.8624843804443114
119 1.8624843804443114
120 2.101358191711505
121 2.101358191711505
122 2.101358191711505
123 2.101358191711505
124 1.9721797520567668
125 1.9721797520567668
126 1.9721797520567668
127 1.9721797520567668
128 2.082668715062209
129 2.082668715062209
130 2.082668715062209
131 2.082668715062209
132 2.0395203411061997
133 2.0395203411061997
134 2.0395203411061997
135 2.0395203411061997
136 2.0208614322191556
137 2.0208614322191556
138 2.0208614322191556
139 2.0208614322191556
140 2.1435988587557233
141 2.1435988587557233
142 2.1435988587557233
143 2.1435988587557233
144 2.1032676755233712
145 2.1032676755233712
146 2.1032676755233712
147 2.1032676755233712
148 2.0039248465502464
149 2.0039248465502464
150 2.0039248465502464
151 2.0039248465502464
152 2.0728887459965004
153 2.0728887459965004
154 2.0728887459965004
155 2.0728887459965004
156 2.132633555037648
157 2.132633555037648
158 2.132633555037648
159 2.132633555037648
160 2.135169455440923
161 2.135169455440923
162 2.135169455440923
163 2.135169455440923
164 2.088335050230498
165 2.088335050230498
166 3.9991595965405207
167 3.9991595965405207
168 3.9991595965405207
169 3.9991595965405207
170 4.191579397464955
171 4.191579397464955
172 4.191579397464955
173 4.191579397464955
174 4.186046101640783
175 4.186046101640783
176 1.0358419488313473
177 1.0358419488313473
178 1.0358419488313473
179 1.0358419488313473
180 1.0682592514856943
181 3.843109251500401
182 3.843109251500401
183 3.843109251500401
184 3.843109251500401
185 4.236384851538913
186 4.236384851538913
187 4.236384851538913
188 4.236384851538913
189 4.060295624676465
190 4.060295624676465
191 2.533990985705717
192 2.533990985705717
193 2.533990985705717
194 2.533990985705717
195 2.783236349303192
196 2.783236349303192
197 2.783236349303192
198 2.783236349303192
199 2.3339395608271287
200 2.3339395608271287
201 2.3339395608271287
202 2.3339395608271287
203 2.4902945318724106
204 2.4902945318724106
205 2.4902945318724106
206 2.4902945318724106
207 2.9959498543253757
208 2.9959498543253757
209 2.9959498543253757
210 2.9959498543253757
211 2.5694047060487093
212 2.5694047060487093
213 2.5694047060487093
214 2.5694047060487093
215 2.5303867736257404
216 2.5303867736257404
217 2.5303867736257404
218 2.5303867736257404
219 2.519116812660582
220 2.519116812660582
221 2.519116812660582
222 2.519116812660582
223 2.4734782071386174
224 2.4734782071386174
225 2.4734782071386174
226 2.4734782071386174
227 2.5705486594727134
228 2.5705486594727134
229 2.8551558724007946
230 2.8551558724007946
231 2.8551558724007946
232 2.8551558724007946
233 3.02385121864332
234 3.02385121864332
235 3.02385121864332
236 3.02385121864332
237 3.195824326263942
238 3.195824326263942
239 3.195824326263942
240 3.195824326263942
241 3.322684308127927
242 3.322684308127927
243 3.322684308127927
244 3.322684308127927
245 3.1420425919442803
246 3.1420425919442803
247 3.1420425919442803
248 3.1420425919442803
249 2.8027309276041827
250 2.8027309276041827
251 2.8027309276041827
252 2.8027309276041827
253 2.868755026936648
254 2.868755026936648
255 2.868755026936648
256 2.868755026936648
257 2.8537027002873816
258 2.8537027002873816
259 2.8537027002873816
260 2.8537027002873816
261 2.697538650590794
262 2.697538650590794
263 2.697538650590794
264 2.697538650590794
265 3.965922105978613
266 3.965922105978613
267 3.965922105978613
268 3.965922105978613
269 3.8218239658796014
270 3.8218239658796014
271 3.8218239658796014
272 3.8218239658796014
273 3.9615346207685342
274 3.9615346207685342
275 3.9615346207685342
276 3.9615346207685342
277 3.6862878562385957
278 3.6862878562385957
279 3.6862878562385957
280 3.6862878562385957
281 3.8789758997301176
282 3.8789758997301176
283 3.8789758997301176
284 3.8789758997301176
285 3.5235059454301774
286 3.5235059454301774
287 3.5235059454301774
288 3.5235059454301774
289 3.8947530107927157
290 3.8947530107927157
291 3.8947530107927157
292 3.8947530107927157
293 3.9228396718833847
294 3.9228396718833847
295 3.9228396718833847
296 3.9228396718833847
297 3.828259064949433
298 3.828259064949433
299 3.828259064949433
300 3.828259064949433
301 3.8717909288963295
302 3.8717909288963295
303 3.8717909288963295
304 3.8717909288963295
305 3.754503041229461
306 3.754503041229461
307 3.754503041229461
308 3.754503041229461
309 3.4289517792848367
310 3.4289517792848367
311 1.1257570585859622
312 1.1257570585859622
313 1.1257570585859622
314 1.1257570585859622
315 1.0859681409181319
316 1.0859681409181319
317 1.0859681409181319
318 1.0859681409181319
319 1.119251431025083
320 1.119251431025083
321 1.119251431025083
322 1.119251431025083
323 1.2291017149388157
324 1.2291017149388157
325 1.2291017149388157
326 1.2291017149388157
327 1.089215301142766
328 1.089215301142766
329 1.089215301142766
330 1.089215301142766
331 1.0796668227049715
332 1.0796668227049715
333 1.0796668227049715
334 1.0796668227049715
335 1.1279112708403556
336 1.1279112708403556
337 1.1279112708403556
338 1.1279112708403556
339 1.1847609930060807
340 1.1847609930060807
341 1.1847609930060807
342 1.1847609930060807
343 1.1515016091276027
344 1.1515016091276027
345 1.1515016091276027
346 1.1515016091276027
347 1.1065537175421776
348 1.1065537175421776
349 1.1065537175421776
350 3.5489093542553087
351 3.5489093542553087
352 3.5489093542553087
353 3.5489093542553087
354 3.3047503909087546
355 3.3047503909087546
356 3.3047503909087546
357 3.3047503909087546
358 3.2405604733503894
359 3.2405604733503894
360 3.2405604733503894
361 3.2405604733503894
362 3.270635125923837
363 3.270635125923837
364 3.270635125923837
365 3.270635125923837
366 3.29757325110031
367 3.29757325110031
368 3.29757325110031
369 3.29757325110031
370 3.3487951883123626
371 3.3487951883123626
372 3.3487951883123626
373 3.3487951883123626
374 3.7049065908132555
375 3.7049065908132555
376 3.7049065908132555
377 3.7049065908132555
378 3.4468438971104387
379 3.4468438971104387
380 3.4468438971104387
381 3.4468438971104387
382 3.8381100919731304
383 3.8381100919731304
384 3.8381100919731304
385 3.8381100919731304
386 3.9174731912624288
387 3.9174731912624288
388 3.9174731912624288
389 3.9174731912624288
390 3.9734706386923753
391 3.9734706386923753
392 3.9734706386923753
393 3.9734706386923753
394 3.4574254649280225
395 3.4574254649280225
396 3.4574254649280225
397 3.4574254649280225
398 3.705556105794155
399 3.705556105794155
400 3.705556105794155
401 3.705556105794155
402 4.108681483497287
403 4.108681483497287
404 4.108681483497287
405 4.108681483497287
406 4.092028926482771
407 4.092028926482771
408 4.092028926482771
409 4.092028926482771
410 3.937302482745921
411 3.937302482745921
412 3.937302482745921
413 3.937302482745921
414 3.4513064765600525
415 3.4513064765600525
416 3.4513064765600525
417 3.4513064765600525
418 4.003357023203253
419 4.003357023203253
420 4.003357023203253
421 4.003357023203253
422 3.5308987963040797
423 3.5308987963040797
424 3.5308987963040797
425 3.5308987963040797
426 3.6153646971965885
427 3.6153646971965885
428 3.6153646971965885
429 3.6153646971965885
430 3.74107027306442
431 3.74107027306442
432 3.74107027306442
433 3.74107027306442
434 3.8590945858663037
435 3.8590945858663037
436 3.8590945858663037
437 3.8590945858663037
438 3.903550454360169
439 3.903550454360169
440 3.903550454360169
441 3.903550454360169
442 3.8471857925995017
443 3.8471857925995017
444 0.6828327644922247
445 0.6828327644922247
446 0.6828327644922247
447 3.0523482335470575
448 3.0523482335470575
449 3.0523482335470575
450 3.6661424613846787
451 3.6661424613846787
452 3.6661424613846787
453 3.6661424613846787
454 3.2230365406537698
455 3.2230365406537698
456 3.2230365406537698
457 3.2230365406537698
458 3.5607140090407987
459 3.5607140090407987
460 3.5607140090407987
461 3.5607140090407987
462 3.5315929025682418
463 3.5315929025682418
464 3.5315929025682418
465 3.5315929025682418
466 3.260161182349173
467 3.260161182349173
468 3.260161182349173
469 3.260161182349173
470 3.228820525569602
471 3.228820525569602
472 3.228820525569602
473 3.228820525569602
474 3.3494800332481995
475 3.3494800332481995
476 3.3494800332481995
477 3.3494800332481995
478 3.1934053269693568
479 3.1934053269693568
480 3.1934053269693568
481 3.1934053269693568
482 0.6893827304772762
483 0.6893827304772762
484 0.6893827304772762
485 0.6893827304772762
486 0.6548846080332122
487 0.6548846080332122
488 0.6548846080332122
489 0.6548846080332122
490 0.6414581344549972
491 0.6414581344549972
492 0.6414581344549972
493 0.6414581344549972
494 0.6572643463475482
495 0.6572643463475482
496 0.6572643463475482
497 0.6572643463475482
498 0.6273745266988915
499 3.6381078288240274
500 3.6381078288240274
501 3.6381078288240274
502 3.6381078288240274
503 3.638157090706465
504 3.638157090706465
505 3.638157090706465
506 3.638157090706465
507 3.7892322729312853
508 3.7892322729312853
509 3.7892322729312853
510 3.7892322729312853
511 3.8530811550306123
512 3.8530811550306123
513 3.8530811550306123
514 3.8530811550306123
515 2.468979144903917
516 2.468979144903917
517 2.468979144903917
518 2.468979144903917
519 2.597046211448438
520 2.597046211448438
521 2.597046211448438
522 2.597046211448438
523 2.4163650604194196
524 2.4163650604194196
525 2.4163650604194196
526 2.4163650604194196
527 2.4005414219228047
528 2.4005414219228047
529 2.4005414219228047
530 2.4005414219228047
531 2.21267937388529
532 2.21267937388529
533 2.21267937388529
534 4.78828446062361
535 4.78828446062361
536 4.78828446062361
537 4.78828446062361
538 4.344162729077267
539 1.0282253567484874
540 1.0282253567484874
541 1.0282253567484874
542 1.0282253567484874
543 1.0624920555537882
544 0.21142390461140276
545 0.21142390461140276
546 0.21142390461140276
547 0.21142390461140276
548 0.20174902775563575
549 0.20174902775563575
550 0.20174902775563575
551 0.6232845067226236
552 2.616426360377316
553 2.616426360377316
554 2.616426360377316
555 2.616426360377316
556 2.622281292564551
557 2.622281292564551
558 2.622281292564551
559 2.622281292564551
560 4.148794567517126
561 1.0607298263426386
562 1.0607298263426386
563 1.0607298263426386
564 1.0607298263426386
565 0.9805889451584842
566 0.9805889451584842
567 0.9805889451584842
568 0.9805889451584842
569 1.056619587833586
570 1.056619587833586
571 1.056619587833586
572 1.056619587833586
573 1.1575292762731622
574 1.1575292762731622
575 1.1575292762731622
576 1.1575292762731622
577 1.1128510345054947
578 1.1128510345054947
579 0.2185335410836339
580 2.760357305448756
581 2.760357305448756
582 2.760357305448756
583 2.760357305448756
584 3.2401727432987686
585 3.2401727432987686
586 3.2401727432987686
587 3.2401727432987686
588 3.0557280886767715
589 3.0557280886767715
590 3.0557280886767715
591 3.0557280886767715
592 3.3005584350590493
593 3.3005584350590493
594 3.3005584350590493
595 3.3005584350590493
596 3.0456794738252344
597 0.6863226962241121
598 0.6863226962241121
599 0.6863226962241121
600 0.6863226962241121
601 0.6968310521277497
602 0.6968310521277497
603 2.4115272322409163
604 2.4115272322409163
605 2.4115272322409163
606 2.4115272322409163
607 2.1558403976517364
608 2.1558403976517364
609 2.1558403976517364
610 2.1558403976517364
611 2.4085514151599607
612 3.3486433426707936
613 3.3486433426707936
614 3.3486433426707936
615 3.3486433426707936
616 3.406468070886107
617 3.406468070886107
618 3.406468070886107
619 3.406468070886107
620 3.643020944115867
621 3.643020944115867
622 3.643020944115867
623 3.643020944115867
624 3.392147846402729
625 3.392147846402729
626 3.392147846402729
627 3.392147846402729
628 3.656779009393195
629 3.656779009393195
630 3.656779009393195
631 3.656779009393195
632 3.2390726711753066
633 3.2390726711753066
634 3.2390726711753066
635 3.2390726711753066
636 3.0768210677478525
637 3.0768210677478525
638 0.6055071559031421
639 0.6055071559031421
640 0.6055071559031421
641 0.6055071559031421
642 0.6513603132412983
643 0.6513603132412983
644 0.6513603132412983
645 0.6513603132412983
646 0.634887921822875
647 0.634887921822875
648 0.634887921822875
649 0.634887921822875
650 0.6395314760601084
651 0.6395314760601084
652 0.6395314760601084
653 0.19682098227455974
654 0.19682098227455974
655 0.19682098227455974
656 0.19682098227455974
657 0.16203050158075247
658 0.16203050158075247
659 0.16203050158075247
660 0.16203050158075247
661 0.18657275138982893
662 0.18657275138982893
663 0.18657275138982893
664 0.18657275138982893
665 0.1929737530087476
666 0.1929737530087476
667 0.1929737530087476
668 0.1929737530087476
669 0.19877674674471096
670 0.19877674674471096
671 0.19877674674471096
672 0.19877674674471096
673 0.17970231068010892
674 0.17970231068010892
675 1.0989452289081025
676 1.0989452289081025
677 1.0989452289081025
678 1.0989452289081025
679 1.0658433466990795
680 1.0658433466990795
681 1.0658433466990795
682 1.0658433466990795
683 3.057555602989625
684 3.057555602989625
685 0.702004130788208
686 0.702004130788208
687 0.702004130788208
688 2.803657501728842
689 2.803657501728842
690 2.803657501728842
691 2.803657501728842
692 3.73128295282268
693 1.0528829395702206
694 1.0528829395702206
695 1.0528829395702206
696 1.0528829395702206
697 0.9531425859028599
698 0.9531425859028599
699 0.9531425859028599
700 0.9531425859028599
701 1.1072420863618737
702 1.1072420863618737
703 1.1072420863618737
704 1.1072420863618737
705 1.0096157251462967
706 1.0096157251462967
707 1.0096157251462967
708 1.0096157251462967
709 0.9674548259565596
710 0.9674548259565596
711 0.9674548259565596
712 0.9674548259565596
713 1.046042222400381
714 1.046042222400381
715 1.046042222400381
716 1.046042222400381
717 1.1971392446015323
718 1.1971392446015323
719 1.1971392446015323
720 1.1971392446015323
721 1.1675218164121897
722 1.1675218164121897
723 1.1675218164121897
724 1.1675218164121897
725 1.1688978190286317
726 1.1688978190286317
727 3.6892611797282373
728 3.6892611797282373
729 3.6892611797282373
730 3.6892611797282373
731 3.6012613389799144
732 3.6012613389799144
733 3.6012613389799144
734 3.6012613389799144
735 3.136469672856957
736 3.136469672856957
737 3.136469672856957
738 3.136469672856957
739 3.2513945411330694
740 3.2513945411330694
741 3.2513945411330694
742 3.2513945411330694
743 2.9871363843136933
744 2.9871363843136933
745 2.9871363843136933
746 2.9871363843136933
747 0.6531961439761044
748 0.6531961439761044
749 3.2684994180255234
750 3.2684994180255234
751 3.2684994180255234
752 3.2684994180255234
753 3.3947178769572957
754 3.3947178769572957
755 3.3947178769572957
756 3.3947178769572957
757 3.612163190770682
758 3.612163190770682
759 3.612163190770682
760 3.612163190770682
761 2.557793260834661
762 2.557793260834661
763 2.557793260834661
764 2.557793260834661
765 2.4044321448423966
766 2.4044321448423966
767 2.4044321448423966
768 2.4044321448423966
769 2.6981368035963826
770 2.6981368035963826
771 2.6981368035963826
772 2.6981368035963826
773 2.4926107362673373
774 2.4926107362673373
775 2.4926107362673373
776 2.4926107362673373
777 2.4641420954616318
778 2.4641420954616318
779 2.4641420954616318
780 2.4641420954616318
781 2.4109822841385125
782 2.4109822841385125
783 2.4109822841385125
784 2.4109822841385125
785 2.5120227939991993
786 2.5120227939991993
787 2.5120227939991993
788 2.5120227939991993
789 2.4810932291265346
790 2.4810932291265346
791 2.4810932291265346
792 2.4810932291265346
793 2.3305346199800105
794 2.3305346199800105
795 2.3305346199800105
796 2.3305346199800105
797 2.452723434070046
798 2.452723434070046
799 2.452723434070046
800 2.452723434070046
801 2.658167072025485
802 2.658167072025485
803 2.658167072025485
804 2.658167072025485
805 2.4383010234687474
806 2.4383010234687474
807 3.3381731854920687
808 3.3381731854920687
809 3.3381731854920687
810 3.3381731854920687
811 0.5962903967619164
812 0.5962903967619164
813 0.5962903967619164
814 0.5962903967619164
815 0.6322548226600524
816 0.6322548226600524
817 0.6322548226600524
818 0.6322548226600524
819 0.6347105391227575
820 0.6347105391227575
821 0.6347105391227575
822 0.6347105391227575
823 0.6634198953496334
824 0.6634198953496334
825 0.6634198953496334
826 0.6634198953496334
827 0.7122993618288389
828 0.7122993618288389
829 0.7122993618288389
830 0.7122993618288389
831 0.6103417139980132
832 0.6103417139980132
833 0.6103417139980132
834 0.6103417139980132
835 0.6316583075802655
836 0.6316583075802655
837 0.6316583075802655
838 0.6316583075802655
839 0.7218739138065203
840 0.7218739138065203
841 0.7218739138065203
842 0.7218739138065203
843 0.6407323433045242
844 0.6407323433045242
845 0.6407323433045242
846 0.6407323433045242
847 0.7105125124327062
848 0.7105125124327062
849 0.7105125124327062
850 0.7105125124327062
851 0.7073000676526211
852 0.7073000676526211
853 0.7073000676526211
854 3.161354669492658
855 3.161354669492658
856 3.161354669492658
857 3.161354669492658
858 2.5969550316053445
859 2.5969550316053445
860 2.5969550316053445
861 2.5969550316053445
862 2.7326431870019148
863 2.7326431870019148
864 2.7326431870019148
865 2.7326431870019148
866 2.830521761895325
867 2.830521761895325
868 2.830521761895325
869 2.830521761895325
870 2.7941511654877256
871 2.7941511654877256
872 2.7941511654877256
873 2.7941511654877256
874 2.8727100999757273
875 2.8727100999757273
876 2.8727100999757273
877 2.8727100999757273
878 2.7863207463608908
879 2.7863207463608908
880 2.7863207463608908
881 2.7863207463608908
882 2.93823629914565
883 0.6997786725971576
884 0.6997786725971576
885 0.6997786725971576
886 0.6997786725971576
887 0.7438187538531568
888 0.7438187538531568
889 0.7438187538531568
890 0.7438187538531568
891 0.6714686683477298
892 0.6714686683477298
893 0.6714686683477298
894 0.6714686683477298
895 0.6965058430396728
896 0.6965058430396728
897 0.6965058430396728
898 0.6965058430396728
899 0.6299387712899073
900 0.6299387712899073
901 0.6299387712899073
902 0.6299387712899073
903 1.8355758353741218
904 1.8355758353741218
905 1.8355758353741218
906 1.8355758353741218
907 2.055733033996835
908 2.055733033996835
909 2.055733033996835
910 2.055733033996835
911 2.239227426678624
912 2.239227426678624
913 2.239227426678624
914 2.239227426678624
915 1.929325896968095
916 1.929325896968095
917 1.929325896968095
918 1.929325896968095
919 2.0902921140634665
920 2.0902921140634665
921 2.0902921140634665
922 2.0902921140634665
923 2.13763006827392
924 2.13763006827392
925 2.13763006827392
926 2.13763006827392
927 1.9704473244521277
928 1.9704473244521277
929 1.9704473244521277
930 1.9704473244521277
931 2.061681723654705
932 2.061681723654705
933 2.061681723654705
934 2.061681723654705
935 2.0656101030060348
936 2.0656101030060348
937 2.0656101030060348
938 2.0656101030060348
939 2.093646355108091
940 2.093646355108091
941 2.093646355108091
942 2.093646355108091
943 1.9118026413003775
944 1.9118026413003775
945 1.9118026413003775
946 1.9118026413003775
947 2.1097801533653238
948 2.1097801533653238
949 2.1097801533653238
950 2.1097801533653238
951 1.9426309993462274
952 1.9426309993462274
953 1.9426309993462274
954 1.9426309993462274
955 3.743951008079111
956 3.743951008079111
957 3.743951008079111
958 3.743951008079111
959 3.505675762331781
960 3.505675762331781
961 3.505675762331781
962 3.505675762331781
963 4.032954798768339
964 4.032954798768339
965 4.032954798768339
966 4.032954798768339
967 4.087521673794198
968 4.087521673794198
969 4.087521673794198
970 4.087521673794198
971 3.604562274904214
972 3.604562274904214
973 3.604562274904214
974 3.604562274904214
975 3.9644852457370408
976 3.9644852457370408
977 3.9644852457370408
978 3.9644852457370408
979 3.578013376675608
980 3.578013376675608
981 3.578013376675608
982 3.578013376675608
983 4.071972438805968
984 4.071972438805968
985 4.071972438805968
986 4.071972438805968
987 3.891641001778166
988 3.891641001778166
989 3.991310018330198
990 3.991310018330198
991 3.991310018330198
992 3.991310018330198
993 4.147572004692873
994 4.147572004692873
995 4.147572004692873
996 4.147572004692873
997 3.771244325980595
998 3.771244325980595
999 3.771244325980595
1000 3.771244325980595
1001 1.6825979776683537
1002 1.6825979776683537
1003 1.6825979776683537
1004 1.6825979776683537
1005 1.5219826375451668
1006 1.5219826375451668
1007 1.5219826375451668
1008 1.5219826375451668
1009 1.5635408407975508
1010 1.5635408407975508
1011 1.5635408407975508
1012 1.5635408407975508
1013 1.4987568563695228
1014 1.4987568563695228
1015 3.348653431306497
1016 3.348653431306497
1017 3.348653431306497
1018 3.348653431306497
1019 3.456405409302156
1020 3.456405409302156
1021 3.456405409302156
1022 3.456405409302156
1023 3.3038196202583427
1024 4.389636288164248
1025 4.389636288164248
1026 4.389636288164248
1027 4.389636288164248
1028 4.281462800472796
1029 4.281462800472796
1030 4.281462800472796
1031 4.281462800472796
1032 3.6876544463569294
1033 3.6876544463569294
1034 3.6876544463569294
1035 3.6876544463569294
1036 3.829880805508261
1037 3.829880805508261
1038 3.829880805508261
1039 3.829880805508261
1040 4.220549799170993
1041 4.220549799170993
1042 4.220549799170993
1043 4.220549799170993
1044 4.238109766748524
1045 4.238109766748524
1046 4.238109766748524
1047 4.238109766748524
1048 4.597566229903344
1049 4.597566229903344
1050 4.597566229903344
1051 4.597566229903344
1052 4.065155839424726
1053 4.065155839424726
1054 4.065155839424726
1055 4.065155839424726
1056 4.609800130856746
1057 4.609800130856746
1058 4.609800130856746
1059 4.609800130856746
1060 4.232792094949273
1061 4.232792094949273
1062 4.232792094949273
1063 4.232792094949273
1064 4.386006047147202
1065 1.0674033399278353
1066 1.0674033399278353
1067 1.0674033399278353
1068 1.0674033399278353
1069 1.0312618048264135
1070 1.0312618048264135
1071 1.0312618048264135
1072 1.0312618048264135
1073 1.0058837554224989
1074 1.0058837554224989
1075 1.0058837554224989
1076 1.0058837554224989
1077 1.1802445401372386
1078 1.1802445401372386
1079 0.19387596914647354
1080 0.19387596914647354
1081 0.19387596914647354
1082 0.19387596914647354
1083 0.20604004015939956
1084 0.20604004015939956
1085 0.20604004015939956
1086 0.20604004015939956
1087 0.21126965579934032
1088 0.21126965579934032
1089 0.21126965579934032
1090 0.21126965579934032
1091 0.1948837423014789
1092 2.5659105982495527
1093 2.5659105982495527
1094 2.5659105982495527
1095 2.5659105982495527
1096 2.4555781277629865
1097 2.4555781277629865
1098 2.4555781277629865
1099 2.4555781277629865
1100 2.444977755719469
1101 2.444977755719469
1102 2.444977755719469
1103 2.444977755719469
1104 2.348198882673775
1105 2.348198882673775
1106 2.348198882673775
1107 2.348198882673775
1108 1.069304062465975
1109 1.069304062465975
1110 1.069304062465975
1111 1.069304062465975
1112 1.090765735424646
1113 1.090765735424646
1114 1.090765735424646
1115 1.090765735424646
1116 0.6654266963953426
1117 0.6654266963953426
1118 0.6654266963953426
1119 0.6654266963953426
1120 0.6637174769393479
1121 0.6637174769393479
1122 0.6637174769393479
1123 0.6637174769393479
1124 0.6079945658477516
1125 0.6079945658477516
1126 0.6079945658477516
1127 0.6079945658477516
1128 0.6419413726181711
1129 0.6419413726181711
1130 0.6419413726181711
1131 0.6419413726181711
1132 0.703062191215443
1133 0.703062191215443
1134 0.703062191215443
1135 0.703062191215443
1136 0.6333448622848561
1137 0.6333448622848561
1138 0.6333448622848561
1139 0.6333448622848561
1140 0.5857300650640322
1141 0.5857300650640322
1142 0.5857300650640322
1143 0.5857300650640322
1144 0.6490881310952619
1145 0.6490881310952619
1146 0.6490881310952619
1147 0.6490881310952619
1148 0.7300994470749331
1149 0.7300994470749331
1150 0.7300994470749331
1151 0.7300994470749331
1152 0.6528241211310583
1153 1.1179133562620887
1154 1.1179133562620887
1155 1.1179133562620887
1156 1.1179133562620887
1157 1.0763262029826826
1158 1.0763262029826826
1159 1.0763262029826826
1160 1.0763262029826826
1161 1.0611079641916776
1162 1.0611079641916776
1163 1.0611079641916776
1164 1.0611079641916776
1165 1.144328297806765
1166 1.144328297806765
1167 1.144328297806765
1168 1.144328297806765
1169 3.4773139077746213
1170 1.5053737329385037
1171 1.5053737329385037
1172 1.5053737329385037
1173 1.5053737329385037
1174 1.5873527216433558
1175 1.5873527216433558
1176 1.5873527216433558
1177 1.5873527216433558
1178 1.5323318850967478
1179 1.5323318850967478
1180 1.5323318850967478
1181 1.5323318850967478
1182 1.5620871328686314
1183 1.5620871328686314
1184 1.5620871328686314
1185 1.5620871328686314
1186 1.4456172668246845
1187 1.4456172668246845
1188 1.4456172668246845
1189 1.4456172668246845
1190 1.403396217463329
1191 1.403396217463329
1192 1.403396217463329
1193 1.403396217463329
1194 1.5875215458125596
1195 1.5875215458125596
1196 1.5875215458125596
1197 1.5875215458125596
1198 2.830748197728825
1199 2.830748197728825
1200 2.830748197728825
1201 2.830748197728825
1202 3.081598295204042
1203 3.081598295204042
1204 3.081598295204042
1205 3.081598295204042
1206 2.9527398586071665
1207 2.9527398586071665
1208 2.9527398586071665
1209 2.9527398586071665
1210 2.9080607453601766
1211 2.9080607453601766
1212 2.9080607453601766
1213 2.9080607453601766
1214 2.937746616791435
1215 2.937746616791435
1216 2.937746616791435
1217 2.937746616791435
1218 2.9754654384675265
1219 2.9754654384675265
1220 2.9754654384675265
1221 2.9754654384675265
1222 3.0639832603597243
1223 3.0639832603597243
1224 3.0639832603597243
1225 3.0639832603597243
1226 2.8801560539207536
1227 2.8801560539207536
1228 2.8801560539207536
1229 2.8801560539207536
1230 2.9455162920168125
1231 2.9455162920168125
1232 2.9455162920168125
1233 2.9455162920168125
1234 3.0313467460166006
1235 3.0313467460166006
1236 3.0313467460166006
1237 3.0313467460166006
1238 3.0312625626055816
1239 3.0312625626055816
1240 3.0312625626055816
1241 3.0312625626055816
1242 2.639233041923136
1243 2.639233041923136
1244 2.639233041923136
1245 2.639233041923136
1246 2.870878737741728
1247 2.870878737741728
1248 2.870878737741728
1249 2.870878737741728
1250 2.95280541148444
1251 2.95280541148444
1252 2.95280541148444
1253 2.95280541148444
1254 3.0728206954128447
1255 0.6951817854043708
1256 0.6951817854043708
1257 0.6951817854043708
1258 0.6951817854043708
1259 0.6193174372114703
1260 0.6193174372114703
1261 0.6193174372114703
1262 0.6193174372114703
1263 0.6348908390905436
1264 0.6348908390905436
1265 0.6348908390905436
1266 0.6348908390905436
1267 0.6540910292713268
1268 0.6540910292713268
1269 0.6540910292713268
1270 0.6540910292713268
1271 0.5791160348365897
1272 0.5791160348365897
1273 0.5791160348365897
1274 0.5791160348365897
1275 0.6542512641323597
1276 0.6542512641323597
1277 0.6542512641323597
1278 0.6542512641323597
1279 0.6768941021429129
1280 0.6768941021429129
1281 1.5776379961936646
1282 1.5776379961936646
1283 1.5776379961936646
1284 1.5776379961936646
1285 1.3480381437613653
1286 1.3480381437613653
1287 1.3480381437613653
1288 1.3480381437613653
1289 1.5026025204237317
1290 1.5026025204237317
1291 2.5739064239414238
1292 2.5739064239414238
1293 2.5739064239414238
1294 2.5739064239414238
1295 2.346653681546568
1296 2.346653681546568
1297 2.346653681546568
1298 2.346653681546568
1299 2.6274922023507914
1300 2.6274922023507914
1301 2.6274922023507914
1302 3.6734084025238714
1303 3.6734084025238714
1304 3.6734084025238714
1305 3.6734084025238714
1306 3.699056080434263
1307 3.699056080434263
1308 3.699056080434263
1309 3.699056080434263
1310 3.1967944629072913
1311 3.1967944629072913
1312 3.1967944629072913
1313 3.1967944629072913
1314 3.358831674565762
1315 3.358831674565762
1316 3.358831674565762
1317 3.358831674565762
1318 3.2487548317817874
1319 2.093927342616511
1320 2.093927342616511
1321 2.093927342616511
1322 2.093927342616511
1323 2.024000641117337
1324 2.024000641117337
1325 2.024000641117337
1326 2.024000641117337
1327 1.9214429105548765
1328 1.9214429105548765
1329 1.9214429105548765
1330 0.2084749593742963
1331 0.2084749593742963
1332 0.2084749593742963
1333 3.5578907332844434
1334 3.5578907332844434
1335 3.5578907332844434
1336 3.5578907332844434
1337 3.1888280427660525
1338 3.1888280427660525
1339 3.1888280427660525
1340 3.1888280427660525
1341 3.8106021764101183
1342 3.8106021764101183
1343 3.8106021764101183
1344 3.8106021764101183
1345 3.421992394645159
1346 3.421992394645159
1347 1.9326179971457045
1348 1.9326179971457045
1349 1.9326179971457045
1350 1.9326179971457045
1351 2.202085340529955
1352 2.202085340529955
1353 2.202085340529955
1354 2.202085340529955
1355 1.9083106662619467
1356 1.9083106662619467
1357 1.9083106662619467
1358 1.9083106662619467
1359 1.9054926148085667
1360 1.9054926148085667
1361 1.9054926148085667
1362 1.9054926148085667
1363 1.9798175684551393
1364 1.9798175684551393
1365 1.9798175684551393
1366 1.9798175684551393
1367 2.0153453120523253
1368 2.0153453120523253
1369 2.0153453120523253
1370 2.0153453120523253
1371 2.1760159306136915
1372 2.1760159306136915
1373 2.1760159306136915
1374 2.1760159306136915
1375 2.1632182246005325
1376 2.4338429729053304
1377 2.4338429729053304
1378 2.4338429729053304
1379 2.4338429729053304
1380 2.5329196867243824
1381 2.5329196867243824
1382 2.5329196867243824
1383 2.5329196867243824
1384 2.4727250077576537
1385 2.4727250077576537
1386 2.4727250077576537
1387 2.4727250077576537
1388 2.3934390021627894
1389 2.3934390021627894
1390 2.3934390021627894
1391 2.3934390021627894
1392 2.4112601595783114
1393 3.3826218425005266
1394 3.3826218425005266
1395 3.3826218425005266
1396 3.3826218425005266
1397 3.6979970214470788
1398 3.6979970214470788
1399 3.6979970214470788
1400 3.6979970214470788
1401 3.502145530373829
1402 3.502145530373829
1403 3.502145530373829
1404 3.502145530373829
1405 3.194034062498673
1406 2.800709263814027
1407 2.800709263814027
1408 2.800709263814027
1409 2.800709263814027
1410 3.0084331781329823
1411 3.0084331781329823
1412 3.0084331781329823
1413 3.0084331781329823
1414 2.8372335334958763
1415 2.8372335334958763
1416 2.8372335334958763
1417 2.8372335334958763
1418 3.145572087467182
1419 3.145572087467182
1420 3.145572087467182
1421 3.145572087467182
1422 2.7687876004246794
1423 2.7687876004246794
1424 2.7687876004246794
1425 2.7687876004246794
1426 2.9571309148234706
1427 2.9571309148234706
1428 1.1185459476833508
1429 1.1185459476833508
1430 1.1185459476833508
1431 3.3371003080168986
1432 3.3371003080168986
1433 3.3371003080168986
1434 3.3371003080168986
1435 3.5238574745009315
1436 3.5238574745009315
1437 3.5238574745009315
1438 3.5238574745009315
1439 3.210827977931973
1440 3.210827977931973
1441 3.210827977931973
1442 3.210827977931973
1443 3.5824133370652196
1444 3.5824133370652196
1445 3.5824133370652196
1446 3.5824133370652196
1447 3.5394127043215238
1448 3.5394127043215238
1449 3.5394127043215238
1450 3.5394127043215238
1451 3.291602217512027
1452 3.291602217512027
1453 3.291602217512027
1454 3.291602217512027
1455 3.4568985184064633
1456 3.4568985184064633
1457 0.561819741590758
1458 0.561819741590758
1459 0.561819741590758
1460 0.561819741590758
1461 0.7314548612482255
1462 0.7314548612482255
1463 0.7314548612482255
1464 2.152726300910732
1465 2.152726300910732
1466 2.152726300910732
1467 2.152726300910732
1468 1.8740787643347039
1469 1.8740787643347039
1470 1.8740787643347039
1471 1.8740787643347039
1472 2.2305453326216194
1473 2.2305453326216194
1474 2.2305453326216194
1475 2.2305453326216194
1476 2.066267470320272
1477 2.066267470320272
1478 2.066267470320272
1479 2.066267470320272
1480 2.128784726676037
1481 2.128784726676037
1482 2.128784726676037
1483 2.128784726676037
1484 2.1106199218304997
1485 2.1106199218304997
1486 2.1106199218304997
1487 2.1106199218304997
1488 2.240397435375342
1489 2.240397435375342
1490 2.240397435375342
1491 2.240397435375342
1492 1.9044155974307784
1493 1.9044155974307784
1494 1.9044155974307784
1495 1.9044155974307784
1496 1.9959913453595959
1497 1.9959913453595959
1498 1.9959913453595959
1499 1.9959913453595959
1500 1.9288565250874308
1501 1.9288565250874308
1502 1.9288565250874308
1503 1.9288565250874308
1504 1.9997684464041363
1505 1.9997684464041363
1506 1.9997684464041363
1507 1.9997684464041363
1508 1.9830250046259859
1509 1.9830250046259859
1510 1.9830250046259859
1511 1.9830250046259859
1512 2.0468300287453904
1513 2.0468300287453904
1514 2.0468300287453904
1515 2.0468300287453904
1516 2.0089792662835495
1517 2.0089792662835495
1518 2.0089792662835495
1519 2.0089792662835495
1520 1.8964062078210366
1521 1.8964062078210366
1522 1.8964062078210366
1523 1.8964062078210366
1524 2.1283121718592346
1525 2.1283121718592346
1526 3.382947916071684
1527 3.382947916071684
1528 3.382947916071684
1529 3.382947916071684
1530 3.3580254987674225
1531 3.3580254987674225
1532 3.3580254987674225
1533 3.3580254987674225
1534 3.4905683302228003
1535 3.4905683302228003
1536 3.4905683302228003
1537 3.4905683302228003
1538 3.3940490081205654
1539 3.3940490081205654
1540 3.3940490081205654
1541 3.3940490081205654
1542 3.3126176358374884
1543 3.3126176358374884
1544 3.3126176358374884
1545 3.3126176358374884
1546 3.4209099174212967
1547 3.4209099174212967
1548 3.4209099174212967
1549 3.4209099174212967
1550 3.0407534738499593
1551 3.0407534738499593
1552 3.0407534738499593
1553 3.0407534738499593
1554 3.433994027890392
1555 3.433994027890392
1556 3.433994027890392
1557 3.433994027890392
1558 3.5801342441311537
1559 3.5801342441311537
1560 3.5801342441311537
1561 3.5801342441311537
1562 3.0909873211709473
1563 3.0909873211709473
1564 3.0909873211709473
1565 3.0909873211709473
1566 3.6319444416390367
1567 3.6319444416390367
1568 3.6319444416390367
1569 3.6319444416390367
1570 3.396763637843825
1571 3.396763637843825
1572 3.396763637843825
1573 3.396763637843825
1574 3.611278414816276
1575 3.611278414816276
1576 3.611278414816276
1577 3.611278414816276
1578 3.101829301723498
1579 3.101829301723498
1580 3.101829301723498
1581 3.101829301723498
1582 1.5092876599775877
1583 1.5092876599775877
1584 1.5092876599775877
1585 1.5092876599775877
1586 1.284839019391252
1587 1.284839019391252
1588 1.284839019391252
1589 1.284839019391252
1590 1.4804163873024512
1591 1.4804163873024512
1592 1.4804163873024512
1593 1.4804163873024512
1594 1.5219165193378128
1595 1.5219165193378128
1596 1.5219165193378128
1597 1.5219165193378128
1598 1.476515217024158
1599 1.476515217024158
1600 1.476515217024158
1601 1.476515217024158
1602 1.7119918749220095
1603 1.7119918749220095
1604 1.7119918749220095
1605 1.7119918749220095
1606 1.4954752194637888
1607 1.4954752194637888
1608 1.4954752194637888
1609 1.4954752194637888
1610 1.6706043927025405
1611 1.6706043927025405
1612 1.6706043927025405
1613 1.6706043927025405
1614 1.4374429721970752
1615 1.4374429721970752
1616 1.4374429721970752
1617 1.4374429721970752
1618 1.5347129852341204
1619 1.5347129852341204
1620 1.5347129852341204
1621 1.5347129852341204
1622 1.587455389570734
1623 1.587455389570734
1624 1.587455389570734
1625 1.587455389570734
1626 1.3069907570123864
1627 1.3069907570123864
1628 1.3069907570123864
1629 1.3069907570123864
1630 1.6204869445908008
1631 1.6204869445908008
1632 1.6204869445908008
1633 1.6204869445908008
1634 1.3986440528425157
1635 1.3986440528425157
1636 1.3986440528425157
1637 3.4115323199567067
1638 3.4115323199567067
1639 3.4115323199567067
1640 3.4115323199567067
1641 3.3429361588580795
1642 3.3429361588580795
1643 3.3429361588580795
1644 3.3429361588580795
1645 3.476276930345583
1646 3.476276930345583
1647 3.476276930345583
1648 3.476276930345583
1649 2.9712829306898927
1650 2.9712829306898927
1651 2.9712829306898927
1652 2.9712829306898927
1653 2.890958783531317
1654 2.890958783531317
1655 2.890958783531317
1656 2.890958783531317
1657 3.0129446481770854
1658 3.0129446481770854
1659 3.0129446481770854
1660 3.0129446481770854
1661 2.8727274491722476
1662 2.8727274491722476
1663 2.8727274491722476
1664 2.8727274491722476
1665 2.8670510810685625
1666 2.8670510810685625
1667 2.8670510810685625
1668 2.8670510810685625
1669 3.1152922060432298
1670 3.1152922060432298
1671 3.1152922060432298
1672 3.1152922060432298
1673 2.8728534871825544
1674 2.8728534871825544
1675 2.8728534871825544
1676 2.8728534871825544
1677 3.2638857395111023
1678 3.2638857395111023
1679 3.2638857395111023
1680 3.2638857395111023
1681 2.9337411389865076
1682 2.9337411389865076
1683 2.9337411389865076
1684 2.9337411389865076
1685 2.9813814696310517
1686 2.9813814696310517
1687 2.9813814696310517
1688 2.9813814696310517
1689 3.1058092217108415
1690 3.1058092217108415
1691 3.1058092217108415
1692 3.1058092217108415
1693 3.0390190402310795
1694 3.0390190402310795
1695 3.0390190402310795
1696 3.0390190402310795
1697 1.0192437513057038
1698 1.0192437513057038
1699 1.0192437513057038
1700 1.0192437513057038
1701 0.9983973193168517
1702 0.9983973193168517
1703 0.9983973193168517
1704 0.9983973193168517
1705 1.0796239000728098
1706 1.0796239000728098
1707 1.0796239000728098
1708 1.0796239000728098
1709 1.1210573627617373
1710 1.1210573627617373
1711 1.1210573627617373
1712 3.0279947671127143
1713 3.0279947671127143
1714 3.0279947671127143
1715 3.0279947671127143
1716 1.184814643623724
1717 1.184814643623724
1718 1.184814643623724
1719 1.184814643623724
1720 2.4601989520446383
1721 2.4601989520446383
1722 2.4601989520446383
1723 2.4601989520446383
1724 2.369799854091163
1725 2.369799854091163
1726 2.369799854091163
1727 2.369799854091163
1728 2.382521113185849
1729 2.382521113185849
1730 2.382521113185849
1731 2.382521113185849
1732 2.388161792685478
1733 2.388161792685478
1734 2.388161792685478
1735 2.388161792685478
1736 2.5020048289821744
1737 2.5020048289821744
1738 2.5020048289821744
1739 2.5020048289821744
1740 2.546672939601148
1741 2.546672939601148
1742 2.546672939601148
1743 2.546672939601148
1744 2.6783412528878308
1745 2.6783412528878308
1746 2.6783412528878308
1747 2.6783412528878308
1748 2.3082903559400867
1749 2.3082903559400867
1750 2.3082903559400867
1751 2.3082903559400867
1752 2.2313332988906383
1753 2.2313332988906383
1754 2.2313332988906383
1755 2.2313332988906383
1756 2.3021004199804427
1757 2.3021004199804427
1758 2.3021004199804427
1759 2.3021004199804427
1760 2.5718866070430346
1761 2.5718866070430346
1762 3.8431106333394736
1763 3.8431106333394736
1764 3.8431106333394736
1765 3.8431106333394736
1766 4.0928708130827625
1767 4.0928708130827625
1768 1.0219005949519924
1769 1.0219005949519924
1770 1.0219005949519924
1771 1.0219005949519924
1772 0.9984856234817618
1773 0.9984856234817618
1774 0.9984856234817618
1775 0.9984856234817618
1776 1.0657356054577212
1777 1.0657356054577212
1778 1.0657356054577212
1779 1.0657356054577212
1780 1.1490424868452709
1781 1.1490424868452709
1782 1.1490424868452709
1783 1.1490424868452709
1784 1.1929816540942564
1785 1.1929816540942564
1786 1.1929816540942564
1787 1.1929816540942564
1788 1.0636910848182772
1789 1.0636910848182772
1790 1.0636910848182772
1791 1.0636910848182772
1792 1.0179235286659205
1793 1.0179235286659205
1794 1.0179235286659205
1795 1.0179235286659205
1796 1.1230236492806855
1797 1.1230236492806855
1798 1.1230236492806855
1799 1.1230236492806855
1800 1.1340119337856718
1801 1.1340119337856718
1802 1.1340119337856718
1803 1.1340119337856718
1804 0.9971269188096773
1805 3.4838172216350816
1806 3.4838172216350816
1807 3.4838172216350816
1808 3.4838172216350816
1809 3.6980187905989554
1810 3.6980187905989554
1811 3.6980187905989554
1812 3.6980187905989554
1813 3.1410801174750467
1814 3.1410801174750467
1815 1.2350287668066813
1816 1.2350287668066813
1817 1.2350287668066813
1818 1.2350287668066813
1819 1.168167899334085
1820 1.168167899334085
1821 1.168167899334085
1822 1.168167899334085
1823 1.145144270763736
1824 1.145144270763736
1825 1.145144270763736
1826 1.145144270763736
1827 1.072721824790968
1828 1.072721824790968
1829 1.072721824790968
1830 1.072721824790968
1831 1.0472050529305394
1832 1.0472050529305394
1833 3.8189480347699356
1834 3.8189480347699356
1835 3.8189480347699356
1836 3.8189480347699356
1837 4.052023265367738
1838 4.052023265367738
1839 4.052023265367738
1840 4.052023265367738
1841 3.991458880888239
1842 3.991458880888239
1843 3.991458880888239
1844 3.991458880888239
1845 3.665642268300088
1846 3.665642268300088
1847 3.665642268300088
1848 3.665642268300088
1849 3.5687005361201773
1850 3.5687005361201773
1851 3.5687005361201773
1852 3.5687005361201773
1853 4.034685462704443
1854 4.034685462704443
1855 4.034685462704443
1856 4.034685462704443
1857 3.720873787385182
1858 3.720873787385182
1859 2.1034509547461884
1860 2.1034509547461884
1861 2.1034509547461884
1862 2.1034509547461884
1863 0.6672168141453126
1864 0.6672168141453126
1865 0.6672168141453126
1866 0.6672168141453126
1867 0.6411722059683064
1868 0.6411722059683064
1869 0.6411722059683064
1870 0.6411722059683064
1871 0.6861361788214128
1872 0.6861361788214128
1873 0.6861361788214128
1874 0.6861361788214128
1875 0.7062303689892547
1876 0.7062303689892547
1877 0.7062303689892547
1878 0.7062303689892547
1879 0.6230924915514442
1880 0.6230924915514442
1881 0.6230924915514442
1882 0.6230924915514442
1883 0.6699200210602766
1884 3.733805610713928
1885 3.733805610713928
1886 3.733805610713928
1887 3.733805610713928
1888 3.691035193448264
1889 3.691035193448264
1890 3.691035193448264
1891 3.691035193448264
1892 4.154815836587698
1893 4.154815836587698
1894 4.154815836587698
1895 4.154815836587698
1896 3.3189488572287997
1897 1.1593868725738596
1898 1.1593868725738596
1899 1.1593868725738596
1900 1.1593868725738596
1901 1.0251581393333578
1902 1.0251581393333578
1903 1.0251581393333578
1904 1.0251581393333578
1905 1.1841884716864348
1906 1.1841884716864348
1907 3.683179438691763
1908 3.683179438691763
1909 3.683179438691763
1910 3.683179438691763
1911 3.836176307603222
1912 3.836176307603222
1913 3.836176307603222
1914 3.836176307603222
1915 3.729674748771262
1916 3.729674748771262
1917 3.729674748771262
1918 3.729674748771262
1919 3.957693500790529
1920 3.957693500790529
1921 3.957693500790529
1922 3.957693500790529
1923 4.073491173604925
1924 4.073491173604925
1925 1.2200733577411107
1926 1.2200733577411107
1927 1.2200733577411107
1928 1.2200733577411107
1929 1.1103498435853227
1930 1.1103498435853227
1931 1.1103498435853227
1932 1.1103498435853227
1933 1.2161055361191762
1934 1.2161055361191762
1935 0.17141701734944753
1936 0.17141701734944753
1937 0.17141701734944753
1938 0.17141701734944753
1939 0.18936604417591688
1940 0.18936604417591688
1941 1.9229406833236218
1942 1.9229406833236218
1943 1.9229406833236218
1944 1.9229406833236218
1945 1.9057635333136778
1946 1.9057635333136778
1947 1.9057635333136778
1948 1.9057635333136778
1949 2.1522287258948225
1950 2.1522287258948225
1951 2.1522287258948225
1952 2.1522287258948225
1953 2.211795660480094
1954 2.211795660480094
1955 2.211795660480094
1956 2.4086876412533114
1957 2.4086876412533114
1958 2.4086876412533114
1959 2.4086876412533114
1960 2.453176294489726
1961 2.453176294489726
1962 2.453176294489726
1963 2.453176294489726
1964 2.2747948629781836
1965 2.2747948629781836
1966 2.2747948629781836
1967 2.2747948629781836
1968 2.4676811292494008
1969 2.4676811292494008
1970 2.4676811292494008
1971 2.9784312269078277
1972 2.9784312269078277
1973 2.9784312269078277
1974 2.9784312269078277
1975 2.8634434190911238
1976 2.8634434190911238
1977 1.2439070889010981
1978 1.2439070889010981
1979 1.2439070889010981
1980 1.2439070889010981
1981 1.0383525460445755
1982 1.0383525460445755
1983 1.0383525460445755
1984 1.0383525460445755
1985 1.0754970618101032
1986 1.0754970618101032
1987 1.0754970618101032
1988 1.0754970618101032
1989 1.0500412789147455
1990 1.0500412789147455
1991 1.0500412789147455
1992 1.0500412789147455
1993 1.1823885634176063
1994 1.1823885634176063
1995 1.1823885634176063
1996 3.0722120703287543
1997 3.0722120703287543
1998 3.0722120703287543
1999 3.0722120703287543
