0 1.4114609090400663
1 1.4114609090400663
2 1.0169645578497981
3 1.0169645578497981
4 1.6838539230700778
5 1.6838539230700778
6 1.9718498449848885
7 1.9718498449848885
8 0.1
9 0.1
10 1.6797611276974909
11 1.6797611276974909
12 2.019695413676595
13 2.019695413676595
14 0.3894962801552633
15 0.3894962801552633
16 2.1568475619691805
17 2.1568475619691805
18 1.8754508998116786
19 1.8754508998116786
20 2.5161077449555522
21 2.5161077449555522
22 1.0296136337976787
23 1.0296136337976787
24 1.3955405265647367
25 1.3955405265647367
26 1.5151628834338693
27 1.5151628834338693
28 1.6694383188252895
29 1.6694383188252895
30 1.4428632985687526
31 1.4428632985687526
32 1.9056151985809733
33 1.9056151985809733
34 0.5461652291491699
35 0.5461652291491699
36 1.7498413890418283
37 1.7498413890418283
38 0.9097797987599113
39 0.9097797987599113
40 1.7550256436200702
41 1.7550256436200702
42 1.4790887793744734
43 1.4790887793744734
44 2.0056118438952586
45 2.0056118438952586
46 1.2189929943539852
47 1.2189929943539852
48 0.6135830993981863
49 0.6135830993981863
50 1.2840546606885097
51 1.2840546606885097
52 2.915639197387115
53 2.915639197387115
54 1.836974366570716
55 1.836974366570716
56 1.633211025196474
57 1.633211025196474
58 2.315751071668078
59 2.315751071668078
60 2.2482924313579287
61 2.2482924313579287
62 2.7079418792606758
63 2.7079418792606758
64 1.7546333620564285
65 1.7546333620564285
66 1.5754349836769195
67 1.5754349836769195
68 1.9587063959234274
69 1.9587063959234274
70 1.0069088022900945
71 1.0069088022900945
72 1.2036444120843488
73 1.2036444120843488
74 1.0011999024835156
75 1.0011999024835156
76 1.5443537362246453
77 1.5443537362246453
78 1.9251602128117746
79 1.9251602128117746
80 2.726075459916417
81 2.726075459916417
82 1.0726625382595272
83 1.0726625382595272
84 1.0970946867354092
85 1.0970946867354092
86 1.4217528631978313
87 1.4217528631978313
88 0.8752633804162342
89 0.8752633804162342
90 0.9369746891227565
91 0.9369746891227565
92 0.3778831096748354
93 0.3778831096748354
94 2.4112051135896664
95 2.4112051135896664
96 0.46481870405484216
97 0.46481870405484216
98 2.2254189115944074
99 2.2254189115944074
100 0.9824408236174424
101 0.9824408236174424
102 2.436835862081418
103 2.436835862081418
104 0.803467664060207
105 0.803467664060207
106 1.9457953484008443
107 1.9457953484008443
108 2.758959022324593
109 2.758959022324593
110 1.9799560284112216
111 1.9799560284112216
112 1.611832397520143
113 1.611832397520143
114 1.3353054435033507
115 1.3353054435033507
116 1.8255697183388655
117 3.032433397725319
118 3.032433397725319
119 4.518972289877011
120 4.518972289877011
121 3.499678789074575
122 3.499678789074575
123 3.092294174698419
124 3.092294174698419
125 5.709869305478501
126 5.709869305478501
127 3.5323997984451014
128 3.5323997984451014
129 6.2195349974985445
130 6.2195349974985445
131 1.8141672796193322
132 1.8141672796193322
133 4.805894442560187
134 4.805894442560187
135 4.9624402851229314
136 4.9624402851229314
137 5.3960816471210045
138 5.3960816471210045
139 1.7903644596671149
140 1.7903644596671149
141 3.321872235561375
142 3.321872235561375
143 2.6017531942600773
144 2.6017531942600773
145 5.9056382407624355
146 5.9056382407624355
147 1.1594204302934825
148 1.1594204302934825
149 1.0693156023590635
150 1.0693156023590635
151 0.9131428015077522
152 0.9131428015077522
153 1.2085253427870724
154 1.2085253427870724
155 0.6003402116057047
156 0.6003402116057047
157 1.8034955712146643
158 1.8034955712146643
159 1.1247066501954448
160 1.1247066501954448
161 0.9687786521324702
162 0.9687786521324702
163 1.8314008479420885
164 1.8314008479420885
165 0.7772094831360276
166 0.7772094831360276
167 1.1676876224021961
168 1.1676876224021961
169 0.6139440863471188
170 0.6139440863471188
171 1.217703979816811
172 1.217703979816811
173 2.403017492285458
174 2.403017492285458
175 1.8791757820417718
176 1.8791757820417718
177 0.1
178 0.1
179 1.1645656518184269
180 1.1645656518184269
181 1.15439067735237
182 1.15439067735237
183 1.3120710888063996
184 1.3120710888063996
185 1.918879998873861
186 1.918879998873861
187 1.057439979946309
188 1.057439979946309
189 0.1
190 0.1
191 1.2492431525940781
192 1.2492431525940781
193 1.0410709126795334
194 1.0410709126795334
195 0.809649214964735
196 0.809649214964735
197 1.7508694648444503
198 1.7508694648444503
199 0.8819945182000424
200 0.8819945182000424
201 0.6269565591781073
202 0.6269565591781073
203 1.8536106522904814
204 1.8536106522904814
205 1.1727900072747786
206 1.1727900072747786
207 0.9619536878872917
208 0.9619536878872917
209 0.791696782058322
210 0.791696782058322
211 1.2338405959254501
212 1.2338405959254501
213 0.2786107253847593
214 0.2786107253847593
215 0.44994083379820404
216 0.44994083379820404
217 1.2608681430233302
218 1.2608681430233302
219 1.4463260500690587
220 1.4463260500690587
221 0.1
222 0.1
223 0.8752376753431838
224 0.8752376753431838
225 1.819922973132108
226 1.819922973132108
227 1.0083106276597267
228 1.0083106276597267
229 1.5141821143642344
230 1.5141821143642344
231 1.8609269754481548
232 1.8609269754481548
233 1.3906619924089452
234 1.3906619924089452
235 1.8782835166800647
236 1.8782835166800647
237 0.16192411459556644
238 0.16192411459556644
239 0.8325973113237364
240 0.8325973113237364
241 1.4212075859977
242 1.4212075859977
243 1.1657299765655957
244 1.1657299765655957
245 0.9693713575940224
246 0.9693713575940224
247 0.4227358712803816
248 0.4227358712803816
249 1.5680545829828154
250 1.5680545829828154
251 1.668439759742904
252 1.668439759742904
253 0.1
254 0.1
255 0.1
256 0.1
257 1.3596191357524494
258 1.3596191357524494
259 1.4692049868680863
260 1.4692049868680863
261 0.5688971967389701
262 0.5688971967389701
263 0.8436404995685877
264 0.8436404995685877
265 0.5185743121285454
266 0.5185743121285454
267 1.088516661580042
268 1.088516661580042
269 1.8454521177599492
270 1.8454521177599492
271 2.2135735304710606
272 2.2135735304710606
273 0.6764430513456898
274 0.6764430513456898
275 0.24916530176248808
276 0.24916530176248808
277 0.8020229107321326
278 0.8020229107321326
279 1.328913782765344
280 1.328913782765344
281 0.6090467041284224
282 0.6090467041284224
283 0.9596272165587977
284 0.9596272165587977
285 1.0710272620884183
286 1.0710272620884183
287 1.4405100665960298
288 1.4405100665960298
289 1.2123676636330334
290 1.2123676636330334
291 1.339909398812302
292 1.339909398812302
293 0.7587405201932036
294 0.7587405201932036
295 1.2878082190299525
296 1.2878082190299525
297 1.515368131035694
298 1.515368131035694
299 0.846761517161172
300 0.846761517161172
301 1.399475411235664
302 1.399475411235664
303 0.7605564631235773
304 0.7605564631235773
305 0.1
306 0.1
307 0.6258370199122335
308 0.6258370199122335
309 0.6881280168074886
310 0.6881280168074886
311 1.4768104357982526
312 1.4768104357982526
313 0.7623430462713134
314 0.7623430462713134
315 0.19090166708923617
316 0.19090166708923617
317 0.11946988866863961
318 0.11946988866863961
319 0.699144244351865
320 0.699144244351865
321 0.8101194527207551
322 0.8101194527207551
323 0.2915534981531319
324 0.2915534981531319
325 1.0313577854727658
326 1.0313577854727658
327 0.978032799449995
328 0.978032799449995
329 0.7851473809916848
330 0.7851473809916848
331 0.7071536734815569
332 0.7071536734815569
333 1.6073696879584802
334 1.6073696879584802
335 0.840392804186243
336 0.840392804186243
337 0.1
338 0.1
339 1.4382834550663017
340 1.4382834550663017
341 0.9133032511251351
342 0.9133032511251351
343 0.8631875765989079
344 0.8631875765989079
345 0.805802297290214
346 0.805802297290214
347 1.3481711111100492
348 1.3481711111100492
349 0.9880084802937551
350 0.9880084802937551
351 1.1857517580643686
352 1.1857517580643686
353 1.6987911043807618
354 1.6987911043807618
355 1.0683453974193151
356 1.0683453974193151
357 1.3088111630823664
358 1.3088111630823664
359 0.6297232215305453
360 0.6297232215305453
361 0.3448019101151567
362 0.3448019101151567
363 1.1263694183785413
364 1.1263694183785413
365 0.45522939223786685
366 0.45522939223786685
367 1.0831555986544745
368 1.0831555986544745
369 0.3272982189381368
370 0.3272982189381368
371 1.4020689957214763
372 1.4020689957214763
373 1.273804913310128
374 1.273804913310128
375 1.3267181591718822
376 1.3267181591718822
377 1.2179699097936638
378 1.2179699097936638
379 1.885811715995492
380 1.885811715995492
381 1.5589126884779994
382 1.5589126884779994
383 1.9812031039194604
384 1.9812031039194604
385 1.3657042002695463
386 1.3657042002695463
387 0.7238130899196786
388 0.7238130899196786
389 0.22126469162120643
390 0.22126469162120643
391 1.345236538032893
392 1.345236538032893
393 0.1
394 0.1
395 1.2943049116625227
396 1.2943049116625227
397 1.930646125184492
398 1.930646125184492
399 1.5171323896079918
400 1.5171323896079918
401 0.9323222091724899
402 0.9323222091724899
403 0.49612799877719826
404 0.49612799877719826
405 1.250249038169554
406 1.250249038169554
407 1.6970082512572229
408 1.6970082512572229
409 0.610056377550623
410 0.610056377550623
411 1.2788986785081715
412 1.2788986785081715
413 1.583626150646432
414 1.583626150646432
415 1.314686814386985
416 1.314686814386985
417 1.76845624746149
418 1.76845624746149
419 1.2017397914615633
420 1.2017397914615633
421 0.9331555254050907
422 0.9331555254050907
423 0.1
424 0.1
425 0.6607487904280271
426 0.6607487904280271
427 1.8016649082136982
428 1.8016649082136982
429 0.8154717993068326
430 0.8154717993068326
431 0.4942129251062306
432 0.4942129251062306
433 1.1449686564425645
434 1.1449686564425645
435 1.635006689132671
436 1.635006689132671
437 0.8965224471598607
438 0.8965224471598607
439 0.7725569083638162
440 0.7725569083638162
441 1.532650819844285
442 1.532650819844285
443 1.8788988567748688
444 1.8788988567748688
445 1.4971203003044375
446 1.4971203003044375
447 1.2199610980204714
448 1.2199610980204714
449 1.6102837182543421
450 1.6102837182543421
451 1.0852259065584602
452 1.0852259065584602
453 0.4567040857583755
454 0.4567040857583755
455 1.4491596214584954
456 1.4491596214584954
457 1.308901948604537
458 1.308901948604537
459 1.321796262432539
460 1.321796262432539
461 1.9024900013700032
462 1.9024900013700032
463 1.003148715621246
464 2.958609094521403
465 2.958609094521403
466 3.3212065702984406
467 3.3212065702984406
468 2.022248198355346
469 2.022248198355346
470 2.107378331231936
471 2.107378331231936
472 3.500271448490875
473 3.500271448490875
474 2.3371459242481594
475 2.3371459242481594
476 3.791196990254247
477 3.791196990254247
478 3.887258493809076
479 3.887258493809076
480 4.111900851564049
481 4.111900851564049
482 3.643908622074355
483 3.643908622074355
484 3.4532442060997455
485 3.4532442060997455
486 7.103633655559295
487 7.103633655559295
488 0.1
489 0.1
490 2.2695371844449648
491 2.2695371844449648
492 3.510889324735787
493 3.510889324735787
494 3.8045612415155747
495 3.8045612415155747
496 2.781122927858902
497 2.781122927858902
498 5.0827383069691106
499 5.0827383069691106
500 1.4639311529645254
501 1.4639311529645254
502 2.0070304978397266
503 2.0070304978397266
504 1.2407703814962403
505 1.2407703814962403
506 2.296874713782628
507 2.296874713782628
508 2.0417840642583833
509 2.0417840642583833
510 0.5761384155599423
511 0.5761384155599423
512 1.893436102540118
513 1.893436102540118
514 0.4229635276464718
515 0.4229635276464718
516 2.354357653759284
517 2.354357653759284
518 2.4612736975351686
519 2.4612736975351686
520 1.7751347175930114
521 1.7751347175930114
522 2.6913694454817296
523 2.6913694454817296
524 3.9574921962535914
525 3.9574921962535914
526 2.349059499151696
527 2.349059499151696
528 1.0982565797463701
529 1.0982565797463701
530 0.1
531 0.1
532 1.070376932594127
533 1.070376932594127
534 1.28450909986371
535 1.28450909986371
536 0.3100609424932119
537 0.3100609424932119
538 2.990045903548168
539 2.990045903548168
540 2.765807678955159
541 2.765807678955159
542 1.9004166415962047
543 1.9004166415962047
544 0.8460600375858243
545 0.8460600375858243
546 1.9472627562648774
547 1.9472627562648774
548 2.362602903373351
549 2.362602903373351
550 2.0629721242472425
551 2.0629721242472425
552 1.6530603113708988
553 1.6530603113708988
554 1.7748377552788905
555 1.7748377552788905
556 2.941661207165763
557 2.941661207165763
558 0.952026749479103
559 0.952026749479103
560 1.71879226174015
561 1.71879226174015
562 2.6838148082096867
563 2.6838148082096867
564 2.3239866149931667
565 2.3239866149931667
566 2.692652685230524
567 2.692652685230524
568 1.4566051002550893
569 1.4566051002550893
570 2.6189117261224313
571 2.6189117261224313
572 1.9238417339870655
573 1.9238417339870655
574 2.5600391177395894
575 2.5600391177395894
576 2.7099195455319003
577 2.7099195455319003
578 1.967536576638745
579 1.967536576638745
580 0.1
581 0.1
582 2.0207317104747915
583 2.0207317104747915
584 1.1711462857487982
585 1.1711462857487982
586 3.3050859663572396
587 3.3050859663572396
588 2.8201202985351683
589 2.8201202985351683
590 2.1201975014562993
591 2.1201975014562993
592 2.291524339067512
593 2.291524339067512
594 1.288833638484612
595 1.288833638484612
596 1.1816031569204637
597 1.1816031569204637
598 2.375473969780044
599 2.375473969780044
600 0.9077133042441552
601 0.9077133042441552
602 2.1357163044016105
603 2.1357163044016105
604 3.1528966759136887
605 3.1528966759136887
606 3.430493729837954
607 3.430493729837954
608 2.813707102777228
609 2.813707102777228
610 1.378414813742068
611 1.378414813742068
612 3.1454112413215265
613 3.1454112413215265
614 2.217845359012074
615 2.217845359012074
616 2.438607038527113
617 2.438607038527113
618 1.7189981882953205
619 1.7189981882953205
620 2.122231921308025
621 2.122231921308025
622 2.2293272217372375
623 2.2293272217372375
624 2.945997290672989
625 2.945997290672989
626 1.9940198953519803
627 1.9940198953519803
628 2.582504834070305
629 2.582504834070305
630 2.7797665383017227
631 2.7797665383017227
632 4.323821671660291
633 4.323821671660291
634 3.020250529200165
635 3.020250529200165
636 1.835572772045698
637 1.835572772045698
638 3.3473244743237274
639 3.3473244743237274
640 2.9263808237913587
641 2.9263808237913587
642 1.7925161561740726
643 1.7925161561740726
644 3.6756549109337673
645 3.6756549109337673
646 0.1
647 0.1
648 2.202700199679765
649 2.202700199679765
650 0.5053832861127618
651 0.5053832861127618
652 4.388627674836059
653 4.388627674836059
654 2.103658087035266
655 2.103658087035266
656 2.067072201886535
657 2.067072201886535
658 2.6848486336083437
659 2.6848486336083437
660 0.9644140761873887
661 0.9644140761873887
662 2.4308553655179312
663 2.4308553655179312
664 0.7444116519285466
665 0.7444116519285466
666 1.6236417357194393
667 1.6236417357194393
668 3.3461220076150138
669 3.3461220076150138
670 1.979634249777449
671 1.979634249777449
672 2.0976648277085936
673 2.0976648277085936
674 2.216451154669359
675 2.216451154669359
676 0.8569110687209016
677 0.8569110687209016
678 1.982628293565384
679 1.982628293565384
680 3.563851584136854
681 3.563851584136854
682 2.480282725648983
683 2.480282725648983
684 3.485987270239683
685 3.485987270239683
686 1.057912913385549
687 1.057912913385549
688 3.9212137583482694
689 3.9212137583482694
690 2.342366698607726
691 2.342366698607726
692 3.188059438553067
693 3.188059438553067
694 1.7809856601457636
695 1.7809856601457636
696 2.7604522948079744
697 2.7604522948079744
698 0.1
699 0.1
700 0.5943523806527822
701 0.5943523806527822
702 1.2349988551929252
703 1.2349988551929252
704 1.4126222335808112
705 1.4126222335808112
706 1.4260585990900982
707 1.4260585990900982
708 0.8047231047962042
709 0.8047231047962042
710 0.7751412265568944
711 0.7751412265568944
712 2.6309488342922918
713 2.6309488342922918
714 4.048864951721537
715 4.048864951721537
716 1.2566685912432054
717 1.2566685912432054
718 2.234200869828972
719 2.234200869828972
720 3.4401147033501225
721 3.4401147033501225
722 1.8673315728788036
723 1.8673315728788036
724 1.316389444498419
725 1.316389444498419
726 1.6892938750628355
727 1.6892938750628355
728 1.9697807925274178
729 1.9697807925274178
730 2.1654811978288557
731 2.1654811978288557
732 2.1606801210436606
733 2.1606801210436606
734 2.4946625946111065
735 2.4946625946111065
736 3.4349428063051963
737 3.4349428063051963
738 3.4104768855993166
739 3.4104768855993166
740 0.6110210100971241
741 0.6110210100971241
742 2.5646630276515294
743 2.5646630276515294
744 3.1080899882872304
745 3.1080899882872304
746 2.8485162343109183
747 2.8485162343109183
748 1.329128313165675
749 1.329128313165675
750 1.8860720863344003
751 1.8860720863344003
752 1.7911265493759727
753 1.7911265493759727
754 0.1
755 0.1
756 0.1552456655015093
757 0.1552456655015093
758 1.9847685934045518
759 1.9847685934045518
760 0.678494906388025
761 0.678494906388025
762 2.07588640001448
763 2.07588640001448
764 1.4430766347513662
765 1.4430766347513662
766 0.5324762021560865
767 0.5324762021560865
768 1.268159814648294
769 1.268159814648294
770 1.5213330116488006
771 1.5213330116488006
772 2.585270021369582
773 2.585270021369582
774 0.8600793060415564
775 0.8600793060415564
776 1.8638313786756133
777 1.8638313786756133
778 2.711238472202908
779 2.711238472202908
780 2.1223504559247175
781 2.1223504559247175
782 3.3111338846230156
783 3.3111338846230156
784 1.6354638964016392
785 1.6354638964016392
786 1.2355862782472782
787 1.2355862782472782
788 3.2143176261615465
789 3.2143176261615465
790 2.7620461507071505
791 2.7620461507071505
792 1.3992467450467032
793 1.3992467450467032
794 2.0539572870802627
795 2.0539572870802627
796 3.1107426974757546
797 3.1107426974757546
798 3.4815306718234393
799 3.4815306718234393
800 3.8048834015915514
801 3.8048834015915514
802 2.828100124336517
803 2.828100124336517
804 1.9845579978443877
805 1.9845579978443877
806 1.0182868925874529
807 1.0182868925874529
808 0.553219234099561
809 0.553219234099561
810 1.0234988790031707
811 1.0234988790031707
812 0.9518806324457201
813 0.9518806324457201
814 0.1
815 0.1
816 2.5027612957658505
817 2.5027612957658505
818 1.7927153504895463
819 1.7927153504895463
820 0.1
821 0.1
822 0.1
823 0.1
824 2.2514698483768045
825 2.2514698483768045
826 1.9157354301984042
827 1.9157354301984042
828 1.6572435524696314
829 1.6572435524696314
830 1.5451599124387783
831 1.5451599124387783
832 1.5851455783054162
833 1.5851455783054162
834 2.2257561038947338
835 2.2257561038947338
836 2.141316030406979
837 2.141316030406979
838 2.4650675879022943
839 2.4650675879022943
840 0.5729110246091749
841 0.5729110246091749
842 2.504606231595386
843 2.504606231595386
844 2.811566513410737
845 2.811566513410737
846 0.1
847 0.1
848 1.8263154086232092
849 1.8263154086232092
850 3.199529232520471
851 3.199529232520471
852 3.8696610900496484
853 3.8696610900496484
854 2.4764840548979414
855 2.4764840548979414
856 1.7012029564911846
857 1.7012029564911846
858 3.879325204521086
859 3.879325204521086
860 2.4756092373672702
861 2.4756092373672702
862 0.6002352916235505
863 0.6002352916235505
864 2.6575965606076424
865 2.6575965606076424
866 1.7271779997621692
867 1.7271779997621692
868 1.015083968650468
869 1.015083968650468
870 4.102701695782516
871 4.102701695782516
872 2.0383431034869894
873 0.5037774524140146
874 0.5037774524140146
875 2.5738901078336687
876 2.5738901078336687
877 1.055674136390237
878 1.055674136390237
879 1.8885903827227872
880 1.8885903827227872
881 0.1
882 0.1
883 1.8140638112570748
884 1.8140638112570748
885 1.9486367082303708
886 1.9486367082303708
887 1.8770056749625237
888 1.8770056749625237
889 2.05481921478831
890 2.05481921478831
891 1.9828237409460872
892 1.9828237409460872
893 2.945932800265627
894 2.945932800265627
895 1.8929856541259358
896 1.8929856541259358
897 1.356929157063465
898 1.356929157063465
899 0.5384948096612514
900 0.5384948096612514
901 1.2678861101614247
902 1.2678861101614247
903 2.543854388746825
904 2.543854388746825
905 1.5891496010694337
906 1.5891496010694337
907 1.9807603932235973
908 1.9807603932235973
909 2.2961972128148
910 2.2961972128148
911 1.3040093386534446
912 1.3040093386534446
913 1.4251747016447673
914 1.4251747016447673
915 1.5892774385305082
916 1.5892774385305082
917 1.7956552414036009
918 1.7956552414036009
919 0.13035025252816657
920 0.13035025252816657
921 0.9390008666022213
922 0.9390008666022213
923 1.6452468790996402
924 1.6452468790996402
925 0.6510212383000478
926 0.6510212383000478
927 2.3980490545966013
928 2.3980490545966013
929 0.9499970995034214
930 0.9499970995034214
931 1.9764464760199565
932 1.9764464760199565
933 1.9028871069610394
934 1.9028871069610394
935 2.145225583253718
936 2.145225583253718
937 1.1409250790804721
938 1.1409250790804721
939 1.5976254913301613
940 1.5976254913301613
941 2.1522628597030264
942 2.7123246795941953
943 2.7123246795941953
944 4.4819979565083665
945 4.4819979565083665
946 3.1104358268573367
947 3.1104358268573367
948 2.774561510048542
949 2.774561510048542
950 3.1835642865408875
951 3.1835642865408875
952 2.0425705116567654
953 2.0425705116567654
954 1.6528364314252695
955 1.6528364314252695
956 1.849046962429847
957 1.849046962429847
958 0.7183837688058916
959 0.7183837688058916
960 2.3223296384742915
961 2.3223296384742915
962 0.6468039071403524
963 0.6468039071403524
964 0.5347036479465312
965 0.5347036479465312
966 3.865117975487577
967 3.865117975487577
968 2.2478267332236483
969 2.2478267332236483
970 3.1870084547177
971 3.1870084547177
972 0.3900656129297815
973 0.3900656129297815
974 2.2710707220758963
975 2.2710707220758963
976 2.112932968932737
977 2.112932968932737
978 4.028022845799232
979 4.028022845799232
980 2.3849315676420937
981 2.3849315676420937
982 3.545148266777235
983 3.545148266777235
984 1.6722951337947363
985 1.6722951337947363
986 3.5334951473613443
987 3.5334951473613443
988 0.4839486562834072
989 0.4839486562834072
990 1.697712221557684
991 1.697712221557684
992 1.4973305807390407
993 1.4973305807390407
994 2.8283621476858443
995 2.8283621476858443
996 0.6337487231432397
997 0.6337487231432397
998 4.453254414549945
999 4.453254414549945
1000 2.1922144378079436
1001 2.1922144378079436
1002 2.9982147952520433
1003 2.9982147952520433
1004 1.812018717578547
1005 1.812018717578547
1006 3.0682749380999135
1007 3.0682749380999135
1008 5.444901743251169
1009 5.444901743251169
1010 2.7765941931214653
1011 2.7765941931214653
1012 1.864334026593985
1013 1.864334026593985
1014 4.2918413757545855
1015 4.2918413757545855
1016 3.270763458052429
1017 3.270763458052429
1018 3.163484063132114
1019 3.163484063132114
1020 3.3763816202714723
1021 3.3763816202714723
1022 2.061253980075776
1023 2.061253980075776
1024 0.8575725469456887
1025 0.8575725469456887
1026 2.047854946131151
1027 2.047854946131151
1028 2.9408004436764927
1029 2.9408004436764927
1030 0.3078509188467109
1031 0.3078509188467109
1032 4.371863261634218
1033 4.371863261634218
1034 4.097877984365695
1035 4.097877984365695
1036 4.538243426238422
1037 4.538243426238422
1038 2.6574856978041037
1039 2.6574856978041037
1040 1.5311475940824333
1041 1.5311475940824333
1042 1.9124438240563564
1043 1.9124438240563564
1044 2.727223468322187
1045 2.727223468322187
1046 0.4052909904504989
1047 0.4052909904504989
1048 3.4050295300619706
1049 3.4050295300619706
1050 0.41804963945119133
1051 0.41804963945119133
1052 1.2380034689288961
1053 1.2380034689288961
1054 1.4516264974264084
1055 1.4516264974264084
1056 1.3778289943750868
1057 1.3778289943750868
1058 1.8409387783076994
1059 1.8409387783076994
1060 0.5678411925612962
1061 0.5678411925612962
1062 1.3312180183218278
1063 1.3312180183218278
1064 0.6628730970439974
1065 0.6628730970439974
1066 0.6087193269078794
1067 0.6087193269078794
1068 1.5066541533080546
1069 1.5066541533080546
1070 0.6641529340939019
1071 0.6641529340939019
1072 1.8544560510397234
1073 1.8544560510397234
1074 1.1136923102092886
1075 1.1136923102092886
1076 1.0122947382990797
1077 1.0122947382990797
1078 0.8797933961227173
1079 0.8797933961227173
1080 0.824610265044511
1081 0.824610265044511
1082 0.30569875704213323
1083 0.30569875704213323
1084 1.1889926106471087
1085 1.1889926106471087
1086 1.760901187665643
1087 1.760901187665643
1088 1.1136627272500437
1089 1.1136627272500437
1090 1.157952782670182
1091 1.157952782670182
1092 1.1463373033317705
1093 1.1463373033317705
1094 0.7551284925476363
1095 0.7551284925476363
1096 1.1779384395080903
1097 1.1779384395080903
1098 0.2639184932341426
1099 0.2639184932341426
1100 0.8559989537870848
1101 0.1
1102 0.1
1103 0.17733212200686455
1104 0.17733212200686455
1105 0.10738350619613259
1106 0.10738350619613259
1107 0.23613748309532442
1108 0.23613748309532442
1109 0.10890135385327651
1110 0.10890135385327651
1111 0.21082878348298015
1112 0.21082878348298015
1113 0.1
1114 0.1
1115 0.21700082520203307
1116 0.21700082520203307
1117 0.15180000265931545
1118 1.6809109174107981
1119 1.6809109174107981
1120 3.0693050117991363
1121 3.0693050117991363
1122 0.1
1123 0.1
1124 2.737678591972236
1125 2.737678591972236
1126 1.722040780797256
1127 1.722040780797256
1128 1.8532359125042035
1129 1.8532359125042035
1130 3.7903845867361197
1131 3.7903845867361197
1132 2.9247498862052437
1133 2.9247498862052437
1134 0.7070746878042375
1135 0.7070746878042375
1136 3.8110087578873966
1137 3.8110087578873966
1138 3.191609800952138
1139 3.191609800952138
1140 2.1569811102475196
1141 2.1569811102475196
1142 2.059278371794942
1143 2.059278371794942
1144 3.8000951362479243
1145 3.8000951362479243
1146 1.616450023111995
1147 1.616450023111995
1148 0.4777947471097561
1149 0.4777947471097561
1150 1.9233893331104337
1151 1.9233893331104337
1152 2.957101730413062
1153 2.957101730413062
1154 2.2049746301882722
1155 2.2049746301882722
1156 1.6593696406038823
1157 1.6593696406038823
1158 1.176479428215269
1159 1.176479428215269
1160 3.6522186875633054
1161 3.6522186875633054
1162 5.424611121040835
1163 5.424611121040835
1164 1.7746679074099538
1165 1.7746679074099538
1166 2.666322860053889
1167 2.666322860053889
1168 0.8817496664267201
1169 0.8817496664267201
1170 1.5004770421447322
1171 1.5004770421447322
1172 3.160293924833128
1173 3.160293924833128
1174 4.791442470567544
1175 4.791442470567544
1176 2.369816103520649
1177 2.369816103520649
1178 2.363623454678715
1179 2.363623454678715
1180 1.6583475608030374
1181 1.6583475608030374
1182 3.8836098166381063
1183 3.8836098166381063
1184 1.3064530734096116
1185 1.3064530734096116
1186 2.156190182274203
1187 2.156190182274203
1188 1.9504739644010272
1189 1.9504739644010272
1190 2.0859312882405883
1191 2.0859312882405883
1192 3.6059517123100853
1193 3.6059517123100853
1194 0.1
1195 0.1
1196 1.4984441754354796
1197 1.4984441754354796
1198 1.1560920048319523
1199 1.1560920048319523
1200 1.9053838686263713
1201 1.9053838686263713
1202 2.205106458572687
1203 2.205106458572687
1204 1.8193770325755758
1205 1.8193770325755758
1206 1.6523875906223937
1207 1.6523875906223937
1208 2.2430384858603243
1209 2.2430384858603243
1210 2.0702968347511663
1211 2.0702968347511663
1212 3.0041316531967084
1213 3.0041316531967084
1214 2.6019135565726565
1215 2.6019135565726565
1216 2.697567319862006
1217 2.697567319862006
1218 0.1
1219 0.1
1220 0.761828685956236
1221 0.761828685956236
1222 3.7100619600331934
1223 3.7100619600331934
1224 3.0904082325703484
1225 3.0904082325703484
1226 2.0981527200163663
1227 2.0981527200163663
1228 2.826082194103235
1229 2.826082194103235
1230 1.4167587326837163
1231 1.4167587326837163
1232 3.624974516955621
1233 3.624974516955621
1234 2.9464821809944137
1235 2.9464821809944137
1236 4.370304271285244
1237 4.370304271285244
1238 4.832182365851561
1239 4.832182365851561
1240 0.653349329974775
1241 0.653349329974775
1242 4.264631634124793
1243 4.264631634124793
1244 10.220083949001804
1245 10.220083949001804
1246 6.209309856506312
1247 6.209309856506312
1248 6.350928479046376
1249 6.350928479046376
1250 5.083216261550608
1251 5.083216261550608
1252 3.9475296649013196
1253 3.9475296649013196
1254 0.1
1255 0.1
1256 5.9879529545894785
1257 5.9879529545894785
1258 4.7859015166704815
1259 4.7859015166704815
1260 6.652666701817044
1261 6.652666701817044
1262 3.6166224758327408
1263 3.6166224758327408
1264 3.1598961229462406
1265 3.1598961229462406
1266 7.853390696304517
1267 7.853390696304517
1268 4.091921326056409
1269 4.091921326056409
1270 3.9887287915267207
1271 3.9887287915267207
1272 3.2690623015923173
1273 3.2690623015923173
1274 2.393545929767726
1275 2.393545929767726
1276 5.847732936192842
1277 5.847732936192842
1278 6.501403313522095
1279 6.501403313522095
1280 1.1598102539742192
1281 1.1598102539742192
1282 1.3577705486009681
1283 1.3577705486009681
1284 4.833306366390415
1285 4.833306366390415
1286 4.588746500366306
1287 4.588746500366306
1288 4.911956058623014
1289 4.911956058623014
1290 5.202166942574683
1291 5.202166942574683
1292 5.452768890580818
1293 5.452768890580818
1294 6.012414202666854
1295 6.012414202666854
1296 7.731475916442447
1297 7.731475916442447
1298 5.680720309506441
1299 5.680720309506441
1300 4.0389860179826576
1301 4.0389860179826576
1302 3.356886185535398
1303 3.356886185535398
1304 3.8031539907963436
1305 3.8031539907963436
1306 11.729149144537523
1307 11.729149144537523
1308 3.9717297116399046
1309 3.9717297116399046
1310 8.264219474922305
1311 8.264219474922305
1312 5.257130503597091
1313 5.257130503597091
1314 0.2922242659555758
1315 0.2922242659555758
1316 6.032868720246281
1317 6.032868720246281
1318 8.053090299465984
1319 8.053090299465984
1320 1.476025651778441
1321 1.476025651778441
1322 0.9435145373680528
1323 0.9435145373680528
1324 0.9904305758695158
1325 0.9904305758695158
1326 0.7437911354995395
1327 0.7437911354995395
1328 1.3851073824012796
1329 1.3851073824012796
1330 1.2504304543784737
1331 1.2504304543784737
1332 1.2056507025744994
1333 1.2056507025744994
1334 0.5132740309167515
1335 0.5132740309167515
1336 0.7751386727473484
1337 0.7751386727473484
1338 0.8438459922332482
1339 0.8438459922332482
1340 1.182452693079485
1341 1.182452693079485
1342 1.2753587119124676
1343 1.2753587119124676
1344 1.6333006078866439
1345 1.6333006078866439
1346 1.1238992897310096
1347 1.1238992897310096
1348 0.8595995711149027
1349 0.8595995711149027
1350 1.056656470190083
1351 1.056656470190083
1352 1.4774957871765095
1353 1.4774957871765095
1354 1.220652854897069
1355 1.220652854897069
1356 0.38082821250220866
1357 0.38082821250220866
1358 1.3250485089145898
1359 1.3250485089145898
1360 0.905969507537722
1361 0.905969507537722
1362 0.9588077371451993
1363 0.9588077371451993
1364 1.1497784378883718
1365 1.1497784378883718
1366 0.16284835315878388
1367 0.16284835315878388
1368 1.8489901977227055
1369 1.8489901977227055
1370 1.518344101073842
1371 1.518344101073842
1372 1.6971906323523211
1373 1.6971906323523211
1374 1.186574599837432
1375 1.186574599837432
1376 1.1059842424617405
1377 1.1059842424617405
1378 1.35642433443344
1379 1.35642433443344
1380 1.1701654389551883
1381 1.1701654389551883
1382 0.8724298331055379
1383 0.8724298331055379
1384 2.0232557626298666
1385 2.0232557626298666
1386 1.0300626520723624
1387 1.0300626520723624
1388 0.1
1389 0.1
1390 1.295719482548983
1391 1.295719482548983
1392 1.1849146147770142
1393 1.1849146147770142
1394 1.9251298064878628
1395 1.9251298064878628
1396 0.5964230711268035
1397 0.5964230711268035
1398 0.2897469312111539
1399 0.2897469312111539
1400 0.10659575950309486
1401 0.10659575950309486
1402 0.6240405602802048
1403 0.6240405602802048
1404 1.3170614894256503
1405 1.3170614894256503
1406 0.36226548502296785
1407 0.29746673316941574
1408 0.29746673316941574
1409 0.24864043654006973
1410 0.24864043654006973
1411 0.1
1412 0.1
1413 0.3190562212924518
1414 0.3190562212924518
1415 0.1
1416 0.1
1417 0.2676806756472188
1418 0.2676806756472188
1419 0.29102251014011726
1420 0.29102251014011726
1421 0.1
1422 0.1
1423 0.31928192734483246
1424 0.31928192734483246
1425 0.24738370076613708
1426 0.24738370076613708
1427 0.21652812487917766
1428 0.21652812487917766
1429 0.21591780702625474
1430 0.21591780702625474
1431 0.3990925471751526
1432 0.3990925471751526
1433 0.2905888510841056
1434 1.7271151266635114
1435 1.7271151266635114
1436 1.001311612657061
1437 1.001311612657061
1438 0.1
1439 0.1
1440 1.5091367222400027
1441 1.5091367222400027
1442 1.296338889110086
1443 1.296338889110086
1444 1.9368018724551548
1445 1.9368018724551548
1446 3.2274409311093977
1447 3.2274409311093977
1448 1.2681535281882481
1449 1.2681535281882481
1450 1.4005189213698919
1451 1.4005189213698919
1452 1.878451328935185
1453 1.878451328935185
1454 1.8542733760313164
1455 1.8542733760313164
1456 3.5062559108135316
1457 3.5062559108135316
1458 1.79390807363453
1459 1.79390807363453
1460 1.3688663823277936
1461 1.3688663823277936
1462 1.6797628613575109
1463 1.6797628613575109
1464 1.8547556472428477
1465 1.8547556472428477
1466 3.9137113531303678
1467 3.9137113531303678
1468 1.7453542263700808
1469 1.7453542263700808
1470 2.2235394427849897
1471 2.2235394427849897
1472 2.566371856677728
1473 2.566371856677728
1474 1.206919647631031
1475 1.206919647631031
1476 2.468102481547139
1477 2.468102481547139
1478 2.3101064869357075
1479 2.3101064869357075
1480 1.7256048865726532
1481 1.7256048865726532
1482 2.3573541105119347
1483 2.3573541105119347
1484 1.8908208756981577
1485 1.8908208756981577
1486 1.3767600684907781
1487 1.3767600684907781
1488 2.6279729729189634
1489 2.6279729729189634
1490 2.4446752977494337
1491 2.4446752977494337
1492 2.7301292797915213
1493 2.7301292797915213
1494 1.368126422368865
1495 1.368126422368865
1496 2.0830630687585603
1497 2.0830630687585603
1498 1.2490267002495756
1499 1.2490267002495756
1500 3.229074363460258
1501 3.229074363460258
1502 0.6716692346877249
1503 0.6716692346877249
1504 2.141219783770287
1505 2.141219783770287
1506 2.4363520786285964
1507 2.4363520786285964
1508 1.1591465633111542
1509 1.1591465633111542
1510 1.8854392990566948
1511 1.8854392990566948
1512 2.1592360263499697
1513 2.1592360263499697
1514 1.6485721177807757
1515 1.6485721177807757
1516 1.7447409019954572
1517 1.7447409019954572
1518 1.3149825625843126
1519 1.3149825625843126
1520 0.8065770067822391
1521 0.8065770067822391
1522 1.2895573607510569
1523 5.35449318969966
1524 5.35449318969966
1525 2.0803795093876127
1526 2.0803795093876127
1527 1.4412283632657956
1528 1.4412283632657956
1529 2.6063957334633905
1530 2.6063957334633905
1531 4.3967599623716485
1532 4.3967599623716485
1533 4.002375571530488
1534 4.002375571530488
1535 4.555975148404181
1536 4.555975148404181
1537 1.994685064090854
1538 1.994685064090854
1539 1.4210093677397944
1540 1.4210093677397944
1541 4.839783344623331
1542 4.839783344623331
1543 4.536815376551706
1544 4.536815376551706
1545 1.7015478579128103
1546 1.7015478579128103
1547 3.9323999630511266
1548 3.9323999630511266
1549 0.1
1550 0.1
1551 2.728565912765818
1552 2.728565912765818
1553 2.07320068324554
1554 2.07320068324554
1555 5.738821237362648
1556 5.738821237362648
1557 3.6101046169546676
1558 3.6101046169546676
1559 1.296724008085861
1560 1.296724008085861
1561 0.30487289582741894
1562 0.30487289582741894
1563 2.92466412909183
1564 2.92466412909183
1565 3.553268983257596
1566 3.553268983257596
1567 2.190754901892319
1568 2.190754901892319
1569 2.739221333494415
1570 2.739221333494415
1571 3.283484225775341
1572 3.283484225775341
1573 2.4763449085628273
1574 2.4763449085628273
1575 4.004458100793309
1576 4.004458100793309
1577 0.7417642255088666
1578 0.7417642255088666
1579 2.564702398662804
1580 2.564702398662804
1581 1.6192200219878479
1582 1.6192200219878479
1583 3.3049976713436555
1584 3.3049976713436555
1585 3.032906566685308
1586 3.032906566685308
1587 0.9824905922829126
1588 0.9824905922829126
1589 3.322461986644188
1590 3.322461986644188
1591 2.147686122064586
1592 2.147686122064586
1593 3.5752754163722553
1594 3.5752754163722553
1595 4.620113213698619
1596 4.620113213698619
1597 2.737542039408553
1598 2.737542039408553
1599 4.730296513718994
1600 4.730296513718994
1601 5.373937845646912
1602 5.373937845646912
1603 4.752602149813783
1604 4.752602149813783
1605 3.137338208094028
1606 3.137338208094028
1607 3.907099373070129
1608 3.907099373070129
1609 1.7593258147283455
1610 1.7593258147283455
1611 2.221669533396867
1612 2.221669533396867
1613 4.752558871272534
1614 4.752558871272534
1615 2.63945495937546
1616 2.63945495937546
1617 4.18323978530275
1618 4.18323978530275
1619 0.773883520578178
1620 0.773883520578178
1621 2.9354050168138093
1622 2.9354050168138093
1623 0.3584334248901615
1624 0.3584334248901615
1625 0.1
1626 0.1
1627 8.266567055999635
1628 8.266567055999635
1629 4.183123062635156
1630 4.183123062635156
1631 2.8299174962177016
1632 2.8299174962177016
1633 4.838819049596906
1634 4.838819049596906
1635 3.141117284293342
1636 3.141117284293342
1637 3.616104718397742
1638 3.616104718397742
1639 2.376158191396986
1640 2.376158191396986
1641 0.1
1642 0.1
1643 3.766347575792054
1644 3.766347575792054
1645 4.362943651923692
1646 4.362943651923692
1647 5.253860208614585
1648 5.253860208614585
1649 3.376609302917927
1650 3.376609302917927
1651 4.672984769245515
1652 4.672984769245515
1653 3.916132760231879
1654 3.916132760231879
1655 2.7814227139129377
1656 2.7814227139129377
1657 3.6758653102484242
1658 3.6758653102484242
1659 3.06677909405773
1660 3.06677909405773
1661 1.8526524436851095
1662 1.8526524436851095
1663 5.259718142449039
1664 5.259718142449039
1665 0.151369325062233
1666 0.151369325062233
1667 4.367202693701398
1668 4.367202693701398
1669 1.2796089162815303
1670 1.2796089162815303
1671 5.565330809459856
1672 5.565330809459856
1673 2.9733808481817974
1674 2.9733808481817974
1675 3.1139027067480014
1676 3.1139027067480014
1677 6.443159772796108
1678 6.443159772796108
1679 1.2597073705638042
1680 1.2597073705638042
1681 3.6722761516524134
1682 3.6722761516524134
1683 0.5367597220570475
1684 0.5367597220570475
1685 4.12628504854052
1686 5.744058315539656
1687 5.744058315539656
1688 4.632981461438225
1689 4.632981461438225
1690 4.604251819270514
1691 4.604251819270514
1692 2.485202669185737
1693 2.485202669185737
1694 2.248769184179251
1695 2.248769184179251
1696 3.9579419887560827
1697 3.9579419887560827
1698 3.6503512323354657
1699 3.6503512323354657
1700 5.020238594288194
1701 5.020238594288194
1702 4.1163908448009545
1703 4.1163908448009545
1704 4.217348457622199
1705 4.217348457622199
1706 3.1312264517549213
1707 3.1312264517549213
1708 4.1756737699717945
1709 4.1756737699717945
1710 5.212569638171095
1711 5.212569638171095
1712 4.556165878904107
1713 4.556165878904107
1714 5.628008893024696
1715 5.628008893024696
1716 7.175074241509958
1717 7.175074241509958
1718 3.626237876636603
1719 3.626237876636603
1720 4.508681249714661
1721 4.508681249714661
1722 5.510460447556921
1723 5.510460447556921
1724 4.893991131470646
1725 4.893991131470646
1726 2.6929295899096095
1727 2.6929295899096095
1728 5.516639572769076
1729 5.516639572769076
1730 1.2645111360984909
1731 1.2645111360984909
1732 1.2174149085887453
1733 1.2174149085887453
1734 3.6368215060157563
1735 3.6368215060157563
1736 4.5956499094307866
1737 4.5956499094307866
1738 0.1
1739 0.1
1740 7.354196897930105
1741 7.354196897930105
1742 4.0408161488598
1743 4.0408161488598
1744 2.0733357997897324
1745 2.0733357997897324
1746 6.288209734013975
1747 6.288209734013975
1748 2.8989126664999727
1749 2.8989126664999727
1750 4.796138168664961
1751 4.796138168664961
1752 2.371254332754934
1753 2.371254332754934
1754 3.413816638239497
1755 3.413816638239497
1756 5.551518501826743
1757 5.551518501826743
1758 4.804993784202175
1759 4.804993784202175
1760 1.0040082593229385
1761 1.0040082593229385
1762 5.087417888269821
1763 5.087417888269821
1764 6.4295010666807375
1765 6.4295010666807375
1766 4.838032310460554
1767 4.838032310460554
1768 4.7861476447146165
1769 4.7861476447146165
1770 3.5479685483975425
1771 3.5479685483975425
1772 1.7724742123385955
1773 1.7724742123385955
1774 3.033376649311027
1775 3.033376649311027
1776 6.204908187717528
1777 6.204908187717528
1778 3.533623680944744
1779 3.533623680944744
1780 2.9478196367106717
1781 2.9478196367106717
1782 1.4559665909999624
1783 1.4559665909999624
1784 4.825018748260783
1785 4.825018748260783
1786 4.381584567546862
1787 4.381584567546862
1788 5.517670954132976
1789 5.517670954132976
1790 5.360569377438116
1791 5.360569377438116
1792 5.500336363367927
1793 5.500336363367927
1794 3.4014002761372364
1795 3.4014002761372364
1796 0.1
1797 0.1
1798 2.7763517584234156
1799 2.7763517584234156
1800 6.097813290221334
1801 6.097813290221334
1802 4.531127318296032
1803 4.531127318296032
1804 7.195237830330042
1805 7.195237830330042
1806 6.8993430124771375
1807 6.8993430124771375
1808 3.106188223382384
1809 3.106188223382384
1810 6.175715121095006
1811 6.175715121095006
1812 3.8548531114884304
1813 3.8548531114884304
1814 1.4363832427528807
1815 1.4363832427528807
1816 0.1
1817 0.1
1818 4.474817443046529
1819 4.474817443046529
1820 3.0860487602966296
1821 3.0860487602966296
1822 6.293272740223848
1823 6.293272740223848
1824 3.530576573159626
1825 3.530576573159626
1826 6.404359651787988
1827 6.404359651787988
1828 6.357969669759322
1829 6.357969669759322
1830 3.099101479060735
1831 3.099101479060735
1832 1.9942583294711598
1833 1.9942583294711598
1834 2.9825609730591562
1835 2.9825609730591562
1836 4.036161778796167
1837 4.036161778796167
1838 6.673050597838606
1839 6.673050597838606
1840 2.9451836475299915
1841 2.9451836475299915
1842 2.9290465488301116
1843 2.9290465488301116
1844 5.681058324215409
1845 5.681058324215409
1846 7.3869656315359595
1847 7.3869656315359595
1848 4.807045816941236
1849 4.807045816941236
1850 0.1
1851 0.1
1852 2.3721566643033736
1853 2.3721566643033736
1854 2.1280773533920723
1855 2.1280773533920723
1856 1.9034284201764964
1857 1.9034284201764964
1858 6.496813102383334
1859 6.496813102383334
1860 1.2905867545883116
1861 1.2905867545883116
1862 3.9012249003434945
1863 3.9012249003434945
1864 4.525422205822724
1865 4.525422205822724
1866 2.1495378095478364
1867 2.1495378095478364
1868 4.935278606211837
1869 4.935278606211837
1870 6.17675309511255
1871 6.17675309511255
1872 5.18807732471221
1873 5.18807732471221
1874 6.530494199022511
1875 6.530494199022511
1876 2.754829283553433
1877 2.754829283553433
1878 1.0370307818114437
1879 1.0370307818114437
1880 3.9353267379153256
1881 3.9353267379153256
1882 6.07245894738746
1883 6.07245894738746
1884 4.2359213373880715
1885 4.2359213373880715
1886 3.905208815647811
1887 3.905208815647811
1888 0.1
1889 0.1
1890 4.711035398747052
1891 4.711035398747052
1892 4.725732329938017
1893 4.725732329938017
1894 6.347916423892462
1895 6.347916423892462
1896 3.7354543937334324
1897 3.7354543937334324
1898 5.003333732751691
1899 5.003333732751691
1900 4.134540692040697
1901 4.134540692040697
1902 7.485207050813533
1903 7.485207050813533
1904 1.5598182892512629
1905 1.5598182892512629
1906 2.511823025458501
1907 2.511823025458501
1908 3.302001321545267
1909 3.302001321545267
1910 2.6575454268320993
1911 2.6575454268320993
1912 1.8907862159506779
1913 1.8907862159506779
1914 2.6808414629802932
1915 2.6808414629802932
1916 3.634980692673046
1917 3.634980692673046
1918 3.008338484382057
1919 3.008338484382057
1920 3.231977705453377
1921 3.231977705453377
1922 5.523508839610165
1923 5.523508839610165
1924 1.3080849929169935
1925 1.3080849929169935
1926 2.732865860510506
1927 2.732865860510506
1928 1.0564259268680338
1929 1.0564259268680338
1930 3.1449240066989845
1931 3.1449240066989845
1932 3.3730163926231658
1933 3.3730163926231658
1934 0.8492848123836225
1935 0.29661218569351
1936 0.29661218569351
1937 0.5657319334904655
1938 0.5657319334904655
1939 0.1
1940 0.1
1941 0.8919174052989869
1942 0.8919174052989869
1943 0.351177911901567
1944 0.351177911901567
1945 0.38832014141681653
1946 0.38832014141681653
1947 0.3327407194544161
1948 0.3327407194544161
1949 0.790301227662366
1950 0.790301227662366
1951 0.5162697932667661
1952 0.5162697932667661
1953 1.2037179209246098
1954 1.2037179209246098
1955 0.36916690546123315
1956 0.36916690546123315
1957 0.4048904237414886
1958 0.4048904237414886
1959 0.8996177253813362
1960 0.8996177253813362
1961 0.28994929841389233
1962 0.28994929841389233
1963 0.8762242236114398
1964 0.8762242236114398
1965 0.5197438062888052
1966 0.5197438062888052
1967 0.837724644764307
1968 0.837724644764307
1969 0.7587687246783623
1970 0.7587687246783623
1971 0.6471152953849468
1972 0.6471152953849468
1973 1.090877254291275
1974 1.090877254291275
1975 0.5442884362241036
1976 0.5442884362241036
1977 0.7408652554365502
1978 0.7408652554365502
1979 0.8883732974192087
1980 0.8883732974192087
1981 0.4982874289275327
1982 0.4982874289275327
1983 0.7086233649495408
1984 0.7086233649495408
1985 0.5946160157947655
1986 0.5946160157947655
1987 0.9335471054520617
1988 0.9335471054520617
1989 0.24541774666471416
1990 0.24541774666471416
1991 0.7154702717648698
1992 0.7154702717648698
1993 0.1
1994 0.1
1995 0.857499349208569
1996 0.857499349208569
1997 0.45021487875786903
1998 0.45021487875786903
1999 0.6119817225033817
