0 1.0785930429427417
1 1.0785930429427417
2 1.0785930429427417
3 1.2071282437289927
4 1.2071282437289927
5 2.8083701637494265
6 2.8083701637494265
7 1.0064920870634613
8 1.0064920870634613
9 1.0064920870634613
10 1.1076420812561858
11 1.1076420812561858
12 1.1076420812561858
13 1.134620502424085
14 1.134620502424085
15 1.134620502424085
16 1.1118446364032197
17 1.1118446364032197
18 1.1118446364032197
19 1.116964622208077
20 1.116964622208077
21 1.116964622208077
22 1.1428622386387166
23 1.1428622386387166
24 1.1428622386387166
25 1.1860034171256908
26 1.1860034171256908
27 1.1860034171256908
28 1.0139184623103177
29 1.0139184623103177
30 0.1882388601173447
31 0.1882388601173447
32 0.1882388601173447
33 0.19460315682287177
34 0.19460315682287177
35 0.19460315682287177
36 0.19127249827423848
37 0.19127249827423848
38 0.19127249827423848
39 0.19476807955150469
40 0.19476807955150469
41 0.19476807955150469
42 0.20435125293689804
43 0.20435125293689804
44 0.20435125293689804
45 0.19000974230113965
46 0.19000974230113965
47 0.19000974230113965
48 0.21094796750740796
49 0.21094796750740796
50 0.21094796750740796
51 0.19259177813028638
52 0.19259177813028638
53 0.19259177813028638
54 0.19998449216753567
55 0.19998449216753567
56 0.19998449216753567
57 0.18975023608248656
58 0.18975023608248656
59 0.18975023608248656
60 0.21129605477925312
61 0.21129605477925312
62 0.21129605477925312
63 0.19561022799673777
64 0.19561022799673777
65 2.1116339160040565
66 2.1116339160040565
67 2.1116339160040565
68 2.031179320746314
69 2.031179320746314
70 2.031179320746314
71 2.2071022408003595
72 2.2071022408003595
73 2.2071022408003595
74 1.8841655410340923
75 1.8841655410340923
76 1.8841655410340923
77 2.0141353328904996
78 2.0141353328904996
79 2.0141353328904996
80 1.930415346033679
81 1.930415346033679
82 1.930415346033679
83 2.0557086980099606
84 2.0557086980099606
85 2.0557086980099606
86 1.974036881606926
87 1.974036881606926
88 1.974036881606926
89 2.0618341576359973
90 2.0618341576359973
91 2.0618341576359973
92 1.9359398639926186
93 1.9359398639926186
94 1.9359398639926186
95 2.201840994581115
96 2.201840994581115
97 2.201840994581115
98 1.9377578779768763
99 1.9377578779768763
100 1.9377578779768763
101 2.1020131461840115
102 2.1020131461840115
103 2.1020131461840115
104 2.1415672402054637
105 2.1415672402054637
106 2.1415672402054637
107 1.9946934473802638
108 1.9946934473802638
109 1.9946934473802638
110 1.971751077368308
111 1.971751077368308
112 1.971751077368308
113 2.1376219694250054
114 2.1376219694250054
115 2.1376219694250054
116 2.0576998257984624
117 2.0576998257984624
118 2.0576998257984624
119 1.8711866927836902
120 1.8711866927836902
121 1.8711866927836902
122 2.0425087370556203
123 2.0425087370556203
124 2.0425087370556203
125 3.9117966754153977
126 3.9117966754153977
127 3.9117966754153977
128 3.808678854298397
129 3.808678854298397
130 3.808678854298397
131 4.0753269552188565
132 4.0753269552188565
133 4.0753269552188565
134 3.8283220056400142
135 3.8283220056400142
136 3.8283220056400142
137 4.303831065436739
138 4.303831065436739
139 4.303831065436739
140 3.8043207662909957
141 3.8043207662909957
142 3.8043207662909957
143 3.343612621211511
144 3.343612621211511
145 3.343612621211511
146 3.358512115911051
147 3.358512115911051
148 3.358512115911051
149 3.660727282120367
150 3.660727282120367
151 3.660727282120367
152 4.348535348720622
153 4.348535348720622
154 4.348535348720622
155 3.9492288848752266
156 3.9492288848752266
157 3.9492288848752266
158 3.9369599752163515
159 3.9369599752163515
160 3.9369599752163515
161 3.9720009981936863
162 3.9720009981936863
163 3.9720009981936863
164 3.86265400199376
165 3.86265400199376
166 3.86265400199376
167 4.023281051181821
168 4.023281051181821
169 4.023281051181821
170 4.352283042944431
171 4.352283042944431
172 4.352283042944431
173 4.16303199150889
174 4.16303199150889
175 4.16303199150889
176 3.7175221174750197
177 3.7175221174750197
178 3.7175221174750197
179 3.9576693691344933
180 3.9576693691344933
181 3.9576693691344933
182 0.6799600753232564
183 0.6799600753232564
184 2.2168535072565563
185 2.2168535072565563
186 2.2168535072565563
187 2.1417350420084014
188 2.1417350420084014
189 2.1417350420084014
190 2.0439802033242023
191 2.0439802033242023
192 2.0439802033242023
193 2.208748162246027
194 2.208748162246027
195 2.208748162246027
196 1.9610374564802495
197 1.9610374564802495
198 1.9610374564802495
199 2.0845028347177776
200 2.0845028347177776
201 2.0845028347177776
202 1.9734842163548156
203 1.9734842163548156
204 1.9734842163548156
205 2.1403708547965365
206 2.1403708547965365
207 2.1403708547965365
208 1.9754113866130694
209 1.9754113866130694
210 1.9754113866130694
211 2.336679302928914
212 2.336679302928914
213 2.336679302928914
214 2.0749658997117755
215 2.0749658997117755
216 2.0749658997117755
217 1.935088944500374
218 1.935088944500374
219 1.935088944500374
220 2.000704772844646
221 2.000704772844646
222 2.000704772844646
223 2.172697113707912
224 2.172697113707912
225 2.172697113707912
226 2.316428477709753
227 2.316428477709753
228 2.316428477709753
229 2.0695722096744373
230 2.0695722096744373
231 2.0695722096744373
232 2.0694486221342503
233 2.0694486221342503
234 2.0694486221342503
235 1.9681422200011238
236 1.9681422200011238
237 1.9681422200011238
238 1.8473308370081962
239 1.8473308370081962
240 1.8473308370081962
241 1.937568858688885
242 1.937568858688885
243 1.937568858688885
244 1.8737270738340572
245 1.8737270738340572
246 1.8737270738340572
247 2.1452893643745137
248 2.1452893643745137
249 2.1452893643745137
250 1.832447746599412
251 1.832447746599412
252 1.832447746599412
253 2.057204963820944
254 2.057204963820944
255 2.057204963820944
256 2.098927752472109
257 2.098927752472109
258 2.098927752472109
259 2.4206345082838387
260 2.4206345082838387
261 2.4206345082838387
262 2.432258039704188
263 2.432258039704188
264 2.432258039704188
265 2.368890168901286
266 2.368890168901286
267 2.368890168901286
268 2.6998341265863415
269 2.6998341265863415
270 2.6998341265863415
271 2.4306615371209315
272 2.4306615371209315
273 2.4306615371209315
274 2.3968412214813335
275 2.3968412214813335
276 2.3968412214813335
277 2.6482004861118638
278 2.6482004861118638
279 2.6482004861118638
280 2.630458967035794
281 2.630458967035794
282 2.630458967035794
283 2.2831947796968235
284 2.2831947796968235
285 2.2831947796968235
286 2.5195361831281247
287 2.5195361831281247
288 2.5195361831281247
289 2.5592948541604454
290 2.5592948541604454
291 2.5592948541604454
292 2.3363071288185924
293 2.3363071288185924
294 2.3363071288185924
295 2.2414529316998917
296 2.2414529316998917
297 2.2414529316998917
298 2.378476326515753
299 2.378476326515753
300 2.378476326515753
301 2.505616344709146
302 2.505616344709146
303 2.505616344709146
304 2.400359784395179
305 2.400359784395179
306 2.400359784395179
307 2.461715893493844
308 2.461715893493844
309 3.2652590100470973
310 3.2652590100470973
311 3.2652590100470973
312 3.146542153268918
313 3.146542153268918
314 3.146542153268918
315 3.740738521297277
316 3.740738521297277
317 3.740738521297277
318 3.4028125342846587
319 3.4028125342846587
320 3.4028125342846587
321 3.5098806733061827
322 3.5098806733061827
323 3.5098806733061827
324 3.721020410116117
325 3.721020410116117
326 3.721020410116117
327 3.1977169626065782
328 3.1977169626065782
329 3.1977169626065782
330 3.3398015443378815
331 3.3398015443378815
332 3.3398015443378815
333 3.4045528091873067
334 3.4045528091873067
335 3.4045528091873067
336 2.94741449709893
337 2.94741449709893
338 2.94741449709893
339 3.2959514551816613
340 3.2959514551816613
341 3.2959514551816613
342 3.299618217744432
343 3.299618217744432
344 3.299618217744432
345 3.648941145261155
346 3.648941145261155
347 3.648941145261155
348 3.586967319490246
349 3.586967319490246
350 3.586967319490246
351 3.495708775326144
352 0.6410030007707512
353 0.6410030007707512
354 0.6410030007707512
355 0.6680523456413022
356 0.6680523456413022
357 0.6680523456413022
358 0.700922977855761
359 0.700922977855761
360 0.700922977855761
361 0.6940234881814393
362 0.6940234881814393
363 0.6940234881814393
364 0.7375162525141203
365 0.7375162525141203
366 0.7375162525141203
367 0.744965187371826
368 0.744965187371826
369 0.744965187371826
370 0.5884474197844354
371 0.5884474197844354
372 0.5884474197844354
373 2.9738580148622247
374 2.9738580148622247
375 2.9738580148622247
376 3.0553350870716964
377 3.0553350870716964
378 3.40918040413866
379 3.40918040413866
380 3.40918040413866
381 3.6111710453714005
382 3.6111710453714005
383 3.6111710453714005
384 3.2958757014318336
385 3.2958757014318336
386 3.2958757014318336
387 3.1227116563079798
388 3.1227116563079798
389 3.1227116563079798
390 3.3634992254990634
391 3.3634992254990634
392 3.3634992254990634
393 3.4046823418655303
394 3.4046823418655303
395 3.4046823418655303
396 3.2256223452978827
397 1.0062710895730096
398 1.0062710895730096
399 1.0062710895730096
400 1.1487004394192124
401 1.1487004394192124
402 3.275386364261262
403 3.275386364261262
404 3.275386364261262
405 3.2238603109355504
406 3.2238603109355504
407 3.2238603109355504
408 3.487190594968118
409 3.487190594968118
410 3.487190594968118
411 3.4348368990781597
412 3.4348368990781597
413 2.071885315964076
414 2.071885315964076
415 2.071885315964076
416 2.13674723753591
417 2.13674723753591
418 2.13674723753591
419 1.8166783285243315
420 1.8166783285243315
421 1.8166783285243315
422 2.1889261389506705
423 2.1889261389506705
424 2.1889261389506705
425 1.972125920653227
426 1.972125920653227
427 1.972125920653227
428 2.149169273993212
429 2.149169273993212
430 2.149169273993212
431 2.0848873882912904
432 2.0848873882912904
433 2.0848873882912904
434 2.1418753241366035
435 2.1418753241366035
436 2.1418753241366035
437 1.9288659075910686
438 1.9288659075910686
439 1.9288659075910686
440 1.9827754086615075
441 1.9827754086615075
442 1.9827754086615075
443 1.977856542331428
444 1.977856542331428
445 1.977856542331428
446 2.1139895975568446
447 0.709075771655767
448 0.709075771655767
449 0.709075771655767
450 0.680871899466034
451 0.680871899466034
452 0.680871899466034
453 0.5769584323519092
454 0.5769584323519092
455 0.5769584323519092
456 0.6866649632517565
457 0.6866649632517565
458 0.6866649632517565
459 0.6186548574514146
460 0.6186548574514146
461 0.6186548574514146
462 0.628130962096263
463 0.628130962096263
464 0.628130962096263
465 0.66984356626202
466 0.66984356626202
467 0.66984356626202
468 0.6761687909815199
469 0.6761687909815199
470 0.6761687909815199
471 0.6345296616803364
472 0.6345296616803364
473 0.6345296616803364
474 0.7239630896932925
475 0.7239630896932925
476 0.7239630896932925
477 0.6914785846269639
478 0.6914785846269639
479 0.6914785846269639
480 0.6759507765053455
481 0.6759507765053455
482 0.6759507765053455
483 0.5927962759372817
484 0.5927962759372817
485 0.5927962759372817
486 0.6953936455860372
487 0.6953936455860372
488 0.6953936455860372
489 3.6265980845559476
490 3.6265980845559476
491 3.6265980845559476
492 3.4539577484370625
493 3.4539577484370625
494 3.4539577484370625
495 3.2050381096828198
496 0.6715280410274881
497 0.6715280410274881
498 1.485190986007078
499 1.485190986007078
500 1.485190986007078
501 1.6113588775403327
502 1.6113588775403327
503 1.6113588775403327
504 1.6174646258437728
505 1.6174646258437728
506 1.6174646258437728
507 1.677714567390891
508 1.677714567390891
509 1.677714567390891
510 1.6894539284608558
511 1.6894539284608558
512 1.6894539284608558
513 1.5632400622643294
514 1.5632400622643294
515 1.5632400622643294
516 1.5682580459711128
517 1.5682580459711128
518 1.5682580459711128
519 1.6032816776095904
520 1.6032816776095904
521 1.6032816776095904
522 1.425685476799457
523 1.425685476799457
524 1.425685476799457
525 1.4639910048038807
526 1.4639910048038807
527 1.4639910048038807
528 1.5534273572800668
529 1.5534273572800668
530 1.5534273572800668
531 1.5792856196355811
532 1.5792856196355811
533 1.5792856196355811
534 1.5472501287548852
535 1.5472501287548852
536 1.5472501287548852
537 1.5242483237824838
538 1.5242483237824838
539 1.5242483237824838
540 1.6227353504664694
541 1.6227353504664694
542 1.6227353504664694
543 1.5953004594466427
544 1.5953004594466427
545 1.5953004594466427
546 1.446006952291606
547 1.446006952291606
548 1.446006952291606
549 1.381532800558475
550 1.381532800558475
551 1.381532800558475
552 1.5903370140485127
553 1.5903370140485127
554 1.5903370140485127
555 1.5471521161477544
556 1.5471521161477544
557 1.5471521161477544
558 1.6003097111550855
559 3.49270637775191
560 3.49270637775191
561 3.49270637775191
562 2.6116454627828447
563 2.6116454627828447
564 2.6116454627828447
565 2.367906619549966
566 2.367906619549966
567 2.367906619549966
568 2.576804906603644
569 2.576804906603644
570 1.534063759179848
571 1.534063759179848
572 1.534063759179848
573 0.19966514494624196
574 0.19966514494624196
575 0.19966514494624196
576 0.18497701310649348
577 0.18497701310649348
578 0.18497701310649348
579 0.2069923894012123
580 0.2069923894012123
581 0.2069923894012123
582 2.505884888323297
583 2.505884888323297
584 2.505884888323297
585 2.950295904609404
586 2.950295904609404
587 2.950295904609404
588 2.7285169698572913
589 2.7285169698572913
590 2.7285169698572913
591 2.9401989049697783
592 2.9401989049697783
593 2.9401989049697783
594 2.83502563341642
595 2.83502563341642
596 2.83502563341642
597 2.7740390690368977
598 2.7740390690368977
599 2.7740390690368977
600 3.1750542062386553
601 3.1750542062386553
602 3.1750542062386553
603 2.7874019199894704
604 2.7874019199894704
605 2.7874019199894704
606 2.9281656801890183
607 2.9281656801890183
608 2.9281656801890183
609 3.0076669232370667
610 3.0076669232370667
611 3.0076669232370667
612 2.8168003627792793
613 2.8168003627792793
614 2.8168003627792793
615 2.944100900933171
616 2.944100900933171
617 2.944100900933171
618 3.1013600627384985
619 3.1013600627384985
620 3.1013600627384985
621 3.015146023428569
622 3.015146023428569
623 3.015146023428569
624 2.826689055611388
625 2.826689055611388
626 2.826689055611388
627 2.9622844315170656
628 2.9622844315170656
629 2.9622844315170656
630 2.8708280157409027
631 2.8708280157409027
632 2.8708280157409027
633 2.977740304442046
634 1.0558680478284963
635 1.0558680478284963
636 1.0558680478284963
637 1.1941957843849853
638 1.1941957843849853
639 1.1941957843849853
640 1.026250223130545
641 1.026250223130545
642 1.026250223130545
643 1.1711508915689446
644 1.1711508915689446
645 1.1711508915689446
646 1.1466424390288714
647 1.1466424390288714
648 1.1466424390288714
649 3.4537270639527002
650 3.4537270639527002
651 3.4537270639527002
652 3.303883709458887
653 3.303883709458887
654 3.303883709458887
655 3.2325788064971066
656 3.2325788064971066
657 3.2325788064971066
658 3.3596957882866536
659 3.3596957882866536
660 3.3596957882866536
661 3.2093810289410425
662 3.2093810289410425
663 3.2093810289410425
664 3.28769292868052
665 3.28769292868052
666 3.28769292868052
667 3.644001107868176
668 3.644001107868176
669 3.644001107868176
670 3.6083177031054774
671 3.6083177031054774
672 3.6083177031054774
673 3.145880224288032
674 3.145880224288032
675 3.145880224288032
676 3.2751224766130234
677 3.2751224766130234
678 3.2751224766130234
679 3.2654258755138517
680 3.2654258755138517
681 3.2654258755138517
682 3.3543157780258186
683 3.3543157780258186
684 3.3543157780258186
685 3.440224600163768
686 3.440224600163768
687 3.440224600163768
688 3.326900456355826
689 3.326900456355826
690 3.326900456355826
691 3.1381350642254078
692 3.1381350642254078
693 3.1381350642254078
694 3.7292557281847643
695 3.7292557281847643
696 3.7292557281847643
697 3.571473542807916
698 3.571473542807916
699 3.571473542807916
700 3.3021148902275623
701 3.3021148902275623
702 3.3021148902275623
703 3.2253368886662255
704 3.2253368886662255
705 3.2253368886662255
706 2.101423692440188
707 2.101423692440188
708 2.101423692440188
709 2.066861843332256
710 2.066861843332256
711 2.066861843332256
712 1.9572827780579782
713 1.9572827780579782
714 1.9572827780579782
715 2.0311649305373924
716 2.0311649305373924
717 2.0311649305373924
718 2.0266783153950922
719 2.0266783153950922
720 2.0266783153950922
721 1.9609556062410947
722 1.9609556062410947
723 1.5041063000826005
724 1.5041063000826005
725 1.5041063000826005
726 1.4704069437418263
727 1.4704069437418263
728 1.4704069437418263
729 1.4509735674261948
730 1.4509735674261948
731 1.4509735674261948
732 1.3888525669275058
733 1.3888525669275058
734 1.3888525669275058
735 1.5789629764042181
736 1.5789629764042181
737 1.5789629764042181
738 1.668470384617355
739 1.668470384617355
740 1.668470384617355
741 1.386434584805649
742 1.386434584805649
743 1.386434584805649
744 1.6399020391724508
745 1.6399020391724508
746 1.6399020391724508
747 1.5607221403954017
748 1.5607221403954017
749 1.5607221403954017
750 1.5879442610499166
751 1.5879442610499166
752 1.5879442610499166
753 1.4813019526786706
754 1.4813019526786706
755 1.4813019526786706
756 1.6978508116555864
757 1.6978508116555864
758 1.6978508116555864
759 1.6099528873227933
760 1.6099528873227933
761 1.6099528873227933
762 1.4643406368730727
763 1.4643406368730727
764 1.4643406368730727
765 1.6154707958659507
766 1.6154707958659507
767 1.6154707958659507
768 1.5732439521087078
769 1.5732439521087078
770 1.5732439521087078
771 1.5410243605801148
772 1.5410243605801148
773 1.5410243605801148
774 1.6548904248089522
775 1.6548904248089522
776 1.6548904248089522
777 1.565574894159923
778 1.565574894159923
779 1.565574894159923
780 1.5326861966785503
781 1.5326861966785503
782 3.7897359042305774
783 3.7897359042305774
784 3.7897359042305774
785 3.924004053302195
786 3.924004053302195
787 3.924004053302195
788 3.6559046101137476
789 3.6559046101137476
790 3.6559046101137476
791 3.7899737000267066
792 3.7899737000267066
793 2.1786304836882056
794 2.1786304836882056
795 2.1786304836882056
796 1.9161435009038277
797 1.9161435009038277
798 1.9161435009038277
799 1.9477670318903675
800 1.9477670318903675
801 1.9477670318903675
802 2.1224436987939788
803 2.1224436987939788
804 2.1224436987939788
805 0.20734608789013764
806 0.20734608789013764
807 0.20734608789013764
808 0.1914709972466067
809 1.4701748260389251
810 1.4701748260389251
811 1.4701748260389251
812 1.4250400876366534
813 1.4250400876366534
814 1.4250400876366534
815 1.5737058434931221
816 1.5737058434931221
817 1.5737058434931221
818 1.617431356559651
819 1.617431356559651
820 1.617431356559651
821 1.6206089223193503
822 1.6206089223193503
823 1.6206089223193503
824 1.6304566785326309
825 1.6304566785326309
826 1.6304566785326309
827 1.5645941281291824
828 1.5645941281291824
829 1.5645941281291824
830 1.531606735566723
831 1.531606735566723
832 1.531606735566723
833 1.5816434353639395
834 1.5816434353639395
835 1.5816434353639395
836 1.6369867703548948
837 1.6369867703548948
838 1.6369867703548948
839 1.6715676147236083
840 1.6715676147236083
841 1.6715676147236083
842 1.6435289009206815
843 3.796555889933278
844 3.796555889933278
845 3.796555889933278
846 3.678904272456496
847 3.678904272456496
848 3.678904272456496
849 3.5124113907293775
850 3.5124113907293775
851 3.5124113907293775
852 4.213124684586469
853 4.213124684586469
854 4.213124684586469
855 3.8974223135258725
856 3.8974223135258725
857 3.8974223135258725
858 3.493789206635613
859 3.493789206635613
860 3.493789206635613
861 3.821982261690103
862 3.821982261690103
863 3.821982261690103
864 3.961093507049647
865 3.961093507049647
866 3.961093507049647
867 3.598982603659835
868 3.598982603659835
869 3.598982603659835
870 3.986194869020478
871 3.986194869020478
872 3.986194869020478
873 3.709195604716676
874 3.709195604716676
875 3.709195604716676
876 4.178127501803667
877 4.178127501803667
878 4.178127501803667
879 4.380651345374051
880 4.380651345374051
881 4.380651345374051
882 3.797782602196268
883 3.797782602196268
884 3.797782602196268
885 3.6795281433862543
886 3.6795281433862543
887 3.6795281433862543
888 3.995124291425197
889 3.995124291425197
890 3.995124291425197
891 4.0608951725764175
892 4.0608951725764175
893 4.0608951725764175
894 3.256046240936932
895 3.256046240936932
896 3.256046240936932
897 2.777836135770692
898 2.777836135770692
899 2.777836135770692
900 3.0494479430501285
901 0.6715031335130516
902 0.6715031335130516
903 0.6715031335130516
904 0.6562781860104998
905 0.6562781860104998
906 0.6562781860104998
907 0.6771235886567232
908 0.6771235886567232
909 0.6771235886567232
910 0.6294159696288826
911 0.6294159696288826
912 0.6294159696288826
913 0.6876912227101455
914 0.6876912227101455
915 0.6876912227101455
916 0.6958515560700288
917 4.053052909425032
918 4.053052909425032
919 4.053052909425032
920 3.850214063409953
921 3.850214063409953
922 3.850214063409953
923 4.016788876794988
924 4.016788876794988
925 4.016788876794988
926 3.6671133769850983
927 3.6671133769850983
928 3.6671133769850983
929 3.686509812670452
930 3.686509812670452
931 3.686509812670452
932 3.862897686105007
933 3.862897686105007
934 3.862897686105007
935 3.8233888580874646
936 3.8233888580874646
937 3.8233888580874646
938 2.0388488818690913
939 2.0388488818690913
940 2.0388488818690913
941 1.9961506356273648
942 1.9961506356273648
943 1.9961506356273648
944 2.060578286290704
945 0.21185255931027433
946 1.5157259792659483
947 1.5157259792659483
948 1.5157259792659483
949 1.482271854890441
950 1.482271854890441
951 1.482271854890441
952 1.674446292338261
953 1.674446292338261
954 1.674446292338261
955 1.6346985708293376
956 1.6346985708293376
957 1.6346985708293376
958 1.5443907917087418
959 1.5443907917087418
960 1.5443907917087418
961 1.4328492465997305
962 1.4328492465997305
963 1.4328492465997305
964 1.4141191594950127
965 1.4141191594950127
966 1.4141191594950127
967 1.6513850356694317
968 1.6513850356694317
969 1.6513850356694317
970 1.5169917588355872
971 1.5169917588355872
972 1.5169917588355872
973 1.5490846703883885
974 1.5490846703883885
975 1.5490846703883885
976 1.3417196822829394
977 1.3417196822829394
978 1.3417196822829394
979 1.4160904778646524
980 1.4160904778646524
981 1.4160904778646524
982 1.6023519754413722
983 1.6023519754413722
984 1.6023519754413722
985 1.5230420075547002
986 1.5230420075547002
987 1.5230420075547002
988 1.482595541784641
989 1.482595541784641
990 1.482595541784641
991 1.6165017145187803
992 1.6165017145187803
993 1.6165017145187803
994 1.3935018097032654
995 1.3935018097032654
996 1.3935018097032654
997 1.6773180365687177
998 1.6773180365687177
999 3.7532501823338476
1000 3.7532501823338476
1001 3.7532501823338476
1002 3.934214727326765
1003 3.934214727326765
1004 3.934214727326765
1005 4.071648209291071
1006 4.071648209291071
1007 4.071648209291071
1008 3.6594603580177587
1009 3.6594603580177587
1010 3.6594603580177587
1011 3.5709570011799983
1012 3.5709570011799983
1013 3.5709570011799983
1014 3.946665225323145
1015 3.946665225323145
1016 3.946665225323145
1017 3.644266786659128
1018 3.644266786659128
1019 3.644266786659128
1020 3.8302221928562297
1021 3.8302221928562297
1022 3.8302221928562297
1023 4.0514559930023735
1024 4.0514559930023735
1025 4.0514559930023735
1026 3.842629113819137
1027 3.842629113819137
1028 3.842629113819137
1029 3.9438469535854983
1030 3.9438469535854983
1031 3.9438469535854983
1032 4.195570099805292
1033 4.195570099805292
1034 4.195570099805292
1035 3.547960688546891
1036 3.547960688546891
1037 3.547960688546891
1038 3.872187572347793
1039 3.872187572347793
1040 3.872187572347793
1041 3.8335119874335555
1042 3.007581740058753
1043 3.007581740058753
1044 3.007581740058753
1045 3.253519588797647
1046 3.253519588797647
1047 3.253519588797647
1048 3.3150058358445778
1049 3.3150058358445778
1050 3.3150058358445778
1051 3.122075517503572
1052 3.122075517503572
1053 3.122075517503572
1054 3.1692915813051985
1055 3.1692915813051985
1056 3.1692915813051985
1057 3.665062021137388
1058 3.665062021137388
1059 3.665062021137388
1060 3.3862792147279874
1061 3.3862792147279874
1062 3.3862792147279874
1063 3.606779868688483
1064 3.606779868688483
1065 3.606779868688483
1066 3.607212626202014
1067 3.607212626202014
1068 3.607212626202014
1069 3.486253813528788
1070 3.486253813528788
1071 3.486253813528788
1072 3.1309137063739376
1073 3.1309137063739376
1074 3.1309137063739376
1075 3.4794583712853027
1076 3.4794583712853027
1077 3.4794583712853027
1078 3.141603932382605
1079 3.141603932382605
1080 3.141603932382605
1081 3.5993667226819324
1082 3.5993667226819324
1083 3.5993667226819324
1084 3.583706148900308
1085 3.583706148900308
1086 3.583706148900308
1087 3.282473966343471
1088 3.282473966343471
1089 3.282473966343471
1090 3.7615709411468154
1091 3.7615709411468154
1092 3.7615709411468154
1093 3.3839706523259587
1094 3.3839706523259587
1095 3.3839706523259587
1096 3.2320880040916116
1097 3.2320880040916116
1098 3.2320880040916116
1099 3.277772455693301
1100 3.277772455693301
1101 3.277772455693301
1102 3.3187685739866266
1103 3.3187685739866266
1104 3.3187685739866266
1105 3.332306364006779
1106 3.332306364006779
1107 3.332306364006779
1108 3.403302775288538
1109 3.403302775288538
1110 3.403302775288538
1111 3.2376663559514616
1112 3.2376663559514616
1113 3.2376663559514616
1114 3.4271109544058076
1115 3.4271109544058076
1116 3.4271109544058076
1117 3.3539254592424372
1118 3.3539254592424372
1119 3.3539254592424372
1120 3.410879412604101
1121 3.410879412604101
1122 3.410879412604101
1123 3.2470908201222937
1124 3.2470908201222937
1125 3.2470908201222937
1126 3.6131608179783803
1127 3.6131608179783803
1128 3.6131608179783803
1129 3.4080160957109658
1130 3.4080160957109658
1131 3.4080160957109658
1132 3.3474668333977675
1133 3.3474668333977675
1134 3.3474668333977675
1135 3.491896864750295
1136 3.491896864750295
1137 3.491896864750295
1138 3.5119412019645107
1139 3.5119412019645107
1140 3.5119412019645107
1141 3.360561142657083
1142 2.4783312120760446
1143 2.4783312120760446
1144 2.4783312120760446
1145 2.3380449303782327
1146 2.3380449303782327
1147 2.3380449303782327
1148 2.1815614333607956
1149 2.1815614333607956
1150 2.1815614333607956
1151 2.3957999936265604
1152 2.3957999936265604
1153 2.3957999936265604
1154 2.6775631847887382
1155 2.6775631847887382
1156 2.6775631847887382
1157 2.434442962411142
1158 2.434442962411142
1159 2.434442962411142
1160 2.4540382645637497
1161 2.4540382645637497
1162 2.4540382645637497
1163 2.5354652188907107
1164 2.5354652188907107
1165 2.5354652188907107
1166 2.800172650011783
1167 2.800172650011783
1168 2.800172650011783
1169 2.3105079793575096
1170 2.3105079793575096
1171 2.3105079793575096
1172 2.4768120544539567
1173 2.4768120544539567
1174 2.4768120544539567
1175 2.328122185080157
1176 2.328122185080157
1177 2.328122185080157
1178 2.4275282864613827
1179 2.4275282864613827
1180 1.974199410481821
1181 1.974199410481821
1182 1.974199410481821
1183 2.0057984711673016
1184 2.0057984711673016
1185 2.0057984711673016
1186 1.9283677078709283
1187 1.9283677078709283
1188 1.9283677078709283
1189 2.016047287990411
1190 2.016047287990411
1191 2.016047287990411
1192 2.069382535868807
1193 2.069382535868807
1194 2.069382535868807
1195 2.0596059691727007
1196 2.0596059691727007
1197 2.0596059691727007
1198 1.826763398980968
1199 1.826763398980968
1200 1.826763398980968
1201 1.9794183483758963
1202 1.9794183483758963
1203 1.9794183483758963
1204 2.0041849656445594
1205 2.0041849656445594
1206 2.0041849656445594
1207 2.1169322636260124
1208 2.1169322636260124
1209 2.1169322636260124
1210 2.0528090187346146
1211 2.0528090187346146
1212 2.0528090187346146
1213 1.9665231497467712
1214 1.9665231497467712
1215 1.9665231497467712
1216 1.9839604923062724
1217 1.9839604923062724
1218 1.9839604923062724
1219 2.0814658434861313
1220 2.0814658434861313
1221 2.0814658434861313
1222 2.187896522588187
1223 2.187896522588187
1224 2.187896522588187
1225 2.159473690391412
1226 2.159473690391412
1227 0.6761770708391002
1228 0.6761770708391002
1229 0.6761770708391002
1230 0.6606147456571493
1231 0.6606147456571493
1232 0.6606147456571493
1233 0.6418631426369087
1234 2.4466759773193987
1235 2.4466759773193987
1236 2.4466759773193987
1237 2.608638659903886
1238 2.608638659903886
1239 2.608638659903886
1240 2.5961567584732546
1241 2.5961567584732546
1242 2.5961567584732546
1243 2.451041647851601
1244 2.451041647851601
1245 2.451041647851601
1246 2.448789989474202
1247 2.448789989474202
1248 2.448789989474202
1249 2.384184250885405
1250 2.384184250885405
1251 2.384184250885405
1252 2.3383520249145198
1253 2.3383520249145198
1254 2.3383520249145198
1255 2.4926107138926805
1256 2.4926107138926805
1257 2.4926107138926805
1258 2.459325099060162
1259 2.459325099060162
1260 2.459325099060162
1261 2.5382019352193126
1262 2.5382019352193126
1263 2.5382019352193126
1264 2.7042535262530834
1265 2.7042535262530834
1266 2.7042535262530834
1267 2.693764511388076
1268 2.693764511388076
1269 2.693764511388076
1270 2.4689539513907537
1271 2.4689539513907537
1272 2.4689539513907537
1273 2.4052443902274665
1274 2.4052443902274665
1275 2.4052443902274665
1276 1.8714325848383295
1277 1.8714325848383295
1278 1.8714325848383295
1279 2.014185946006663
1280 2.014185946006663
1281 2.014185946006663
1282 1.8244605846535098
1283 1.8244605846535098
1284 1.8244605846535098
1285 2.19271774478035
1286 2.19271774478035
1287 2.19271774478035
1288 2.1783540873124245
1289 2.1783540873124245
1290 2.1783540873124245
1291 2.080354666469726
1292 2.080354666469726
1293 2.080354666469726
1294 1.9686543759670643
1295 1.9686543759670643
1296 1.9686543759670643
1297 1.7626467399104169
1298 1.7626467399104169
1299 1.7626467399104169
1300 2.092382352727608
1301 2.092382352727608
1302 2.092382352727608
1303 2.152324057890934
1304 2.152324057890934
1305 2.152324057890934
1306 1.9881250889180142
1307 1.9881250889180142
1308 1.9881250889180142
1309 1.7718188171126228
1310 1.7718188171126228
1311 1.7718188171126228
1312 1.9556869873407094
1313 1.9556869873407094
1314 1.9556869873407094
1315 2.0172775477011626
1316 2.0172775477011626
1317 2.0172775477011626
1318 2.064155615335931
1319 2.064155615335931
1320 2.064155615335931
1321 1.972953841106281
1322 1.972953841106281
1323 1.972953841106281
1324 2.0436697391532177
1325 2.0436697391532177
1326 2.0436697391532177
1327 1.9225346221061808
1328 1.9225346221061808
1329 1.9225346221061808
1330 2.0900509782450247
1331 2.0900509782450247
1332 2.0900509782450247
1333 2.040308359485379
1334 2.040308359485379
1335 2.040308359485379
1336 1.9445854879809377
1337 1.9445854879809377
1338 1.9445854879809377
1339 2.217553602880224
1340 3.1205857217943884
1341 3.1205857217943884
1342 3.1205857217943884
1343 2.7647472288841266
1344 2.7647472288841266
1345 2.7647472288841266
1346 2.907043448931498
1347 2.907043448931498
1348 2.907043448931498
1349 2.593373937868375
1350 2.593373937868375
1351 2.593373937868375
1352 3.1131553439579833
1353 3.1131553439579833
1354 3.1131553439579833
1355 2.8417848302727413
1356 2.8417848302727413
1357 2.8417848302727413
1358 2.9529941322729525
1359 2.9529941322729525
1360 2.9529941322729525
1361 3.0756915764354513
1362 3.0756915764354513
1363 3.0756915764354513
1364 2.882741350689969
1365 2.882741350689969
1366 2.882741350689969
1367 2.9797939622643583
1368 2.9797939622643583
1369 2.9797939622643583
1370 2.9825243848974585
1371 2.9825243848974585
1372 2.9825243848974585
1373 2.858116600244866
1374 2.858116600244866
1375 2.858116600244866
1376 2.8874549091275497
1377 2.8874549091275497
1378 2.8874549091275497
1379 1.1188302344607346
1380 1.1188302344607346
1381 1.1188302344607346
1382 1.0514831047226625
1383 1.0514831047226625
1384 1.0514831047226625
1385 1.1260964676851704
1386 1.1260964676851704
1387 1.1260964676851704
1388 1.1365141695254974
1389 1.1365141695254974
1390 1.1365141695254974
1391 1.0779035567454651
1392 1.0779035567454651
1393 1.0779035567454651
1394 1.1095361671213626
1395 1.946550859692088
1396 1.946550859692088
1397 1.946550859692088
1398 1.9112044132379176
1399 1.9112044132379176
1400 1.9112044132379176
1401 2.1375614609691445
1402 2.1375614609691445
1403 2.1375614609691445
1404 2.000245246800399
1405 2.000245246800399
1406 2.000245246800399
1407 1.916998983440624
1408 1.916998983440624
1409 1.916998983440624
1410 2.1684803518076317
1411 2.1684803518076317
1412 2.1684803518076317
1413 1.9243192338586472
1414 1.9243192338586472
1415 1.9243192338586472
1416 1.915204527805817
1417 1.915204527805817
1418 1.915204527805817
1419 1.8375828180025673
1420 1.8375828180025673
1421 1.8375828180025673
1422 1.7425026678978002
1423 1.7425026678978002
1424 1.7425026678978002
1425 1.8936684357466214
1426 1.8936684357466214
1427 1.8936684357466214
1428 2.1770481998156477
1429 2.1770481998156477
1430 2.1770481998156477
1431 1.9942314514245456
1432 1.9942314514245456
1433 1.9942314514245456
1434 2.045585419558607
1435 2.045585419558607
1436 2.045585419558607
1437 1.906063049333903
1438 1.906063049333903
1439 1.906063049333903
1440 1.8615674096500299
1441 1.8615674096500299
1442 1.8615674096500299
1443 2.0696438474409162
1444 2.0696438474409162
1445 1.1309194172842165
1446 1.1309194172842165
1447 1.1309194172842165
1448 1.151063111481352
1449 1.151063111481352
1450 1.151063111481352
1451 1.1289805267153616
1452 1.1289805267153616
1453 1.1289805267153616
1454 1.086746914356783
1455 1.086746914356783
1456 1.086746914356783
1457 1.1458198755780882
1458 1.1458198755780882
1459 1.1458198755780882
1460 1.0513074801855884
1461 1.0513074801855884
1462 1.0513074801855884
1463 1.2232794690966435
1464 1.2232794690966435
1465 1.2232794690966435
1466 1.1744467602569226
1467 1.1744467602569226
1468 1.1744467602569226
1469 1.1537311790492786
1470 1.1537311790492786
1471 1.1537311790492786
1472 1.14942188604688
1473 1.14942188604688
1474 1.14942188604688
1475 1.192050264418558
1476 1.192050264418558
1477 1.192050264418558
1478 1.1755919741769452
1479 1.1755919741769452
1480 1.1755919741769452
1481 1.1234462567575918
1482 1.1234462567575918
1483 1.1234462567575918
1484 1.193298509677022
1485 1.193298509677022
1486 1.193298509677022
1487 1.0935006623276105
1488 1.0935006623276105
1489 1.0935006623276105
1490 1.1520804596558416
1491 1.1520804596558416
1492 0.2143846391779543
1493 0.2143846391779543
1494 0.2143846391779543
1495 0.2068017850003761
1496 0.2068017850003761
1497 0.2068017850003761
1498 0.2081935684127592
1499 0.2081935684127592
1500 0.2081935684127592
1501 0.19825561506062578
1502 0.19825561506062578
1503 0.19825561506062578
1504 0.1872516052643232
1505 0.1872516052643232
1506 0.1872516052643232
1507 0.1949716103280194
1508 0.1949716103280194
1509 0.1949716103280194
1510 0.20853651109608481
1511 0.20853651109608481
1512 0.20853651109608481
1513 0.1982419901039832
1514 0.1982419901039832
1515 0.1982419901039832
1516 0.21264678592609382
1517 0.21264678592609382
1518 0.21264678592609382
1519 0.2149567289686183
1520 0.2149567289686183
1521 0.2149567289686183
1522 0.18394751596134887
1523 0.18394751596134887
1524 0.18394751596134887
1525 0.20382857137204008
1526 0.20382857137204008
1527 0.20382857137204008
1528 0.19616692578850373
1529 0.19616692578850373
1530 0.19616692578850373
1531 0.20800391507053473
1532 0.20800391507053473
1533 0.20800391507053473
1534 0.17969739694718906
1535 0.17969739694718906
1536 0.17969739694718906
1537 0.21937330705579722
1538 0.21937330705579722
1539 0.21937330705579722
1540 0.18636260496841284
1541 0.18636260496841284
1542 0.18636260496841284
1543 0.1913223907502537
1544 0.1913223907502537
1545 0.1913223907502537
1546 0.21781201397022432
1547 2.520651049976653
1548 2.520651049976653
1549 2.520651049976653
1550 2.497570588694215
1551 2.497570588694215
1552 2.497570588694215
1553 2.525016956388941
1554 2.525016956388941
1555 2.525016956388941
1556 2.6079363477650404
1557 2.6079363477650404
1558 2.6079363477650404
1559 2.3374013099875612
1560 2.3374013099875612
1561 2.3374013099875612
1562 2.4897086734345297
1563 2.4897086734345297
1564 2.4897086734345297
1565 2.6643683288915554
1566 2.6643683288915554
1567 2.6643683288915554
1568 2.6339810065656057
1569 2.6339810065656057
1570 2.6339810065656057
1571 2.416536443363063
1572 2.416536443363063
1573 2.416536443363063
1574 2.407686445468249
1575 2.407686445468249
1576 2.407686445468249
1577 2.253277648144444
1578 2.253277648144444
1579 2.253277648144444
1580 2.266419258144596
1581 2.266419258144596
1582 2.266419258144596
1583 2.5144926309699964
1584 2.5144926309699964
1585 2.5144926309699964
1586 2.257499095815491
1587 2.257499095815491
1588 2.257499095815491
1589 2.5355139821028247
1590 2.5355139821028247
1591 2.5355139821028247
1592 2.555686438070569
1593 2.555686438070569
1594 2.555686438070569
1595 2.3734982380402334
1596 2.3734982380402334
1597 2.3734982380402334
1598 2.511449207703393
1599 2.511449207703393
1600 2.511449207703393
1601 2.3509587246169836
1602 2.3509587246169836
1603 2.3509587246169836
1604 2.478555910756048
1605 2.478555910756048
1606 2.478555910756048
1607 2.263796733208636
1608 2.263796733208636
1609 2.263796733208636
1610 2.516510328965043
1611 2.516510328965043
1612 2.516510328965043
1613 2.470430482930673
1614 2.470430482930673
1615 2.470430482930673
1616 3.6649618282773515
1617 3.6649618282773515
1618 3.6649618282773515
1619 3.54897438731896
1620 3.54897438731896
1621 3.54897438731896
1622 3.7322051258589637
1623 3.7322051258589637
1624 3.7322051258589637
1625 3.642992553803357
1626 3.642992553803357
1627 3.642992553803357
1628 3.648133307998708
1629 3.648133307998708
1630 3.648133307998708
1631 3.7272167043822964
1632 3.7272167043822964
1633 3.7272167043822964
1634 3.699310856494879
1635 3.699310856494879
1636 3.699310856494879
1637 4.138669776131877
1638 4.138669776131877
1639 2.101683866606752
1640 2.101683866606752
1641 2.101683866606752
1642 2.039801753483128
1643 2.039801753483128
1644 2.039801753483128
1645 2.156979268306754
1646 2.156979268306754
1647 2.156979268306754
1648 1.9274292667382111
1649 1.9274292667382111
1650 1.9274292667382111
1651 2.0802979593651174
1652 2.0802979593651174
1653 2.0802979593651174
1654 1.9450526748314874
1655 1.9450526748314874
1656 1.9450526748314874
1657 2.061505484227777
1658 2.061505484227777
1659 2.061505484227777
1660 2.040077834446945
1661 2.040077834446945
1662 2.040077834446945
1663 1.9355188028511872
1664 1.9355188028511872
1665 1.9355188028511872
1666 2.1667775072668833
1667 2.1667775072668833
1668 2.1667775072668833
1669 2.022725427966868
1670 2.022725427966868
1671 2.022725427966868
1672 1.8830764880473434
1673 1.8830764880473434
1674 1.8830764880473434
1675 1.9704701260074877
1676 1.9704701260074877
1677 1.9704701260074877
1678 2.1680145278561525
1679 2.1680145278561525
1680 2.1680145278561525
1681 1.9931501918420027
1682 1.9931501918420027
1683 1.9931501918420027
1684 1.89004917830038
1685 1.89004917830038
1686 1.89004917830038
1687 1.8723492265496535
1688 1.8723492265496535
1689 1.8723492265496535
1690 2.0319799524402207
1691 2.0319799524402207
1692 2.0319799524402207
1693 2.239054341338483
1694 2.239054341338483
1695 2.239054341338483
1696 2.0554037521846387
1697 2.0554037521846387
1698 2.0554037521846387
1699 1.9194176373646288
1700 1.9194176373646288
1701 2.9842329994247008
1702 2.9842329994247008
1703 2.9842329994247008
1704 2.9175855618270545
1705 0.7108640089345234
1706 0.7108640089345234
1707 0.7108640089345234
1708 0.6574692280604557
1709 0.6574692280604557
1710 0.6574692280604557
1711 0.6444933248833257
1712 0.6444933248833257
1713 0.6444933248833257
1714 0.6587749248103792
1715 0.6587749248103792
1716 0.6587749248103792
1717 0.6653333671639599
1718 0.6653333671639599
1719 0.6653333671639599
1720 0.5658582493492152
1721 0.5658582493492152
1722 0.5658582493492152
1723 0.61410565855697
1724 0.61410565855697
1725 0.61410565855697
1726 0.5762591991362924
1727 0.5762591991362924
1728 0.5762591991362924
1729 0.618900277164137
1730 0.618900277164137
1731 0.618900277164137
1732 0.6649701365348895
1733 0.6649701365348895
1734 0.6649701365348895
1735 0.7002601515934902
1736 0.7002601515934902
1737 0.7002601515934902
1738 0.6545860429654499
1739 0.6545860429654499
1740 0.6545860429654499
1741 0.6619163901485116
1742 0.6619163901485116
1743 0.6619163901485116
1744 0.6484995036218169
1745 0.6484995036218169
1746 0.6484995036218169
1747 0.633447653188924
1748 2.335452130229544
1749 2.335452130229544
1750 2.335452130229544
1751 4.200267399603141
1752 4.200267399603141
1753 4.200267399603141
1754 3.6930529342647724
1755 3.6930529342647724
1756 3.6930529342647724
1757 4.120358828063257
1758 4.120358828063257
1759 4.120358828063257
1760 3.603503212722837
1761 3.603503212722837
1762 3.603503212722837
1763 3.9788593950561366
1764 3.9788593950561366
1765 3.9788593950561366
1766 3.53883288397199
1767 3.53883288397199
1768 3.53883288397199
1769 3.6594820353927187
1770 3.6594820353927187
1771 3.6594820353927187
1772 3.4909312584460115
1773 3.4909312584460115
1774 3.4909312584460115
1775 4.057616447548661
1776 4.057616447548661
1777 4.057616447548661
1778 3.713872298380822
1779 3.713872298380822
1780 3.713872298380822
1781 3.475730822248054
1782 3.475730822248054
1783 3.475730822248054
1784 3.665133773407402
1785 1.5327977173551184
1786 1.5327977173551184
1787 1.5327977173551184
1788 1.5646246571106088
1789 1.5646246571106088
1790 1.5646246571106088
1791 1.6350826496895507
1792 1.6350826496895507
1793 1.6350826496895507
1794 1.6039213220351698
1795 1.6039213220351698
1796 1.6039213220351698
1797 1.4974429786065944
1798 1.4974429786065944
1799 1.4974429786065944
1800 1.6835761711690123
1801 1.6835761711690123
1802 1.6835761711690123
1803 1.62502612656166
1804 1.62502612656166
1805 1.62502612656166
1806 1.6608928847303783
1807 1.6608928847303783
1808 1.6608928847303783
1809 1.9210571924009312
1810 1.9210571924009312
1811 1.9210571924009312
1812 2.088773750976075
1813 2.088773750976075
1814 2.088773750976075
1815 2.003916711130008
1816 2.003916711130008
1817 2.003916711130008
1818 2.050126707844685
1819 2.050126707844685
1820 2.050126707844685
1821 2.08268828157935
1822 2.08268828157935
1823 2.08268828157935
1824 2.020419283844854
1825 2.020419283844854
1826 2.020419283844854
1827 1.9049682021483885
1828 1.9049682021483885
1829 1.9049682021483885
1830 1.972707605795994
1831 1.972707605795994
1832 1.972707605795994
1833 2.060066001705065
1834 2.060066001705065
1835 2.060066001705065
1836 2.0603281720451885
1837 2.0603281720451885
1838 2.0603281720451885
1839 2.0058163414729533
1840 2.0058163414729533
1841 2.0058163414729533
1842 1.8376073626998621
1843 1.8376073626998621
1844 1.8376073626998621
1845 1.9214298955949882
1846 1.9214298955949882
1847 1.9214298955949882
1848 2.1932352129076804
1849 2.1932352129076804
1850 2.1932352129076804
1851 1.9924043292578668
1852 1.9924043292578668
1853 1.9924043292578668
1854 2.0931833381142035
1855 2.0931833381142035
1856 2.0931833381142035
1857 2.082664641105877
1858 2.082664641105877
1859 2.082664641105877
1860 2.0616285798152614
1861 2.0616285798152614
1862 2.0616285798152614
1863 2.0013087612682767
1864 2.0013087612682767
1865 2.0013087612682767
1866 2.0330779499403513
1867 2.0330779499403513
1868 2.0330779499403513
1869 1.9399381335040193
1870 1.9399381335040193
1871 1.9399381335040193
1872 1.9080027198498166
1873 2.6432100200226927
1874 2.6432100200226927
1875 2.6432100200226927
1876 3.0812433184384567
1877 3.0812433184384567
1878 3.0812433184384567
1879 2.7989167870579186
1880 2.7989167870579186
1881 2.7989167870579186
1882 2.886889908816697
1883 2.886889908816697
1884 3.7923653964101347
1885 1.991835838340344
1886 1.991835838340344
1887 1.991835838340344
1888 2.0964229455536403
1889 2.0964229455536403
1890 2.0964229455536403
1891 2.044460387117377
1892 2.044460387117377
1893 2.379478067464435
1894 2.379478067464435
1895 2.379478067464435
1896 2.347566688513558
1897 2.347566688513558
1898 2.347566688513558
1899 2.4531169953178806
1900 2.4531169953178806
1901 2.4531169953178806
1902 2.6542975755884095
1903 2.6542975755884095
1904 2.6542975755884095
1905 2.470867990510035
1906 2.470867990510035
1907 2.470867990510035
1908 2.470369730017901
1909 2.470369730017901
1910 2.470369730017901
1911 2.471200386628665
1912 2.471200386628665
1913 2.471200386628665
1914 2.735964153697352
1915 2.735964153697352
1916 2.735964153697352
1917 2.675885682919446
1918 2.675885682919446
1919 2.675885682919446
1920 2.492957997226789
1921 2.492957997226789
1922 2.492957997226789
1923 2.6499140401137695
1924 2.6499140401137695
1925 2.6499140401137695
1926 2.2686646874796152
1927 2.2686646874796152
1928 2.2686646874796152
1929 2.374438113555443
1930 2.374438113555443
1931 2.374438113555443
1932 2.3166904774652095
1933 2.3166904774652095
1934 2.3166904774652095
1935 2.4905186000116735
1936 2.4905186000116735
1937 2.4905186000116735
1938 2.5206197652952658
1939 2.5206197652952658
1940 2.5206197652952658
1941 2.4280986492266075
1942 2.4280986492266075
1943 2.4280986492266075
1944 2.7942530105188395
1945 2.7942530105188395
1946 2.7942530105188395
1947 2.3749378483327064
1948 2.3749378483327064
1949 2.3749378483327064
1950 2.604166052952811
1951 2.604166052952811
1952 2.604166052952811
1953 2.454895827907819
1954 2.454895827907819
1955 2.454895827907819
1956 2.4153200927965264
1957 2.4153200927965264
1958 2.4153200927965264
1959 2.44017491941331
1960 2.44017491941331
1961 2.44017491941331
1962 2.2689921286269548
1963 2.2689921286269548
1964 2.2689921286269548
1965 2.517097902046504
1966 2.517097902046504
1967 2.517097902046504
1968 2.383321125537286
1969 2.383321125537286
1970 2.383321125537286
1971 2.3953281460641263
1972 2.3953281460641263
1973 2.3953281460641263
1974 2.64241206617932
1975 2.64241206617932
1976 2.64241206617932
1977 2.3833938679791693
1978 2.3833938679791693
1979 2.3833938679791693
1980 2.288927508686092
1981 2.288927508686092
1982 2.288927508686092
1983 4.257892257455564
1984 4.257892257455564
1985 4.257892257455564
1986 4.6299366753196045
1987 4.6299366753196045
1988 4.6299366753196045
1989 4.559368872972827
1990 4.559368872972827
1991 4.559368872972827
1992 4.575293702719556
1993 4.575293702719556
1994 4.575293702719556
1995 4.3055014673697345
1996 4.3055014673697345
1997 4.3055014673697345
1998 4.609430680474615
1999 4.609430680474615
