0 2.9156345393629493
1 2.9156345393629493
2 2.9156345393629493
3 2.9156345393629493
4 2.9156345393629493
5 2.6502196262046485
6 2.6502196262046485
7 2.6502196262046485
8 2.6502196262046485
9 2.6502196262046485
10 2.456089083071643
11 2.456089083071643
12 2.456089083071643
13 2.456089083071643
14 2.456089083071643
15 2.4540243204487497
16 2.4540243204487497
17 2.4540243204487497
18 2.4540243204487497
19 2.4540243204487497
20 2.772254691871294
21 2.772254691871294
22 2.772254691871294
23 2.772254691871294
24 2.772254691871294
25 2.717606362917798
26 1.3466469252556026
27 1.3466469252556026
28 1.3466469252556026
29 1.3466469252556026
30 1.3466469252556026
31 1.1055151834935946
32 1.1055151834935946
33 1.1055151834935946
34 1.1055151834935946
35 1.1055151834935946
36 1.0468376174729297
37 1.0468376174729297
38 2.480135344059263
39 2.480135344059263
40 2.480135344059263
41 2.480135344059263
42 2.480135344059263
43 2.3454315704600393
44 1.3026467451046098
45 1.3026467451046098
46 1.3026467451046098
47 1.3026467451046098
48 1.3026467451046098
49 1.2491184161386348
50 1.2491184161386348
51 1.2491184161386348
52 1.2491184161386348
53 1.2491184161386348
54 1.2132734512287173
55 1.2132734512287173
56 1.2132734512287173
57 1.2132734512287173
58 1.2132734512287173
59 0.956755186446523
60 2.2775855780444005
61 2.2775855780444005
62 2.2775855780444005
63 2.2775855780444005
64 2.2775855780444005
65 2.0062832190749864
66 2.0062832190749864
67 2.0062832190749864
68 2.0062832190749864
69 2.0062832190749864
70 2.161305885234559
71 2.161305885234559
72 2.161305885234559
73 2.161305885234559
74 2.161305885234559
75 2.432707451695636
76 2.432707451695636
77 2.432707451695636
78 2.432707451695636
79 2.432707451695636
80 1.8995521088361211
81 1.8995521088361211
82 1.8995521088361211
83 1.8995521088361211
84 1.8995521088361211
85 2.119844167537774
86 2.119844167537774
87 2.119844167537774
88 2.119844167537774
89 2.119844167537774
90 2.1384164635538845
91 2.1384164635538845
92 2.1384164635538845
93 2.1384164635538845
94 2.1384164635538845
95 1.8143908131488575
96 1.8143908131488575
97 1.8143908131488575
98 1.519917601169088
99 1.519917601169088
100 1.519917601169088
101 1.519917601169088
102 1.519917601169088
103 1.5437505263776061
104 1.5437505263776061
105 1.5437505263776061
106 1.5437505263776061
107 1.5437505263776061
108 1.3041819278573448
109 1.0827286285623687
110 1.0827286285623687
111 1.0827286285623687
112 1.0827286285623687
113 1.0827286285623687
114 1.4778707382238054
115 1.4778707382238054
116 1.4778707382238054
117 1.4778707382238054
118 1.4778707382238054
119 1.4274581960684949
120 3.6949798460677847
121 3.823466559448655
122 3.823466559448655
123 3.823466559448655
124 3.823466559448655
125 3.823466559448655
126 5.196308576431397
127 5.196308576431397
128 5.196308576431397
129 5.196308576431397
130 5.196308576431397
131 5.721629787146524
132 5.721629787146524
133 5.721629787146524
134 5.721629787146524
135 5.721629787146524
136 4.59584017935337
137 4.59584017935337
138 4.59584017935337
139 4.59584017935337
140 3.0815758474795456
141 3.0815758474795456
142 1.3791325093097706
143 1.3791325093097706
144 2.49994757301862
145 2.49994757301862
146 2.49994757301862
147 2.49994757301862
148 2.49994757301862
149 2.735487430483105
150 2.735487430483105
151 2.735487430483105
152 2.735487430483105
153 2.735487430483105
154 2.375358404939202
155 2.375358404939202
156 2.375358404939202
157 2.375358404939202
158 2.375358404939202
159 2.423719202760483
160 2.423719202760483
161 2.423719202760483
162 2.423719202760483
163 2.423719202760483
164 2.6773027709205754
165 2.6773027709205754
166 2.6773027709205754
167 2.6773027709205754
168 2.6773027709205754
169 2.592308610157538
170 2.592308610157538
171 2.592308610157538
172 2.592308610157538
173 2.592308610157538
174 2.6913142634910723
175 2.6913142634910723
176 2.6913142634910723
177 2.6913142634910723
178 2.6913142634910723
179 2.461559582754675
180 2.461559582754675
181 2.461559582754675
182 2.461559582754675
183 2.461559582754675
184 2.1323201401525744
185 2.1323201401525744
186 2.1323201401525744
187 2.1323201401525744
188 2.1323201401525744
189 2.907017093569886
190 2.907017093569886
191 2.907017093569886
192 2.907017093569886
193 2.907017093569886
194 2.6997017109937373
195 2.6997017109937373
196 1.4148269287162707
197 1.4148269287162707
198 1.4148269287162707
199 1.4148269287162707
200 1.4148269287162707
201 1.4881264977434119
202 1.4881264977434119
203 1.4881264977434119
204 1.4881264977434119
205 1.4881264977434119
206 1.4951833979703932
207 1.4951833979703932
208 1.4951833979703932
209 1.4951833979703932
210 1.4951833979703932
211 1.845033232171317
212 1.845033232171317
213 1.845033232171317
214 1.845033232171317
215 1.845033232171317
216 1.4019482135670256
217 1.4019482135670256
218 1.4019482135670256
219 1.4019482135670256
220 1.4019482135670256
221 1.363698557103896
222 1.363698557103896
223 1.363698557103896
224 1.363698557103896
225 1.363698557103896
226 1.8597450838045426
227 1.8597450838045426
228 1.8597450838045426
229 1.8597450838045426
230 1.8597450838045426
231 1.2683196251454463
232 1.2683196251454463
233 1.2683196251454463
234 1.2683196251454463
235 1.2683196251454463
236 1.615787064460527
237 1.615787064460527
238 2.873746470882111
239 2.873746470882111
240 2.873746470882111
241 2.873746470882111
242 2.873746470882111
243 2.046195463080056
244 2.046195463080056
245 2.046195463080056
246 1.6559152367812018
247 1.6559152367812018
248 1.6559152367812018
249 1.6559152367812018
250 1.6559152367812018
251 1.4134988696443578
252 1.4134988696443578
253 1.4134988696443578
254 0.17602419380905288
255 0.17602419380905288
256 0.17602419380905288
257 0.17602419380905288
258 0.17602419380905288
259 0.1634473408922813
260 0.1634473408922813
261 0.1634473408922813
262 1.0991217410739331
263 1.0991217410739331
264 1.0991217410739331
265 1.0991217410739331
266 1.0991217410739331
267 1.0334471439183508
268 1.0334471439183508
269 1.0334471439183508
270 1.0334471439183508
271 1.0334471439183508
272 1.1053944434379535
273 1.1053944434379535
274 1.1053944434379535
275 1.1053944434379535
276 1.1053944434379535
277 1.2293074674744287
278 1.2293074674744287
279 1.2293074674744287
280 1.2293074674744287
281 1.2293074674744287
282 1.1327198858536278
283 1.1327198858536278
284 1.1327198858536278
285 1.1327198858536278
286 1.1327198858536278
287 1.264129164444768
288 1.264129164444768
289 1.264129164444768
290 1.264129164444768
291 1.264129164444768
292 1.225149359328606
293 1.225149359328606
294 2.2629477247790337
295 2.2629477247790337
296 2.2629477247790337
297 2.2629477247790337
298 2.2629477247790337
299 2.518164387596516
300 2.518164387596516
301 2.518164387596516
302 2.518164387596516
303 2.518164387596516
304 2.341781535434523
305 2.341781535434523
306 2.341781535434523
307 2.341781535434523
308 2.341781535434523
309 2.0877726736345177
310 2.0877726736345177
311 2.0877726736345177
312 2.0877726736345177
313 2.0877726736345177
314 2.666221644933382
315 1.4212636599249666
316 1.4212636599249666
317 1.4212636599249666
318 1.4212636599249666
319 1.4212636599249666
320 1.2865892822898437
321 1.2865892822898437
322 1.2865892822898437
323 1.2865892822898437
324 1.2865892822898437
325 1.1694844257129982
326 1.1694844257129982
327 1.1694844257129982
328 1.1694844257129982
329 1.1694844257129982
330 1.060204145969923
331 1.060204145969923
332 1.060204145969923
333 1.060204145969923
334 1.060204145969923
335 1.1179159544325405
336 1.1179159544325405
337 1.1179159544325405
338 1.1179159544325405
339 1.1179159544325405
340 1.078578715617415
341 1.078578715617415
342 1.078578715617415
343 1.078578715617415
344 1.078578715617415
345 0.9209488830402242
346 0.9209488830402242
347 0.9209488830402242
348 0.9209488830402242
349 0.9209488830402242
350 1.0510039069316763
351 1.0510039069316763
352 1.0510039069316763
353 1.0510039069316763
354 1.0510039069316763
355 1.137572183476252
356 1.137572183476252
357 1.137572183476252
358 1.137572183476252
359 1.137572183476252
360 1.0733407678798457
361 1.0733407678798457
362 1.0733407678798457
363 1.0733407678798457
364 1.0733407678798457
365 1.3641707414139639
366 1.3641707414139639
367 1.3641707414139639
368 1.3641707414139639
369 1.3641707414139639
370 1.0812221800943982
371 1.0812221800943982
372 1.0812221800943982
373 1.0812221800943982
374 1.0812221800943982
375 1.4065376543036727
376 1.4065376543036727
377 1.4065376543036727
378 1.4065376543036727
379 1.4065376543036727
380 0.9827085391949403
381 0.9827085391949403
382 0.9827085391949403
383 0.9827085391949403
384 0.9827085391949403
385 1.2497595968939148
386 1.2497595968939148
387 1.2497595968939148
388 1.2497595968939148
389 1.2497595968939148
390 1.3402396831541346
391 1.3402396831541346
392 1.3402396831541346
393 1.3402396831541346
394 1.3402396831541346
395 0.7816600109748246
396 0.7816600109748246
397 0.7816600109748246
398 0.7816600109748246
399 0.7816600109748246
400 1.4356590880036584
401 1.4356590880036584
402 1.4356590880036584
403 1.4356590880036584
404 2.2247248396340042
405 2.2247248396340042
406 2.2247248396340042
407 2.2247248396340042
408 2.2247248396340042
409 2.5941814842090674
410 2.5941814842090674
411 2.5941814842090674
412 2.5941814842090674
413 2.5941814842090674
414 2.416133185237323
415 2.416133185237323
416 2.416133185237323
417 2.416133185237323
418 2.416133185237323
419 1.3013822733874663
420 1.3013822733874663
421 1.3013822733874663
422 1.3013822733874663
423 1.3013822733874663
424 2.093144436949826
425 2.093144436949826
426 2.093144436949826
427 2.093144436949826
428 2.093144436949826
429 1.8780532939135461
430 1.8780532939135461
431 1.8780532939135461
432 1.8780532939135461
433 1.8780532939135461
434 2.0530437538777098
435 2.0530437538777098
436 2.0530437538777098
437 2.0530437538777098
438 2.0530437538777098
439 2.0978289886395447
440 2.0978289886395447
441 2.0978289886395447
442 2.0978289886395447
443 2.0978289886395447
444 1.9409508891143654
445 0.2137368574536016
446 0.2137368574536016
447 0.2137368574536016
448 0.2137368574536016
449 0.2137368574536016
450 0.22487217744280696
451 0.22487217744280696
452 0.22487217744280696
453 0.22487217744280696
454 3.126476541290188
455 3.126476541290188
456 3.126476541290188
457 3.126476541290188
458 3.126476541290188
459 3.2487942155875906
460 3.2487942155875906
461 3.2487942155875906
462 3.2487942155875906
463 3.2487942155875906
464 3.535744335993027
465 3.535744335993027
466 3.535744335993027
467 3.535744335993027
468 3.535744335993027
469 3.185013827504774
470 3.185013827504774
471 3.639807270494617
472 3.639807270494617
473 3.639807270494617
474 3.639807270494617
475 3.639807270494617
476 3.7884774543388957
477 3.7884774543388957
478 3.7884774543388957
479 1.1957208632508696
480 0.22300929029623676
481 0.22300929029623676
482 0.22300929029623676
483 0.22300929029623676
484 0.22300929029623676
485 0.18156946702982082
486 0.18156946702982082
487 0.18156946702982082
488 0.18156946702982082
489 0.18156946702982082
490 0.20586687289256292
491 0.20586687289256292
492 0.20586687289256292
493 0.20586687289256292
494 0.20586687289256292
495 0.21960934707930038
496 0.21960934707930038
497 0.21960934707930038
498 0.21960934707930038
499 0.21960934707930038
500 0.19420374153158798
501 0.19420374153158798
502 0.19420374153158798
503 0.19420374153158798
504 0.19420374153158798
505 0.17080805409406966
506 0.17080805409406966
507 0.17080805409406966
508 0.17080805409406966
509 0.17080805409406966
510 0.19650582432350666
511 0.19650582432350666
512 0.19650582432350666
513 0.19650582432350666
514 0.19650582432350666
515 0.20685660874830505
516 0.20685660874830505
517 0.20685660874830505
518 0.20685660874830505
519 0.20685660874830505
520 0.21920011092617023
521 0.21920011092617023
522 0.21920011092617023
523 0.21920011092617023
524 0.21920011092617023
525 0.18635364268098037
526 0.18635364268098037
527 0.18635364268098037
528 0.18635364268098037
529 0.18635364268098037
530 0.14984837351670405
531 0.14984837351670405
532 0.9938882654581462
533 0.9938882654581462
534 2.3277657047643294
535 2.3277657047643294
536 2.3277657047643294
537 2.3277657047643294
538 2.3277657047643294
539 2.9415654772796778
540 2.9415654772796778
541 2.9415654772796778
542 2.9415654772796778
543 2.9415654772796778
544 3.325216331111082
545 3.325216331111082
546 3.325216331111082
547 3.325216331111082
548 3.325216331111082
549 3.803546325500248
550 3.803546325500248
551 3.803546325500248
552 2.921511972861818
553 2.921511972861818
554 2.921511972861818
555 2.921511972861818
556 2.921511972861818
557 2.6160580611162976
558 2.6160580611162976
559 2.6160580611162976
560 2.6160580611162976
561 2.6160580611162976
562 3.67176959224972
563 4.144598459565092
564 4.144598459565092
565 4.144598459565092
566 4.144598459565092
567 4.144598459565092
568 4.545244901394903
569 4.545244901394903
570 4.545244901394903
571 4.545244901394903
572 4.545244901394903
573 4.375257670529112
574 4.375257670529112
575 4.375257670529112
576 4.375257670529112
577 4.375257670529112
578 4.509720674113249
579 4.509720674113249
580 1.0630119789543782
581 1.0630119789543782
582 1.0630119789543782
583 1.0630119789543782
584 3.088539488800952
585 3.088539488800952
586 3.088539488800952
587 3.088539488800952
588 3.088539488800952
589 3.156185732255123
590 3.156185732255123
591 3.156185732255123
592 3.156185732255123
593 3.156185732255123
594 2.6092748929286986
595 2.6092748929286986
596 2.6092748929286986
597 2.6092748929286986
598 2.6092748929286986
599 2.7052591860723276
600 2.7052591860723276
601 2.7052591860723276
602 2.7052591860723276
603 2.7052591860723276
604 2.9125043506212243
605 4.507620970986796
606 4.507620970986796
607 4.507620970986796
608 4.507620970986796
609 4.507620970986796
610 3.524718863324397
611 3.524718863324397
612 3.524718863324397
613 3.524718863324397
614 3.524718863324397
615 3.9476191516779613
616 3.9476191516779613
617 3.9476191516779613
618 3.9476191516779613
619 3.9476191516779613
620 4.347123113302886
621 4.347123113302886
622 4.347123113302886
623 4.347123113302886
624 4.347123113302886
625 3.7876649467013563
626 3.7876649467013563
627 3.7876649467013563
628 3.7876649467013563
629 3.7876649467013563
630 4.658836315759217
631 4.658836315759217
632 4.658836315759217
633 4.658836315759217
634 4.658836315759217
635 3.564028155900079
636 3.564028155900079
637 3.564028155900079
638 3.564028155900079
639 3.564028155900079
640 3.7460918817615774
641 3.7460918817615774
642 1.145711091321249
643 2.599122342814766
644 2.599122342814766
645 2.599122342814766
646 2.599122342814766
647 2.599122342814766
648 2.5979926436913807
649 2.5979926436913807
650 2.5979926436913807
651 2.5979926436913807
652 2.5979926436913807
653 2.1573962909905546
654 2.1573962909905546
655 2.1573962909905546
656 2.1573962909905546
657 2.1573962909905546
658 2.071667658019166
659 2.071667658019166
660 2.071667658019166
661 2.071667658019166
662 2.071667658019166
663 3.076319521049331
664 3.076319521049331
665 3.076319521049331
666 3.076319521049331
667 3.076319521049331
668 2.7056455377026873
669 2.7056455377026873
670 2.399050793108639
671 2.399050793108639
672 2.399050793108639
673 2.399050793108639
674 2.399050793108639
675 4.330376578517779
676 4.330376578517779
677 4.330376578517779
678 4.330376578517779
679 4.330376578517779
680 5.087938084151923
681 4.007994089332952
682 4.007994089332952
683 4.007994089332952
684 4.007994089332952
685 4.007994089332952
686 3.597720336887858
687 3.597720336887858
688 3.597720336887858
689 3.597720336887858
690 3.597720336887858
691 2.79977897360195
692 2.79977897360195
693 2.79977897360195
694 2.79977897360195
695 2.79977897360195
696 3.5979363174210404
697 3.5979363174210404
698 3.5979363174210404
699 3.5979363174210404
700 3.5979363174210404
701 3.5384329589170913
702 2.6777694509974963
703 2.6777694509974963
704 2.6777694509974963
705 2.6777694509974963
706 1.2992764693042342
707 1.2992764693042342
708 1.2992764693042342
709 1.2992764693042342
710 1.2992764693042342
711 1.1837871436987426
712 1.1837871436987426
713 1.1837871436987426
714 1.1837871436987426
715 1.1837871436987426
716 1.1020878307495856
717 1.1020878307495856
718 1.1020878307495856
719 1.1020878307495856
720 1.1020878307495856
721 1.0334079319650347
722 1.2782664577346015
723 1.2782664577346015
724 1.2782664577346015
725 1.2782664577346015
726 1.2782664577346015
727 1.7653511316386072
728 1.7653511316386072
729 1.7653511316386072
730 1.7653511316386072
731 1.7653511316386072
732 2.141820103464278
733 2.141820103464278
734 2.141820103464278
735 2.141820103464278
736 2.141820103464278
737 1.6977145127625544
738 1.6977145127625544
739 1.6977145127625544
740 1.6977145127625544
741 1.6977145127625544
742 1.5868679565099229
743 1.5868679565099229
744 1.5868679565099229
745 3.54024296904959
746 3.54024296904959
747 3.54024296904959
748 3.54024296904959
749 3.54024296904959
750 3.4422833405204165
751 3.4422833405204165
752 3.4422833405204165
753 3.4422833405204165
754 3.4422833405204165
755 3.568536130508315
756 3.568536130508315
757 3.568536130508315
758 3.568536130508315
759 3.568536130508315
760 3.9888660763785544
761 3.9888660763785544
762 3.9888660763785544
763 3.9888660763785544
764 3.9888660763785544
765 3.0438400447759886
766 3.0438400447759886
767 3.0438400447759886
768 3.0438400447759886
769 3.0438400447759886
770 2.7305158510200465
771 2.7305158510200465
772 2.7305158510200465
773 2.7305158510200465
774 2.7305158510200465
775 3.6103558051459865
776 3.6103558051459865
777 3.6103558051459865
778 3.6103558051459865
779 3.6103558051459865
780 3.698180881640005
781 3.698180881640005
782 3.698180881640005
783 3.698180881640005
784 3.698180881640005
785 3.747912000691795
786 3.747912000691795
787 3.747912000691795
788 3.747912000691795
789 2.176370514806147
790 2.176370514806147
791 2.176370514806147
792 2.176370514806147
793 2.176370514806147
794 1.8961174702782388
795 1.8961174702782388
796 4.6006076540302026
797 4.6006076540302026
798 4.6006076540302026
799 4.6006076540302026
800 4.6006076540302026
801 3.3605473204005634
802 3.3605473204005634
803 3.3605473204005634
804 3.3605473204005634
805 3.3605473204005634
806 3.1174848997965805
807 3.1174848997965805
808 3.1174848997965805
809 3.1174848997965805
810 3.1174848997965805
811 4.265445854201701
812 4.265445854201701
813 4.265445854201701
814 4.265445854201701
815 4.265445854201701
816 4.126689800198562
817 4.126689800198562
818 4.126689800198562
819 4.126689800198562
820 4.126689800198562
821 4.469779364763285
822 4.469779364763285
823 4.469779364763285
824 4.469779364763285
825 4.469779364763285
826 4.311728769961764
827 4.311728769961764
828 4.311728769961764
829 4.311728769961764
830 4.311728769961764
831 3.2242960143487234
832 3.2242960143487234
833 3.2242960143487234
834 3.2242960143487234
835 3.2242960143487234
836 3.8348287529527014
837 3.8348287529527014
838 3.8348287529527014
839 3.8348287529527014
840 3.8348287529527014
841 3.9693100619720827
842 3.9693100619720827
843 3.9693100619720827
844 3.9693100619720827
845 3.9693100619720827
846 3.5500132492192082
847 3.5500132492192082
848 3.5500132492192082
849 3.5500132492192082
850 3.5500132492192082
851 3.6523634343807627
852 3.6523634343807627
853 3.6523634343807627
854 3.6523634343807627
855 3.6523634343807627
856 3.9292409321058233
857 3.9292409321058233
858 3.9292409321058233
859 3.9292409321058233
860 3.9292409321058233
861 3.613891739806814
862 3.613891739806814
863 3.613891739806814
864 3.613891739806814
865 3.613891739806814
866 2.7031420446829024
867 2.7031420446829024
868 2.7031420446829024
869 2.7031420446829024
870 2.7031420446829024
871 2.9755699072520816
872 2.9755699072520816
873 2.9755699072520816
874 2.9755699072520816
875 2.9755699072520816
876 2.8713550120368643
877 2.8713550120368643
878 2.8713550120368643
879 2.8713550120368643
880 2.8713550120368643
881 4.406359202988417
882 4.406359202988417
883 4.406359202988417
884 4.406359202988417
885 4.406359202988417
886 4.143707997254028
887 4.143707997254028
888 4.143707997254028
889 4.143707997254028
890 4.143707997254028
891 3.777690091502881
892 3.777690091502881
893 3.777690091502881
894 3.777690091502881
895 3.777690091502881
896 3.118238942432531
897 3.118238942432531
898 3.118238942432531
899 3.118238942432531
900 3.118238942432531
901 3.183603574100735
902 3.183603574100735
903 3.183603574100735
904 3.183603574100735
905 3.183603574100735
906 3.864627283856812
907 3.864627283856812
908 3.864627283856812
909 3.864627283856812
910 3.864627283856812
911 4.3575638552133835
912 4.3575638552133835
913 4.3575638552133835
914 4.3575638552133835
915 4.3575638552133835
916 3.6744243385290654
917 1.586646712126172
918 1.586646712126172
919 1.586646712126172
920 1.586646712126172
921 1.586646712126172
922 1.6964835841452555
923 1.6964835841452555
924 1.6964835841452555
925 1.6964835841452555
926 1.6964835841452555
927 1.7078382633254914
928 1.7078382633254914
929 1.7078382633254914
930 1.7078382633254914
931 1.7078382633254914
932 1.5953324986494166
933 1.5953324986494166
934 1.5953324986494166
935 1.5953324986494166
936 1.5953324986494166
937 1.2995708284428253
938 1.2995708284428253
939 1.2995708284428253
940 1.2995708284428253
941 1.2995708284428253
942 1.373331469223102
943 1.373331469223102
944 1.373331469223102
945 1.373331469223102
946 1.373331469223102
947 1.8615257328278876
948 1.8615257328278876
949 1.8615257328278876
950 1.8615257328278876
951 1.8615257328278876
952 1.5197920284818085
953 1.5197920284818085
954 1.5197920284818085
955 1.5197920284818085
956 1.5197920284818085
957 1.4413915646732396
958 1.4413915646732396
959 1.7777551844514232
960 1.7777551844514232
961 1.7777551844514232
962 1.7777551844514232
963 1.7777551844514232
964 2.218037538283135
965 2.218037538283135
966 2.218037538283135
967 2.218037538283135
968 2.218037538283135
969 1.7130138292444188
970 1.7130138292444188
971 1.7130138292444188
972 1.7130138292444188
973 1.7130138292444188
974 2.182914040809771
975 2.182914040809771
976 2.182914040809771
977 2.182914040809771
978 2.182914040809771
979 2.2203117620990067
980 2.2203117620990067
981 2.2203117620990067
982 2.2203117620990067
983 2.2203117620990067
984 2.212875005677241
985 2.212875005677241
986 2.212875005677241
987 2.212875005677241
988 2.212875005677241
989 1.9063383006504167
990 1.9063383006504167
991 1.9063383006504167
992 1.9063383006504167
993 1.9063383006504167
994 1.9146137158757046
995 1.9146137158757046
996 1.9146137158757046
997 1.9146137158757046
998 1.9146137158757046
999 1.820188337323413
1000 1.820188337323413
1001 1.820188337323413
1002 1.820188337323413
1003 1.820188337323413
1004 2.1431574947614007
1005 2.1431574947614007
1006 2.1431574947614007
1007 2.1431574947614007
1008 2.1431574947614007
1009 1.837927392241595
1010 1.837927392241595
1011 1.837927392241595
1012 1.837927392241595
1013 1.837927392241595
1014 1.487686761101683
1015 1.487686761101683
1016 1.487686761101683
1017 1.487686761101683
1018 1.487686761101683
1019 1.3820858793242543
1020 1.3820858793242543
1021 1.3820858793242543
1022 1.3820858793242543
1023 1.3820858793242543
1024 2.0288023599313503
1025 2.0288023599313503
1026 2.0288023599313503
1027 2.0288023599313503
1028 2.0288023599313503
1029 1.9647814624925939
1030 1.9647814624925939
1031 1.9647814624925939
1032 1.9647814624925939
1033 1.9647814624925939
1034 2.2923628893427352
1035 2.2923628893427352
1036 2.2923628893427352
1037 2.2923628893427352
1038 2.2923628893427352
1039 2.201983879641619
1040 2.201983879641619
1041 2.201983879641619
1042 2.201983879641619
1043 2.201983879641619
1044 2.137375070175556
1045 2.137375070175556
1046 2.137375070175556
1047 2.137375070175556
1048 2.137375070175556
1049 2.0089166590688916
1050 2.0089166590688916
1051 2.0089166590688916
1052 2.0089166590688916
1053 2.0089166590688916
1054 2.1066644000341586
1055 2.1066644000341586
1056 2.1066644000341586
1057 2.1066644000341586
1058 2.1066644000341586
1059 2.265417658971523
1060 2.265417658971523
1061 2.265417658971523
1062 2.265417658971523
1063 2.265417658971523
1064 1.8782876860100304
1065 1.8782876860100304
1066 1.8782876860100304
1067 1.8782876860100304
1068 1.8782876860100304
1069 1.8993116685154625
1070 1.8993116685154625
1071 1.8993116685154625
1072 1.8993116685154625
1073 1.8993116685154625
1074 2.0066727288716035
1075 2.0066727288716035
1076 2.0066727288716035
1077 2.0066727288716035
1078 2.0066727288716035
1079 2.0912467396744705
1080 1.3982094484264445
1081 1.3982094484264445
1082 1.3982094484264445
1083 1.3982094484264445
1084 1.3982094484264445
1085 1.0574184081269538
1086 1.0574184081269538
1087 1.0574184081269538
1088 1.0574184081269538
1089 1.0574184081269538
1090 1.0829744766905423
1091 1.0829744766905423
1092 1.0829744766905423
1093 3.029110642643266
1094 3.029110642643266
1095 3.029110642643266
1096 3.029110642643266
1097 3.029110642643266
1098 3.0852204307109794
1099 3.0852204307109794
1100 3.0852204307109794
1101 3.0852204307109794
1102 3.0852204307109794
1103 2.7976713120574472
1104 2.7976713120574472
1105 2.7976713120574472
1106 2.7976713120574472
1107 2.7976713120574472
1108 2.5899614973722485
1109 2.5899614973722485
1110 2.5899614973722485
1111 2.5899614973722485
1112 2.5899614973722485
1113 3.930473700926867
1114 3.930473700926867
1115 3.930473700926867
1116 3.930473700926867
1117 3.930473700926867
1118 3.606872542946875
1119 3.606872542946875
1120 3.606872542946875
1121 3.606872542946875
1122 3.606872542946875
1123 2.882865352313775
1124 0.5683040965887689
1125 0.5683040965887689
1126 0.5683040965887689
1127 0.5683040965887689
1128 0.5683040965887689
1129 0.6299258465010443
1130 0.6299258465010443
1131 0.6299258465010443
1132 2.8025824969141286
1133 2.8025824969141286
1134 2.8025824969141286
1135 2.8025824969141286
1136 2.8025824969141286
1137 2.9963351476087863
1138 2.9963351476087863
1139 2.9963351476087863
1140 2.9963351476087863
1141 2.9963351476087863
1142 4.255783707737456
1143 4.255783707737456
1144 4.255783707737456
1145 4.255783707737456
1146 4.255783707737456
1147 4.505207695823111
1148 4.505207695823111
1149 4.505207695823111
1150 4.505207695823111
1151 4.505207695823111
1152 2.396928496640486
1153 2.396928496640486
1154 2.396928496640486
1155 2.396928496640486
1156 2.396928496640486
1157 2.420032927691067
1158 2.420032927691067
1159 2.420032927691067
1160 2.420032927691067
1161 2.420032927691067
1162 2.850835281801414
1163 2.850835281801414
1164 2.850835281801414
1165 2.850835281801414
1166 2.850835281801414
1167 2.8799701428182223
1168 2.8799701428182223
1169 2.8799701428182223
1170 3.2031893836863663
1171 3.2031893836863663
1172 3.2031893836863663
1173 3.2031893836863663
1174 3.2031893836863663
1175 4.281791778392531
1176 4.281791778392531
1177 4.281791778392531
1178 4.281791778392531
1179 4.281791778392531
1180 3.8148495374826776
1181 3.8148495374826776
1182 3.8148495374826776
1183 3.8148495374826776
1184 3.8148495374826776
1185 4.414016851697411
1186 4.414016851697411
1187 4.414016851697411
1188 4.414016851697411
1189 4.414016851697411
1190 3.3037326039331
1191 3.3037326039331
1192 3.3037326039331
1193 1.2496313604758498
1194 1.2496313604758498
1195 1.2496313604758498
1196 1.2496313604758498
1197 1.2496313604758498
1198 1.2459214441839532
1199 1.2459214441839532
1200 1.2459214441839532
1201 1.2459214441839532
1202 1.2459214441839532
1203 0.9078894334464581
1204 0.9078894334464581
1205 0.9078894334464581
1206 0.9078894334464581
1207 0.9078894334464581
1208 0.9698543208962066
1209 0.9698543208962066
1210 0.9698543208962066
1211 0.9698543208962066
1212 0.9698543208962066
1213 1.0668236082764784
1214 1.0668236082764784
1215 1.0668236082764784
1216 1.0668236082764784
1217 1.0668236082764784
1218 1.1569220032017193
1219 1.1569220032017193
1220 1.1569220032017193
1221 1.1569220032017193
1222 3.0255467396926834
1223 3.0255467396926834
1224 1.8674229014865338
1225 1.8674229014865338
1226 1.8674229014865338
1227 1.8674229014865338
1228 1.8674229014865338
1229 1.6822654674584891
1230 2.9656882991464038
1231 2.9656882991464038
1232 2.9656882991464038
1233 2.9656882991464038
1234 2.9656882991464038
1235 2.226056467394234
1236 2.226056467394234
1237 2.226056467394234
1238 2.226056467394234
1239 2.226056467394234
1240 2.508773276808059
1241 2.508773276808059
1242 2.508773276808059
1243 2.508773276808059
1244 2.508773276808059
1245 3.349558629471939
1246 3.349558629471939
1247 0.6710204110660788
1248 0.6710204110660788
1249 0.6710204110660788
1250 0.21787094297407
1251 0.21787094297407
1252 0.21787094297407
1253 3.370087789811653
1254 3.370087789811653
1255 3.370087789811653
1256 3.370087789811653
1257 3.370087789811653
1258 4.103059160114891
1259 4.103059160114891
1260 4.11747255158268
1261 4.11747255158268
1262 4.11747255158268
1263 4.11747255158268
1264 4.11747255158268
1265 3.746918470642922
1266 3.746918470642922
1267 3.746918470642922
1268 3.746918470642922
1269 3.746918470642922
1270 2.578218472160207
1271 2.578218472160207
1272 2.578218472160207
1273 2.578218472160207
1274 2.578218472160207
1275 2.4455473484288186
1276 2.4455473484288186
1277 2.4455473484288186
1278 2.4455473484288186
1279 2.4455473484288186
1280 2.8310472084539144
1281 2.8310472084539144
1282 2.8310472084539144
1283 2.8310472084539144
1284 2.8310472084539144
1285 2.6085671400282666
1286 2.6085671400282666
1287 2.6085671400282666
1288 2.6085671400282666
1289 2.6085671400282666
1290 2.805503731929416
1291 2.805503731929416
1292 2.805503731929416
1293 2.805503731929416
1294 2.805503731929416
1295 2.7490657576645794
1296 2.7490657576645794
1297 2.7490657576645794
1298 0.6566970747864673
1299 0.6566970747864673
1300 0.6566970747864673
1301 0.6566970747864673
1302 0.6566970747864673
1303 0.6259219325114752
1304 0.6259219325114752
1305 0.6259219325114752
1306 0.6259219325114752
1307 0.6259219325114752
1308 0.5877232699029102
1309 0.5877232699029102
1310 0.5877232699029102
1311 0.5877232699029102
1312 0.5877232699029102
1313 0.7284786407336121
1314 0.7284786407336121
1315 0.7284786407336121
1316 0.7284786407336121
1317 0.7284786407336121
1318 0.80916796928881
1319 4.072034316912662
1320 4.072034316912662
1321 4.072034316912662
1322 4.072034316912662
1323 4.072034316912662
1324 5.2716656897393035
1325 5.2716656897393035
1326 5.2716656897393035
1327 5.2716656897393035
1328 5.2716656897393035
1329 3.404129431493304
1330 3.404129431493304
1331 3.404129431493304
1332 3.404129431493304
1333 3.404129431493304
1334 4.430795679394321
1335 4.430795679394321
1336 4.430795679394321
1337 4.430795679394321
1338 4.430795679394321
1339 4.018217821549571
1340 4.018217821549571
1341 4.018217821549571
1342 4.018217821549571
1343 2.5768407349130555
1344 2.5768407349130555
1345 2.5768407349130555
1346 2.5768407349130555
1347 4.211913765944014
1348 4.211913765944014
1349 4.211913765944014
1350 4.211913765944014
1351 4.211913765944014
1352 4.57998178902024
1353 4.57998178902024
1354 4.57998178902024
1355 4.57998178902024
1356 4.57998178902024
1357 3.3603748004342564
1358 3.3603748004342564
1359 3.3603748004342564
1360 3.3603748004342564
1361 3.3603748004342564
1362 4.317845652464863
1363 4.317845652464863
1364 4.317845652464863
1365 4.317845652464863
1366 4.317845652464863
1367 3.20416946121344
1368 3.20416946121344
1369 3.20416946121344
1370 3.20416946121344
1371 3.20416946121344
1372 3.6043977513639702
1373 3.6043977513639702
1374 3.6043977513639702
1375 3.6043977513639702
1376 3.6043977513639702
1377 4.333282989599002
1378 4.333282989599002
1379 4.333282989599002
1380 4.333282989599002
1381 4.333282989599002
1382 2.8323068072541044
1383 2.8323068072541044
1384 2.8323068072541044
1385 2.8323068072541044
1386 4.584099607750373
1387 4.584099607750373
1388 4.584099607750373
1389 3.2150293488662505
1390 3.2150293488662505
1391 3.2150293488662505
1392 3.6939728660008027
1393 3.6939728660008027
1394 3.6939728660008027
1395 3.6939728660008027
1396 3.6939728660008027
1397 3.646817243946819
1398 3.646817243946819
1399 3.646817243946819
1400 3.646817243946819
1401 3.646817243946819
1402 4.287575722266398
1403 4.287575722266398
1404 4.287575722266398
1405 4.287575722266398
1406 4.287575722266398
1407 5.0819182612723
1408 5.0819182612723
1409 5.0819182612723
1410 5.0819182612723
1411 5.0819182612723
1412 3.647336406639948
1413 3.647336406639948
1414 3.647336406639948
1415 3.647336406639948
1416 3.647336406639948
1417 3.9703346908361077
1418 3.9703346908361077
1419 3.9703346908361077
1420 3.9703346908361077
1421 3.9703346908361077
1422 3.5173486171767574
1423 3.5173486171767574
1424 3.5173486171767574
1425 3.5173486171767574
1426 3.5173486171767574
1427 3.866691309446606
1428 3.866691309446606
1429 3.866691309446606
1430 3.866691309446606
1431 3.866691309446606
1432 3.890851417686336
1433 3.890851417686336
1434 3.890851417686336
1435 3.890851417686336
1436 3.890851417686336
1437 3.513754209688001
1438 3.513754209688001
1439 3.513754209688001
1440 3.513754209688001
1441 3.513754209688001
1442 3.486589134093225
1443 3.486589134093225
1444 3.486589134093225
1445 3.486589134093225
1446 3.486589134093225
1447 4.748938065124409
1448 4.748938065124409
1449 4.748938065124409
1450 4.748938065124409
1451 4.748938065124409
1452 3.665470335411019
1453 3.665470335411019
1454 3.665470335411019
1455 3.665470335411019
1456 3.665470335411019
1457 4.482254722109246
1458 4.482254722109246
1459 4.482254722109246
1460 4.482254722109246
1461 4.482254722109246
1462 3.5318969683156136
1463 3.5318969683156136
1464 3.5318969683156136
1465 0.5950976007292998
1466 0.5950976007292998
1467 0.5950976007292998
1468 0.5950976007292998
1469 0.5950976007292998
1470 0.5981440300870409
1471 0.5981440300870409
1472 0.5981440300870409
1473 0.5981440300870409
1474 0.5981440300870409
1475 0.5562957047323851
1476 0.5562957047323851
1477 0.5562957047323851
1478 0.5562957047323851
1479 0.5562957047323851
1480 0.42048497548916075
1481 0.42048497548916075
1482 0.42048497548916075
1483 0.42048497548916075
1484 0.42048497548916075
1485 3.2007798084951014
1486 2.9220899594992007
1487 2.9220899594992007
1488 2.9220899594992007
1489 2.9220899594992007
1490 2.9220899594992007
1491 4.8676256451538595
1492 4.8676256451538595
1493 4.8676256451538595
1494 4.8676256451538595
1495 4.8676256451538595
1496 4.029131327715998
1497 4.029131327715998
1498 4.029131327715998
1499 4.029131327715998
1500 4.029131327715998
1501 4.229943747512971
1502 4.229943747512971
1503 4.229943747512971
1504 4.229943747512971
1505 4.229943747512971
1506 3.27918948279869
1507 3.27918948279869
1508 3.27918948279869
1509 3.27918948279869
1510 3.27918948279869
1511 3.9541743544211996
1512 3.9541743544211996
1513 3.9541743544211996
1514 3.9541743544211996
1515 3.9541743544211996
1516 4.12166231494578
1517 4.12166231494578
1518 4.12166231494578
1519 4.12166231494578
1520 4.12166231494578
1521 4.758473192686595
1522 4.758473192686595
1523 4.758473192686595
1524 1.7284372152505243
1525 1.7284372152505243
1526 1.7284372152505243
1527 1.7284372152505243
1528 1.7284372152505243
1529 1.306109883615603
1530 1.306109883615603
1531 1.306109883615603
1532 1.306109883615603
1533 1.306109883615603
1534 1.735404207044311
1535 1.735404207044311
1536 1.735404207044311
1537 1.735404207044311
1538 1.735404207044311
1539 1.7378342892897836
1540 1.7378342892897836
1541 1.7378342892897836
1542 1.7378342892897836
1543 1.7378342892897836
1544 1.218676434547684
1545 1.218676434547684
1546 1.218676434547684
1547 1.218676434547684
1548 1.218676434547684
1549 1.4752817583924984
1550 1.4752817583924984
1551 1.4752817583924984
1552 1.4752817583924984
1553 2.004078147960888
1554 2.004078147960888
1555 2.004078147960888
1556 2.004078147960888
1557 2.004078147960888
1558 2.0062626577137967
1559 2.0062626577137967
1560 2.0062626577137967
1561 2.0062626577137967
1562 2.0062626577137967
1563 2.258481909087177
1564 2.258481909087177
1565 2.258481909087177
1566 2.258481909087177
1567 2.258481909087177
1568 2.210057730936981
1569 2.210057730936981
1570 2.210057730936981
1571 2.210057730936981
1572 2.210057730936981
1573 1.882951085223422
1574 1.882951085223422
1575 3.150836663127304
1576 3.150836663127304
1577 3.150836663127304
1578 3.150836663127304
1579 3.150836663127304
1580 2.7602550393542318
1581 2.7602550393542318
1582 2.7602550393542318
1583 2.7602550393542318
1584 2.7602550393542318
1585 3.2860186109400913
1586 3.2860186109400913
1587 3.2860186109400913
1588 3.2860186109400913
1589 3.2860186109400913
1590 3.135251515083518
1591 3.135251515083518
1592 3.135251515083518
1593 3.135251515083518
1594 3.135251515083518
1595 3.3143536514998306
1596 0.579169172739928
1597 0.579169172739928
1598 0.579169172739928
1599 0.579169172739928
1600 0.579169172739928
1601 0.7160796096433804
1602 0.7160796096433804
1603 0.7160796096433804
1604 0.7160796096433804
1605 0.7160796096433804
1606 0.7368141501128127
1607 0.7368141501128127
1608 0.7368141501128127
1609 1.743996192690601
1610 1.743996192690601
1611 1.743996192690601
1612 1.743996192690601
1613 1.743996192690601
1614 1.9280334327601854
1615 1.9280334327601854
1616 1.9280334327601854
1617 1.9280334327601854
1618 1.9280334327601854
1619 2.25381343222257
1620 2.25381343222257
1621 2.25381343222257
1622 2.25381343222257
1623 2.25381343222257
1624 2.965862450546959
1625 2.965862450546959
1626 2.965862450546959
1627 2.965862450546959
1628 2.965862450546959
1629 1.9635353505710584
1630 3.7671468159927177
1631 3.7671468159927177
1632 3.7671468159927177
1633 3.7671468159927177
1634 3.7671468159927177
1635 3.4496621922544963
1636 3.4496621922544963
1637 3.4496621922544963
1638 3.4496621922544963
1639 3.4496621922544963
1640 3.505964695432964
1641 3.505964695432964
1642 3.505964695432964
1643 3.505964695432964
1644 3.505964695432964
1645 3.259843011507549
1646 3.259843011507549
1647 3.259843011507549
1648 3.259843011507549
1649 3.259843011507549
1650 3.1357445722761508
1651 3.1357445722761508
1652 3.1357445722761508
1653 3.1357445722761508
1654 3.1357445722761508
1655 2.449825468182917
1656 2.449825468182917
1657 2.449825468182917
1658 2.449825468182917
1659 2.449825468182917
1660 2.9665718130947822
1661 2.9665718130947822
1662 2.9665718130947822
1663 2.9665718130947822
1664 2.9665718130947822
1665 3.5637871057718407
1666 3.5637871057718407
1667 3.5637871057718407
1668 3.5637871057718407
1669 3.5637871057718407
1670 3.3200466330995826
1671 3.3200466330995826
1672 3.3200466330995826
1673 3.3200466330995826
1674 3.3200466330995826
1675 3.407294597315474
1676 3.824180773996326
1677 3.824180773996326
1678 3.824180773996326
1679 3.824180773996326
1680 3.824180773996326
1681 1.1103824196366507
1682 1.1103824196366507
1683 1.1103824196366507
1684 1.1103824196366507
1685 1.1103824196366507
1686 1.1990538590703408
1687 1.1990538590703408
1688 1.1990538590703408
1689 0.7509521883538688
1690 0.7509521883538688
1691 0.20212731770762385
1692 0.20212731770762385
1693 0.20212731770762385
1694 0.20212731770762385
1695 0.20212731770762385
1696 0.26132043131635196
1697 0.26132043131635196
1698 0.26132043131635196
1699 0.26132043131635196
1700 0.26132043131635196
1701 0.18987708503258077
1702 0.18987708503258077
1703 0.18987708503258077
1704 0.18987708503258077
1705 0.18987708503258077
1706 0.16153525894709173
1707 0.16153525894709173
1708 0.16153525894709173
1709 0.16153525894709173
1710 0.16153525894709173
1711 0.1867621719849686
1712 0.1867621719849686
1713 0.1867621719849686
1714 0.1867621719849686
1715 0.1867621719849686
1716 0.20515769715367674
1717 0.20515769715367674
1718 0.20515769715367674
1719 0.20515769715367674
1720 0.20515769715367674
1721 0.19369630905557708
1722 1.9166156193103991
1723 1.9166156193103991
1724 1.9166156193103991
1725 1.9166156193103991
1726 1.9166156193103991
1727 0.6418734406846675
1728 0.6418734406846675
1729 0.6418734406846675
1730 0.6418734406846675
1731 0.6418734406846675
1732 0.7111598554677233
1733 0.7111598554677233
1734 0.7111598554677233
1735 0.7111598554677233
1736 0.7111598554677233
1737 0.7111375615527382
1738 0.7111375615527382
1739 0.7111375615527382
1740 2.1423052401641667
1741 2.1423052401641667
1742 2.1423052401641667
1743 2.1423052401641667
1744 2.1423052401641667
1745 1.8128275278706938
1746 1.8128275278706938
1747 1.8128275278706938
1748 1.8128275278706938
1749 2.0139595893667517
1750 2.0139595893667517
1751 2.0139595893667517
1752 2.0139595893667517
1753 2.0139595893667517
1754 1.632432224613001
1755 1.632432224613001
1756 1.632432224613001
1757 1.632432224613001
1758 3.5421427258132816
1759 3.5421427258132816
1760 3.5421427258132816
1761 3.5421427258132816
1762 3.5421427258132816
1763 3.3480355936532864
1764 3.3480355936532864
1765 3.3480355936532864
1766 3.3480355936532864
1767 3.3480355936532864
1768 3.3718396543748224
1769 3.3718396543748224
1770 3.3718396543748224
1771 3.3718396543748224
1772 3.3718396543748224
1773 3.248608071793716
1774 3.248608071793716
1775 3.248608071793716
1776 3.248608071793716
1777 3.248608071793716
1778 2.22745708430739
1779 2.22745708430739
1780 2.22745708430739
1781 2.22745708430739
1782 2.22745708430739
1783 2.3663025161331332
1784 2.3663025161331332
1785 2.3663025161331332
1786 2.3663025161331332
1787 2.3663025161331332
1788 2.3374084286023704
1789 2.3374084286023704
1790 2.3374084286023704
1791 2.3374084286023704
1792 2.3374084286023704
1793 2.617685604384307
1794 2.617685604384307
1795 2.617685604384307
1796 2.617685604384307
1797 2.617685604384307
1798 2.136920402541296
1799 2.136920402541296
1800 2.136920402541296
1801 2.136920402541296
1802 2.136920402541296
1803 4.346776871105144
1804 4.346776871105144
1805 4.346776871105144
1806 4.346776871105144
1807 4.346776871105144
1808 4.356374849395016
1809 4.356374849395016
1810 4.356374849395016
1811 4.356374849395016
1812 4.356374849395016
1813 3.6010539655900318
1814 3.6010539655900318
1815 3.6010539655900318
1816 3.6010539655900318
1817 3.6010539655900318
1818 3.8417226394181796
1819 3.8417226394181796
1820 3.8417226394181796
1821 3.8417226394181796
1822 3.8417226394181796
1823 3.289697250552333
1824 3.289697250552333
1825 3.289697250552333
1826 3.289697250552333
1827 3.289697250552333
1828 4.773039452714385
1829 4.773039452714385
1830 4.773039452714385
1831 4.773039452714385
1832 4.773039452714385
1833 3.9128489647995623
1834 3.9128489647995623
1835 3.9128489647995623
1836 3.9128489647995623
1837 3.9128489647995623
1838 3.5775454734207406
1839 3.5775454734207406
1840 3.5775454734207406
1841 3.5775454734207406
1842 3.5775454734207406
1843 3.5379190235639872
1844 2.309242135980133
1845 2.309242135980133
1846 2.309242135980133
1847 2.309242135980133
1848 2.309242135980133
1849 3.4710000789754107
1850 3.4710000789754107
1851 3.4710000789754107
1852 3.4710000789754107
1853 3.4710000789754107
1854 3.6094918300941643
1855 3.6094918300941643
1856 3.6094918300941643
1857 3.6094918300941643
1858 3.6094918300941643
1859 2.995240615987644
1860 2.995240615987644
1861 2.995240615987644
1862 2.995240615987644
1863 2.995240615987644
1864 3.461237292537645
1865 3.461237292537645
1866 3.461237292537645
1867 3.461237292537645
1868 3.461237292537645
1869 3.299769946846229
1870 3.299769946846229
1871 3.299769946846229
1872 2.0804278106077905
1873 2.0804278106077905
1874 2.0804278106077905
1875 2.0804278106077905
1876 2.0804278106077905
1877 1.716214708598308
1878 1.716214708598308
1879 1.716214708598308
1880 1.716214708598308
1881 1.716214708598308
1882 1.9109927214977747
1883 1.9109927214977747
1884 1.9109927214977747
1885 1.9109927214977747
1886 1.9109927214977747
1887 2.0110207428291345
1888 2.0110207428291345
1889 2.0110207428291345
1890 2.0110207428291345
1891 2.0110207428291345
1892 2.161696094541144
1893 2.161696094541144
1894 2.161696094541144
1895 2.161696094541144
1896 2.161696094541144
1897 2.025327254462749
1898 2.025327254462749
1899 2.025327254462749
1900 2.025327254462749
1901 2.025327254462749
1902 2.121048305348127
1903 2.121048305348127
1904 2.121048305348127
1905 2.121048305348127
1906 2.121048305348127
1907 2.104282046249768
1908 2.104282046249768
1909 2.104282046249768
1910 3.5466023553147616
1911 3.5466023553147616
1912 3.5466023553147616
1913 3.5466023553147616
1914 3.5466023553147616
1915 3.067948992366807
1916 3.067948992366807
1917 3.067948992366807
1918 3.067948992366807
1919 3.067948992366807
1920 3.578878542442893
1921 3.578878542442893
1922 3.578878542442893
1923 3.578878542442893
1924 3.578878542442893
1925 3.0804593912649834
1926 3.0804593912649834
1927 3.0804593912649834
1928 3.0804593912649834
1929 3.0804593912649834
1930 2.7060307240632953
1931 2.7060307240632953
1932 2.7060307240632953
1933 2.7060307240632953
1934 2.7060307240632953
1935 3.5270900640976364
1936 3.5270900640976364
1937 3.5270900640976364
1938 3.5270900640976364
1939 3.5270900640976364
1940 3.714420814103168
1941 3.714420814103168
1942 3.714420814103168
1943 3.714420814103168
1944 3.714420814103168
1945 1.4375390787921691
1946 1.4375390787921691
1947 1.4375390787921691
1948 1.4375390787921691
1949 1.4375390787921691
1950 1.5681865953297216
1951 1.5681865953297216
1952 1.5681865953297216
1953 1.5681865953297216
1954 3.5276006162603646
1955 3.5276006162603646
1956 3.5276006162603646
1957 3.5276006162603646
1958 3.5276006162603646
1959 3.216655776121661
1960 3.216655776121661
1961 3.216655776121661
1962 3.216655776121661
1963 3.216655776121661
1964 3.1497823686753534
1965 3.1497823686753534
1966 3.1497823686753534
1967 3.1497823686753534
1968 3.1497823686753534
1969 3.1398516298018535
1970 3.1398516298018535
1971 3.1398516298018535
1972 3.1398516298018535
1973 3.1398516298018535
1974 3.527293900949681
1975 3.527293900949681
1976 3.527293900949681
1977 3.527293900949681
1978 3.527293900949681
1979 4.388156843999984
1980 4.388156843999984
1981 4.388156843999984
1982 4.388156843999984
1983 4.388156843999984
1984 3.5441551234544173
1985 3.5441551234544173
1986 3.5441551234544173
1987 3.5441551234544173
1988 3.5441551234544173
1989 2.7806010642897987
1990 2.7806010642897987
1991 2.7806010642897987
1992 2.7806010642897987
1993 2.7806010642897987
1994 3.422225331852079
1995 3.422225331852079
1996 3.422225331852079
1997 3.422225331852079
1998 3.422225331852079
1999 2.9736692034207564
