0 2.9045499805252444
1 2.9045499805252444
2 2.76941651297001
3 0.6173894916464276
4 0.6173894916464276
5 0.6264695190214227
6 0.6264695190214227
7 0.5873835400582781
8 0.5873835400582781
9 0.6523794038713934
10 0.6523794038713934
11 0.6609169757116387
12 0.6609169757116387
13 0.7304989005052683
14 0.7304989005052683
15 0.6750074766214964
16 0.6750074766214964
17 0.6273914065193689
18 0.6273914065193689
19 0.6116958646160474
20 0.6116958646160474
21 0.646342890644851
22 0.646342890644851
23 0.773389075890023
24 0.773389075890023
25 0.6207590560422469
26 0.6207590560422469
27 0.6148518282330366
28 0.6148518282330366
29 0.5324650547522247
30 0.5324650547522247
31 0.6653757158173762
32 0.6653757158173762
33 0.7527747534987591
34 0.7527747534987591
35 0.634193578965243
36 0.634193578965243
37 0.6796878079562123
38 0.6796878079562123
39 0.640132335133357
40 0.640132335133357
41 0.6364303100583403
42 0.6364303100583403
43 0.5715805028726432
44 0.5715805028726432
45 0.6656512553220393
46 0.6656512553220393
47 0.721194886989075
48 0.721194886989075
49 0.6359721565258438
50 0.6359721565258438
51 0.70769734970546
52 0.70769734970546
53 0.7375118763731866
54 0.7375118763731866
55 0.6422191018560132
56 0.6422191018560132
57 0.6495909468950668
58 0.6495909468950668
59 0.6813884669786483
60 0.6813884669786483
61 0.6567521386186215
62 0.6567521386186215
63 0.7333900959506883
64 0.7333900959506883
65 0.7038918107230562
66 0.7038918107230562
67 0.655546113973174
68 1.78169895879565
69 1.78169895879565
70 2.0838999498962703
71 2.0838999498962703
72 0.6778783636181817
73 0.6778783636181817
74 0.6756483435565536
75 0.6756483435565536
76 0.6648832297023077
77 0.6648832297023077
78 0.6460853298301538
79 0.6460853298301538
80 0.6084495568154884
81 0.6084495568154884
82 0.6593318803628504
83 0.6593318803628504
84 0.723350898555644
85 0.723350898555644
86 1.9205703381468127
87 1.9205703381468127
88 2.348389486946914
89 2.348389486946914
90 1.8476230218825287
91 1.8476230218825287
92 1.8956509639189338
93 1.8956509639189338
94 2.3237606557478854
95 2.3237606557478854
96 2.35263388889134
97 2.35263388889134
98 2.2216980294585604
99 0.640323708075707
100 2.958530591419485
101 2.958530591419485
102 3.592519520307907
103 3.592519520307907
104 3.266211505007085
105 3.266211505007085
106 3.1747796012646856
107 3.1747796012646856
108 3.110800376200574
109 3.110800376200574
110 3.4557040097620675
111 3.4557040097620675
112 3.5978167208864296
113 3.5978167208864296
114 3.6965104365324977
115 3.6965104365324977
116 3.880248453903212
117 3.880248453903212
118 1.1450152064748154
119 1.1450152064748154
120 1.1023615121121768
121 1.1023615121121768
122 1.2026058434716616
123 2.2526950690652203
124 2.2526950690652203
125 2.674404819019704
126 2.674404819019704
127 2.5032865888379177
128 2.5032865888379177
129 1.5837010478198814
130 1.5837010478198814
131 1.510558303822766
132 1.510558303822766
133 1.7533882026013476
134 1.7533882026013476
135 1.5113910029025484
136 1.5113910029025484
137 1.4530381287036398
138 1.4530381287036398
139 1.3557071361417132
140 1.3557071361417132
141 1.448923184842539
142 1.448923184842539
143 1.3332252481059905
144 1.3332252481059905
145 1.7268088074791759
146 1.7268088074791759
147 1.5989242812150688
148 1.5989242812150688
149 1.528053986379256
150 3.298438174290429
151 3.298438174290429
152 3.1528459643763527
153 3.1528459643763527
154 3.147364749056777
155 3.147364749056777
156 3.8141905708848216
157 3.8141905708848216
158 3.457513264149273
159 3.457513264149273
160 2.8259474846435295
161 2.8259474846435295
162 3.6335455093056046
163 3.6335455093056046
164 3.253367865110621
165 3.253367865110621
166 3.40562841163567
167 3.40562841163567
168 3.3296045450266045
169 3.3296045450266045
170 3.3550819323836776
171 3.3550819323836776
172 3.135951776538049
173 3.135951776538049
174 1.3916852637657238
175 1.3916852637657238
176 1.319132066431843
177 1.319132066431843
178 1.8321000914969725
179 1.8321000914969725
180 1.6624275453349064
181 1.6624275453349064
182 1.4268094125119077
183 1.4268094125119077
184 1.2812620725724095
185 1.2812620725724095
186 1.7858731505055878
187 1.7858731505055878
188 0.19905512524689487
189 0.19905512524689487
190 0.20535971289519356
191 3.3833123504018747
192 3.3833123504018747
193 2.4147254678348875
194 2.4147254678348875
195 3.094073941257229
196 3.094073941257229
197 2.4975914789113327
198 2.4975914789113327
199 3.0254372291276908
200 3.0254372291276908
201 2.886783623154504
202 2.886783623154504
203 0.6969151208938996
204 3.3615162710733255
205 3.3615162710733255
206 3.766717423745743
207 3.766717423745743
208 3.803160031549819
209 3.803160031549819
210 3.143430115355633
211 3.143430115355633
212 3.555485256451998
213 2.902285275005912
214 2.902285275005912
215 2.668560385711474
216 2.668560385711474
217 2.741088145187513
218 2.741088145187513
219 3.2197240283733906
220 3.2197240283733906
221 2.8154879299134103
222 2.8154879299134103
223 2.270694724281765
224 2.270694724281765
225 2.6125514343907033
226 2.6125514343907033
227 2.6356470487836656
228 2.6356470487836656
229 2.5147958071093295
230 2.5147958071093295
231 2.717260330518656
232 4.840424058138023
233 4.840424058138023
234 4.610294227549139
235 4.610294227549139
236 4.434351666803349
237 4.434351666803349
238 4.260178009272783
239 4.260178009272783
240 4.942694682694918
241 4.942694682694918
242 4.717967509195777
243 4.717967509195777
244 4.135142482165598
245 4.135142482165598
246 4.164648828541318
247 4.164648828541318
248 4.532966674765386
249 4.532966674765386
250 4.71282301465111
251 4.71282301465111
252 4.216699191497793
253 4.216699191497793
254 4.165481559990247
255 4.165481559990247
256 4.067117717177862
257 4.067117717177862
258 4.308792640860251
259 4.308792640860251
260 2.3350754776097142
261 2.3350754776097142
262 2.4256959025487705
263 2.4256959025487705
264 2.570207945686013
265 3.670441021995844
266 3.670441021995844
267 3.443090788489566
268 3.443090788489566
269 3.8250894029978846
270 3.8250894029978846
271 3.4244992769983917
272 3.4244992769983917
273 4.200802788565981
274 4.200802788565981
275 0.6374100584779807
276 0.6374100584779807
277 0.7153345829808943
278 0.7153345829808943
279 0.6695314129972669
280 2.241458122778379
281 2.241458122778379
282 1.8987079181455562
283 1.1278341414066317
284 1.1278341414066317
285 1.2795493093085262
286 1.2795493093085262
287 1.2094698195314189
288 1.2094698195314189
289 1.18350937669801
290 1.18350937669801
291 1.195535901129334
292 1.195535901129334
293 1.077314751391463
294 1.077314751391463
295 1.2244220135653254
296 1.2244220135653254
297 0.9315278701500327
298 0.9315278701500327
299 1.054011442125674
300 2.532868166816761
301 2.532868166816761
302 2.7710990134479765
303 2.7710990134479765
304 2.9895740368006485
305 2.9895740368006485
306 2.862387514201261
307 2.862387514201261
308 3.416828364305307
309 3.416828364305307
310 2.779170963331686
311 2.779170963331686
312 2.365218799736434
313 1.6232254534140362
314 1.6232254534140362
315 1.4306874545669561
316 1.4306874545669561
317 1.5337214538260953
318 1.5337214538260953
319 1.587494255608847
320 1.587494255608847
321 1.4991287158691962
322 1.4991287158691962
323 1.5275442092020786
324 1.5275442092020786
325 1.6795863650107556
326 1.6795863650107556
327 1.6432983129259364
328 1.6432983129259364
329 1.6669993359580209
330 1.6669993359580209
331 1.6285487854697909
332 1.6285487854697909
333 4.176986266682056
334 4.176986266682056
335 4.13185884507111
336 4.13185884507111
337 3.592957924450856
338 3.592957924450856
339 4.103451960238763
340 4.103451960238763
341 4.266977620114969
342 4.266977620114969
343 3.6968394110835208
344 3.6968394110835208
345 3.6747533126071907
346 3.6747533126071907
347 3.9464396562309116
348 3.9464396562309116
349 3.663502653930872
350 1.5537514140912017
351 1.5537514140912017
352 1.5680355960225192
353 1.5680355960225192
354 1.6723772213361954
355 1.6723772213361954
356 1.683422340762056
357 1.683422340762056
358 1.4043315989532015
359 1.4043315989532015
360 1.658401040062946
361 1.658401040062946
362 1.438049503545574
363 1.438049503545574
364 1.7833707484253754
365 1.7833707484253754
366 1.4178240559055637
367 1.4178240559055637
368 1.3753289678083038
369 1.3753289678083038
370 1.7043870756774315
371 1.7043870756774315
372 1.5067890880493637
373 1.5067890880493637
374 1.4883380744565369
375 4.365662452221855
376 4.365662452221855
377 4.070397770802157
378 4.070397770802157
379 3.6411379338075287
380 3.6411379338075287
381 4.3092334229962175
382 4.3092334229962175
383 3.974412279801883
384 3.974412279801883
385 3.869455390660152
386 3.869455390660152
387 3.771371264210286
388 3.771371264210286
389 3.986402157032316
390 3.986402157032316
391 3.740065846721591
392 3.740065846721591
393 3.622440799120035
394 2.213961486841034
395 2.213961486841034
396 2.216030663840377
397 2.216030663840377
398 2.067648973554937
399 2.067648973554937
400 2.076457793887788
401 2.076457793887788
402 2.2262247120284786
403 2.2262247120284786
404 2.5694344844141592
405 2.5694344844141592
406 2.5594299045513798
407 2.5594299045513798
408 2.5143401144888875
409 2.5143401144888875
410 2.5638335841747995
411 2.5638335841747995
412 2.3948606034412228
413 2.3948606034412228
414 3.008098741124698
415 3.008098741124698
416 2.7416297044224245
417 2.7416297044224245
418 2.4845769162879625
419 2.4845769162879625
420 2.5681070256320933
421 2.5681070256320933
422 2.592376788227362
423 2.592376788227362
424 2.6942461131085356
425 2.6942461131085356
426 2.269354879456766
427 2.269354879456766
428 2.32347940613074
429 3.4626669827040555
430 3.4626669827040555
431 3.7202127214263263
432 3.7202127214263263
433 2.750571209776299
434 2.750571209776299
435 3.028621159278016
436 3.028621159278016
437 3.2097829975816996
438 3.2097829975816996
439 3.8431514260850275
440 3.8431514260850275
441 2.851755487375674
442 2.851755487375674
443 3.598829038832292
444 3.598829038832292
445 3.0537647973066955
446 3.0537647973066955
447 3.1099424843093884
448 3.1099424843093884
449 3.150249116462313
450 3.150249116462313
451 3.077789425918798
452 3.077789425918798
453 3.0915869738108714
454 3.0915869738108714
455 3.2684833432806544
456 3.2684833432806544
457 3.024431644283485
458 3.024431644283485
459 3.5391270939482453
460 3.5391270939482453
461 3.1101952320007684
462 3.1101952320007684
463 3.394332218924763
464 3.394332218924763
465 3.0710360957622695
466 3.0710360957622695
467 3.411824250276716
468 3.411824250276716
469 3.7602833259923556
470 3.7602833259923556
471 3.661718583272715
472 3.661718583272715
473 2.9147832749933227
474 2.9147832749933227
475 3.070043840191237
476 3.070043840191237
477 3.30125155705583
478 3.30125155705583
479 3.603087467922063
480 3.603087467922063
481 3.530379728490721
482 3.530379728490721
483 3.0013004820323097
484 3.0013004820323097
485 3.1266421598970204
486 3.1266421598970204
487 3.426471794613702
488 3.426471794613702
489 3.276479262937885
490 3.276479262937885
491 3.5321684714001877
492 3.5321684714001877
493 3.0741728831545285
494 3.0741728831545285
495 3.8124648741353844
496 3.8124648741353844
497 3.3687847076518476
498 3.3687847076518476
499 1.7890710106477297
500 1.7890710106477297
501 1.4196755445619018
502 1.4196755445619018
503 1.6943276128713496
504 1.6943276128713496
505 1.594393757062779
506 1.594393757062779
507 1.7012696136380456
508 1.7012696136380456
509 1.7290992775164633
510 1.7290992775164633
511 1.4203653879503082
512 1.4203653879503082
513 1.559863604826614
514 1.559863604826614
515 1.563531011353188
516 1.563531011353188
517 1.4287120660215862
518 1.4287120660215862
519 1.3128336747989515
520 1.3128336747989515
521 1.516735688138335
522 1.516735688138335
523 1.5320584004366082
524 1.5320584004366082
525 3.7321513605393957
526 3.7321513605393957
527 3.5066883544486753
528 3.5066883544486753
529 3.4200201617778387
530 3.4200201617778387
531 2.934921131094486
532 2.934921131094486
533 3.394269845912568
534 3.394269845912568
535 3.3672272028455406
536 3.3672272028455406
537 3.4685014079386605
538 3.4685014079386605
539 3.0172273916352608
540 3.0172273916352608
541 3.937344992109666
542 3.937344992109666
543 3.034500181546661
544 3.034500181546661
545 4.238093634317201
546 4.238093634317201
547 3.3789530504067855
548 3.3789530504067855
549 3.5578663682840177
550 3.5578663682840177
551 3.3324040139086364
552 3.3324040139086364
553 2.781099047189922
554 2.781099047189922
555 3.2933217874762337
556 3.2933217874762337
557 3.348651094378044
558 3.348651094378044
559 1.820504389536075
560 1.820504389536075
561 1.9782739945221748
562 1.9782739945221748
563 2.0574303112139427
564 2.0574303112139427
565 2.158354955766014
566 2.158354955766014
567 2.036426337307934
568 2.8458103356015076
569 2.8458103356015076
570 3.109544488692209
571 3.109544488692209
572 4.182374921591529
573 4.182374921591529
574 4.549524505943145
575 4.549524505943145
576 3.90205209507868
577 3.90205209507868
578 3.9241548749167174
579 3.9241548749167174
580 2.8126067388944307
581 2.8126067388944307
582 2.7704862130028323
583 2.7704862130028323
584 3.4743427091779497
585 3.4743427091779497
586 4.056917552351858
587 4.056917552351858
588 3.4579037501742227
589 3.4579037501742227
590 3.044734102338137
591 3.044734102338137
592 3.7703572696521697
593 3.7703572696521697
594 3.8875403212129944
595 3.8875403212129944
596 2.9980152674043805
597 2.9980152674043805
598 3.5413735166649483
599 3.5413735166649483
600 3.5482532323773137
601 3.5482532323773137
602 3.798546460472525
603 3.798546460472525
604 3.442051508133806
605 3.442051508133806
606 1.463870645739053
607 1.463870645739053
608 1.4094039021591602
609 1.4094039021591602
610 1.5490917080273328
611 1.5490917080273328
612 1.5425753217671712
613 1.5425753217671712
614 1.6551770216106965
615 1.6551770216106965
616 1.6749238818682632
617 1.6749238818682632
618 3.113951746054847
619 3.113951746054847
620 2.9239350544205345
621 2.9239350544205345
622 3.3926502654726214
623 3.3926502654726214
624 3.6538469245466727
625 3.6538469245466727
626 3.6468687055872637
627 3.6468687055872637
628 3.336884688969714
629 3.336884688969714
630 3.4903805242989145
631 3.4903805242989145
632 3.329002843602031
633 3.329002843602031
634 3.3116153237844976
635 3.3116153237844976
636 4.124665573035289
637 1.7261887159586597
638 1.7261887159586597
639 1.0147444745435932
640 1.0147444745435932
641 1.0777133497036901
642 1.0777133497036901
643 0.9384354282680109
644 0.9384354282680109
645 1.0404120201468339
646 1.0404120201468339
647 1.150243857155601
648 1.150243857155601
649 0.9890506849262971
650 0.1641213089556224
651 0.1641213089556224
652 0.1878181261799327
653 0.1878181261799327
654 0.6456330061256105
655 0.6456330061256105
656 0.5846514075863799
657 0.5846514075863799
658 0.6758132285198688
659 0.6758132285198688
660 0.6584764814675975
661 0.6584764814675975
662 0.7598962131694599
663 0.7598962131694599
664 0.6364774639101668
665 0.6364774639101668
666 0.6152650199176616
667 2.721094607485093
668 2.721094607485093
669 2.659373121528931
670 2.659373121528931
671 3.554609232612015
672 3.554609232612015
673 3.5011762161226336
674 3.5011762161226336
675 3.106123792448818
676 3.106123792448818
677 3.616725675046961
678 3.616725675046961
679 3.271272763815615
680 3.271272763815615
681 3.0300493693246384
682 3.0300493693246384
683 3.4877505928670005
684 3.4877505928670005
685 3.630924191261759
686 3.630924191261759
687 3.8514251000409088
688 3.8514251000409088
689 3.8141589482258125
690 3.8141589482258125
691 3.8082286287573366
692 3.8082286287573366
693 4.252400146059346
694 4.252400146059346
695 3.4913509276350245
696 3.4913509276350245
697 3.7121246087768274
698 3.7121246087768274
699 3.596331814702745
700 3.596331814702745
701 3.4625487538197515
702 3.4625487538197515
703 3.8610935257403276
704 3.8610935257403276
705 4.155130220143768
706 4.155130220143768
707 4.372633999774191
708 4.372633999774191
709 2.6272223761382687
710 2.6272223761382687
711 2.979025741351765
712 3.65180417360436
713 3.65180417360436
714 3.6665914884317417
715 3.6665914884317417
716 3.3360442938112125
717 3.3360442938112125
718 3.2711480590523667
719 3.2711480590523667
720 3.7543018097855283
721 3.7543018097855283
722 3.6722477599676706
723 3.6722477599676706
724 3.726123836016552
725 3.726123836016552
726 3.666659313491153
727 3.666659313491153
728 3.6637839308508027
729 3.6637839308508027
730 3.8463782807646996
731 3.8463782807646996
732 4.215452779230939
733 4.215452779230939
734 3.485403884941827
735 3.485403884941827
736 3.59255055150529
737 3.59255055150529
738 2.244120492262842
739 2.244120492262842
740 2.3309794460557454
741 2.3309794460557454
742 1.7439179195165788
743 1.7439179195165788
744 2.1416526028852423
745 2.1416526028852423
746 1.918994987341853
747 1.918994987341853
748 1.95369571357775
749 1.95369571357775
750 2.0544434188737912
751 2.0544434188737912
752 1.9177074389239899
753 1.9177074389239899
754 2.0010699759658874
755 2.0010699759658874
756 0.6844662614788373
757 0.6844662614788373
758 0.6257298552566667
759 0.6257298552566667
760 0.6123949641199394
761 3.706055191271524
762 3.706055191271524
763 3.792572014890243
764 3.792572014890243
765 3.0131371889720677
766 3.0131371889720677
767 3.819116473730823
768 3.819116473730823
769 3.2115384846043473
770 3.2115384846043473
771 3.432912683506423
772 3.432912683506423
773 3.42504597278995
774 3.42504597278995
775 3.226666260531728
776 3.226666260531728
777 2.9981499456609075
778 2.9981499456609075
779 3.546894551209177
780 3.546894551209177
781 3.375285719497069
782 3.375285719497069
783 3.1934504443481595
784 3.1934504443481595
785 3.233269277691277
786 3.233269277691277
787 3.9158748713052294
788 3.9158748713052294
789 3.543197543232187
790 3.543197543232187
791 3.6151223987167547
792 3.6151223987167547
793 2.6872495415465916
794 2.6872495415465916
795 3.0669430208485675
796 3.0669430208485675
797 3.391613778378049
798 3.391613778378049
799 3.5516757929181386
800 3.5516757929181386
801 3.467601098110349
802 3.467601098110349
803 3.1613121888582207
804 3.1613121888582207
805 3.113913614212798
806 3.113913614212798
807 2.9747017647082736
808 2.9747017647082736
809 3.3903443137763545
810 2.6245618969537055
811 2.6245618969537055
812 1.5862929522647484
813 1.5862929522647484
814 1.505708317106968
815 1.505708317106968
816 1.4271161848253089
817 1.4271161848253089
818 1.7023703911452568
819 1.7023703911452568
820 1.5566906191551737
821 1.5566906191551737
822 1.4652359308153884
823 1.4652359308153884
824 1.8298059526474468
825 1.8298059526474468
826 1.7716230983806418
827 1.7716230983806418
828 1.6140781336248968
829 1.6140781336248968
830 1.467993153720803
831 1.467993153720803
832 1.4614481845220537
833 1.4614481845220537
834 1.788778384944028
835 1.788778384944028
836 1.3798305263543642
837 1.3798305263543642
838 1.5498709297802897
839 1.5498709297802897
840 1.7194026156127324
841 1.7194026156127324
842 1.2665551599294873
843 1.2665551599294873
844 1.4033547739406382
845 3.577651159880309
846 3.577651159880309
847 3.7892594086750444
848 3.7892594086750444
849 3.6525897523365893
850 3.6525897523365893
851 0.646885357892901
852 0.646885357892901
853 0.7008379623947497
854 0.7008379623947497
855 0.7127488698918266
856 0.7127488698918266
857 0.5976605863096327
858 0.5976605863096327
859 0.5932795263183301
860 0.5932795263183301
861 4.340243140418305
862 4.340243140418305
863 4.144641638093059
864 4.144641638093059
865 3.9452255262738567
866 3.9452255262738567
867 3.3309065648478082
868 3.3309065648478082
869 3.927244032601747
870 3.927244032601747
871 4.26261965914404
872 4.26261965914404
873 3.6464725131135762
874 3.6464725131135762
875 3.60045993429815
876 0.6055032233771911
877 0.6055032233771911
878 0.713770594679112
879 0.713770594679112
880 0.6522331446185761
881 0.6522331446185761
882 0.5861110213795652
883 0.5861110213795652
884 3.540190866490024
885 3.540190866490024
886 3.1112192226585886
887 3.1112192226585886
888 4.2926423844691355
889 4.2926423844691355
890 4.099088247179568
891 4.099088247179568
892 3.8101343984068725
893 3.8101343984068725
894 3.7578852115772645
895 3.7578852115772645
896 3.7613470747669773
897 3.7613470747669773
898 4.090242692407737
899 4.090242692407737
900 0.7349392356344415
901 0.7349392356344415
902 0.7607858981641251
903 0.7607858981641251
904 0.6445034325432536
905 0.6445034325432536
906 2.0602493580689045
907 2.0602493580689045
908 1.9756654313848705
909 1.9756654313848705
910 1.7378961015045278
911 1.7378961015045278
912 1.9961318415774187
913 1.9961318415774187
914 1.880667342718284
915 1.880667342718284
916 1.888397664850787
917 1.888397664850787
918 1.9471456386148527
919 1.9471456386148527
920 3.1340431829149265
921 3.1340431829149265
922 3.197930740988179
923 3.197930740988179
924 3.3657490465694337
925 3.3657490465694337
926 3.2063298556368105
927 2.1134478308140876
928 2.1134478308140876
929 2.0636618180757917
930 2.0636618180757917
931 2.1029192122353733
932 2.1029192122353733
933 2.0287201525901772
934 2.0287201525901772
935 1.9173841709017108
936 1.9173841709017108
937 2.1542584748433664
938 2.1542584748433664
939 2.0374425448584006
940 2.0374425448584006
941 1.0484940602020867
942 1.0484940602020867
943 1.133732152339286
944 1.133732152339286
945 0.9663658309104257
946 0.9663658309104257
947 1.191299120083718
948 2.290118009206326
949 2.290118009206326
950 2.534511023111828
951 2.534511023111828
952 3.0305140437811255
953 3.0305140437811255
954 2.473658238866348
955 2.473658238866348
956 2.6681342311722984
957 2.6681342311722984
958 2.5534485862267244
959 2.5534485862267244
960 2.6166980358880125
961 2.6166980358880125
962 2.074347494980472
963 2.074347494980472
964 2.343716784793378
965 2.343716784793378
966 2.626730031598938
967 2.626730031598938
968 2.351887681306276
969 2.351887681306276
970 2.500880938625402
971 2.500880938625402
972 2.4025268053282796
973 2.4025268053282796
974 2.4637854261858005
975 2.4637854261858005
976 2.5401784342356613
977 2.5401784342356613
978 2.2311905400904437
979 2.2311905400904437
980 2.4570100919010707
981 2.4570100919010707
982 2.172187729986562
983 2.172187729986562
984 2.2787560140015266
985 2.2787560140015266
986 3.0565845360548796
987 1.1335665081306883
988 1.1335665081306883
989 1.1010141476434998
990 1.1010141476434998
991 2.3930323900668666
992 2.3930323900668666
993 2.8009932965348465
994 2.8009932965348465
995 2.281714503263881
996 2.281714503263881
997 3.8411960529411724
998 3.8411960529411724
999 3.6462032899801797
1000 3.6462032899801797
1001 3.755066748625353
1002 3.755066748625353
1003 1.674751129950242
1004 1.674751129950242
1005 1.5734344003751035
1006 1.5734344003751035
1007 1.7026317428331361
1008 1.7026317428331361
1009 1.667058533908998
1010 1.667058533908998
1011 1.412622032815229
1012 1.273275695652433
1013 1.273275695652433
1014 1.0698853081599784
1015 1.0698853081599784
1016 1.1114910844085628
1017 1.1114910844085628
1018 1.046550891583682
1019 1.046550891583682
1020 1.0203566935610398
1021 1.0203566935610398
1022 1.0357383998247522
1023 1.0357383998247522
1024 1.0335670278044085
1025 1.0335670278044085
1026 1.08033509622945
1027 1.08033509622945
1028 1.169123997165497
1029 1.169123997165497
1030 1.224574348877849
1031 1.224574348877849
1032 1.1862383518920243
1033 1.1862383518920243
1034 1.0331550259386726
1035 1.0331550259386726
1036 1.0698370521068556
1037 1.0698370521068556
1038 1.1272963447481372
1039 1.1272963447481372
1040 1.1939932670607114
1041 1.1939932670607114
1042 1.2262103037656793
1043 1.2262103037656793
1044 1.0001132499185683
1045 1.0001132499185683
1046 1.0761470302643104
1047 1.0761470302643104
1048 1.0730936890928398
1049 1.0730936890928398
1050 1.1476224557283137
1051 1.1476224557283137
1052 0.9508780100059105
1053 0.9508780100059105
1054 1.0349604622242483
1055 1.0349604622242483
1056 1.0443003872278411
1057 1.0443003872278411
1058 1.0704260685558986
1059 1.0704260685558986
1060 1.1623899155916875
1061 1.1623899155916875
1062 1.0227152234459536
1063 1.0227152234459536
1064 1.1894906623834833
1065 1.1894906623834833
1066 1.0595554225320685
1067 1.0595554225320685
1068 1.1138412370289665
1069 1.1138412370289665
1070 1.324612381859465
1071 1.324612381859465
1072 1.2322186959230594
1073 1.2322186959230594
1074 1.134135124329234
1075 1.134135124329234
1076 1.0356346432470762
1077 1.0356346432470762
1078 2.731432062388815
1079 2.731432062388815
1080 2.5617915026400393
1081 2.5617915026400393
1082 2.455014703394162
1083 2.455014703394162
1084 2.6729355528671555
1085 2.6729355528671555
1086 2.1902293670185893
1087 2.1902293670185893
1088 2.1662250802843275
1089 2.1662250802843275
1090 2.747279885523527
1091 2.747279885523527
1092 2.4962418889704363
1093 2.4962418889704363
1094 2.570250227540928
1095 2.570250227540928
1096 2.719116504857443
1097 2.719116504857443
1098 2.6221131924570824
1099 2.6221131924570824
1100 2.485840665850438
1101 2.485840665850438
1102 2.555611187180793
1103 2.555611187180793
1104 1.9677560997777928
1105 1.9677560997777928
1106 2.3170122788694334
1107 2.3170122788694334
1108 2.3985703042288233
1109 2.3985703042288233
1110 2.3100649230734467
1111 2.3100649230734467
1112 2.506196647432631
1113 2.506196647432631
1114 2.2952159469683417
1115 2.2952159469683417
1116 2.344146134376252
1117 2.344146134376252
1118 2.352380924454155
1119 2.352380924454155
1120 2.4235074053216854
1121 2.4235074053216854
1122 2.5156984112560914
1123 2.5156984112560914
1124 2.5893616289347676
1125 2.5893616289347676
1126 2.384220515671941
1127 2.384220515671941
1128 2.427027742013081
1129 2.427027742013081
1130 2.4150220630802783
1131 2.4150220630802783
1132 2.4997787116867136
1133 2.4997787116867136
1134 2.7465622826129086
1135 2.7465622826129086
1136 2.5237186117281407
1137 2.5237186117281407
1138 2.562021738680457
1139 2.562021738680457
1140 2.632130488325747
1141 2.632130488325747
1142 2.203641927734695
1143 2.203641927734695
1144 2.176323340663299
1145 2.176323340663299
1146 2.3731979249886197
1147 2.3731979249886197
1148 2.5922399041987663
1149 2.5922399041987663
1150 2.382725980986745
1151 2.382725980986745
1152 2.315415173137353
1153 2.315415173137353
1154 2.403497156778288
1155 2.403497156778288
1156 2.4527239789033586
1157 2.4527239789033586
1158 2.270967408888284
1159 2.270967408888284
1160 2.547113204390545
1161 0.6971511731978239
1162 0.6971511731978239
1163 0.5477814285901375
1164 0.5477814285901375
1165 0.643618107240398
1166 0.643618107240398
1167 0.6499940173301542
1168 0.6499940173301542
1169 0.7384153392882412
1170 0.7384153392882412
1171 0.5817614940218773
1172 0.5817614940218773
1173 1.2044289837778974
1174 1.2044289837778974
1175 1.0683140011613261
1176 1.0683140011613261
1177 1.0174211871180578
1178 1.0174211871180578
1179 1.1242585375121303
1180 1.1242585375121303
1181 1.2140431153424942
1182 1.2140431153424942
1183 1.1626184202271317
1184 1.1626184202271317
1185 1.108522943148397
1186 1.108522943148397
1187 0.9903326811274924
1188 0.9903326811274924
1189 1.1576792094245263
1190 1.1576792094245263
1191 1.1477462751884016
1192 1.1477462751884016
1193 1.2042757497096406
1194 1.2042757497096406
1195 1.232968099668798
1196 1.232968099668798
1197 1.1635245263363885
1198 1.1635245263363885
1199 1.0640479958841125
1200 1.0640479958841125
1201 1.0858451154055584
1202 1.0858451154055584
1203 1.166940455949782
1204 1.166940455949782
1205 1.0118542937138122
1206 1.0118542937138122
1207 1.1343344179640047
1208 1.1343344179640047
1209 1.0716044319600664
1210 1.0716044319600664
1211 1.0856901779112051
1212 1.0856901779112051
1213 3.317707662196168
1214 3.317707662196168
1215 3.207779402102487
1216 3.207779402102487
1217 3.574434053873465
1218 3.574434053873465
1219 3.705119929890729
1220 1.1076039320341653
1221 1.1076039320341653
1222 1.1204296583731044
1223 1.1204296583731044
1224 1.1580911595133225
1225 1.1580911595133225
1226 1.183109093285081
1227 1.183109093285081
1228 1.072064802688947
1229 1.072064802688947
1230 1.2459688378573281
1231 1.2459688378573281
1232 1.0183542866314368
1233 1.0183542866314368
1234 1.3253765432208504
1235 1.3253765432208504
1236 1.0844479226699701
1237 1.0844479226699701
1238 1.1108205782039764
1239 1.1108205782039764
1240 1.143382871805176
1241 1.143382871805176
1242 1.0025249490221073
1243 1.0025249490221073
1244 1.1090862611768622
1245 1.1090862611768622
1246 1.1613848316704556
1247 1.1613848316704556
1248 1.0720675579064234
1249 1.0720675579064234
1250 1.1231444738181573
1251 1.1231444738181573
1252 1.1553392860668434
1253 1.1553392860668434
1254 1.2126578853419718
1255 1.2126578853419718
1256 0.9940931397207069
1257 0.9940931397207069
1258 1.1856095755137956
1259 1.1856095755137956
1260 1.1802407536352646
1261 1.1802407536352646
1262 1.1422385529893517
1263 1.1422385529893517
1264 1.1156026818522802
1265 1.1156026818522802
1266 1.1393556176277968
1267 1.1393556176277968
1268 1.195588317227703
1269 1.195588317227703
1270 1.0333588627198702
1271 1.0333588627198702
1272 1.1313780836230176
1273 1.1313780836230176
1274 1.1268854693449915
1275 1.1268854693449915
1276 2.5636298471680945
1277 2.5636298471680945
1278 2.1902285617955224
1279 2.1902285617955224
1280 2.4132040198624014
1281 2.4132040198624014
1282 2.5383226733566686
1283 2.5383226733566686
1284 2.4716498598986654
1285 2.4716498598986654
1286 2.813089008981921
1287 2.813089008981921
1288 2.3963489965867892
1289 2.3963489965867892
1290 2.3178969853820477
1291 2.1651808930801275
1292 2.1651808930801275
1293 2.0872790634902776
1294 2.0872790634902776
1295 2.0425914994457246
1296 2.0425914994457246
1297 2.146742432489833
1298 2.146742432489833
1299 2.153028629364198
1300 2.153028629364198
1301 2.1731142037921356
1302 2.1731142037921356
1303 1.7261574492384022
1304 1.7261574492384022
1305 2.046029815460337
1306 2.046029815460337
1307 2.062974185621678
1308 2.062974185621678
1309 2.0514365147224276
1310 2.0514365147224276
1311 2.3467905793165755
1312 2.3467905793165755
1313 1.79674494136433
1314 1.79674494136433
1315 2.1726600165189507
1316 1.041834090520716
1317 1.041834090520716
1318 1.1963776984858792
1319 4.316000435459693
1320 4.316000435459693
1321 3.957873874035956
1322 3.957873874035956
1323 4.016050985413741
1324 4.016050985413741
1325 3.780503923413505
1326 3.780503923413505
1327 3.619860150780271
1328 3.619860150780271
1329 4.101164251403466
1330 4.101164251403466
1331 3.906985065439013
1332 3.906985065439013
1333 3.5944905027762992
1334 3.5944905027762992
1335 3.8394993196351415
1336 3.8394993196351415
1337 3.879990278728185
1338 3.879990278728185
1339 3.1587971147155036
1340 3.1587971147155036
1341 4.030230556710862
1342 4.030230556710862
1343 3.943087257591124
1344 3.943087257591124
1345 0.5758533505958654
1346 0.5758533505958654
1347 0.528778499762639
1348 0.528778499762639
1349 0.6573257910958085
1350 0.6573257910958085
1351 0.608278386752934
1352 0.608278386752934
1353 0.8437022584147296
1354 0.8437022584147296
1355 0.6076280520261998
1356 0.6076280520261998
1357 2.879296384112816
1358 2.879296384112816
1359 2.750712723254948
1360 2.750712723254948
1361 2.608970011682957
1362 2.608970011682957
1363 2.9636473881067826
1364 2.9636473881067826
1365 2.8951644518081197
1366 2.8951644518081197
1367 2.717829334766773
1368 2.717829334766773
1369 2.4843259827331083
1370 2.4843259827331083
1371 2.896877943380134
1372 2.896877943380134
1373 3.3437646845155564
1374 3.3437646845155564
1375 2.575797034563705
1376 2.575797034563705
1377 2.793862821894058
1378 2.793862821894058
1379 1.0690791092907423
1380 1.0690791092907423
1381 1.0814018609747331
1382 1.0814018609747331
1383 1.0356401594711
1384 1.0356401594711
1385 1.21013959788619
1386 1.21013959788619
1387 1.183369157126764
1388 1.183369157126764
1389 1.1864005500129446
1390 1.1864005500129446
1391 1.1116575548210839
1392 1.1116575548210839
1393 0.9252713213729105
1394 0.9252713213729105
1395 1.0944152276199115
1396 1.0944152276199115
1397 1.0702950184380458
1398 1.0702950184380458
1399 1.1128255202505604
1400 1.1128255202505604
1401 1.1054781255804056
1402 1.1054781255804056
1403 1.0437300105325382
1404 1.0437300105325382
1405 1.097951650066569
1406 1.097951650066569
1407 1.1189196203793854
1408 3.0348192707098294
1409 3.0348192707098294
1410 3.087024663699568
1411 3.087024663699568
1412 2.799949138668005
1413 2.799949138668005
1414 0.5484733907335246
1415 0.5484733907335246
1416 0.5937412052609256
1417 0.5937412052609256
1418 0.7533995227165886
1419 0.7533995227165886
1420 0.717959660664251
1421 0.717959660664251
1422 0.6266295763196832
1423 0.6266295763196832
1424 0.7101961024964412
1425 0.7101961024964412
1426 0.6694779225257933
1427 0.6694779225257933
1428 0.6703332965131944
1429 0.6703332965131944
1430 0.664014378004439
1431 0.664014378004439
1432 0.6712857120302923
1433 0.6712857120302923
1434 0.5769929081992401
1435 0.5769929081992401
1436 2.071348415539233
1437 2.071348415539233
1438 2.3108985717100645
1439 2.3108985717100645
1440 1.9826040988342684
1441 1.9826040988342684
1442 1.9032407480591595
1443 1.9032407480591595
1444 1.9855553841310007
1445 1.9855553841310007
1446 2.030388113889217
1447 2.030388113889217
1448 2.0819121354839636
1449 2.0819121354839636
1450 2.1575475067250887
1451 2.1575475067250887
1452 2.0240542379635085
1453 2.0240542379635085
1454 2.096680219072566
1455 2.096680219072566
1456 2.2202516683742903
1457 0.1979666918849426
1458 0.1979666918849426
1459 0.20747655144168817
1460 0.20747655144168817
1461 0.21972981645406395
1462 0.21972981645406395
1463 0.20384715440507392
1464 0.20384715440507392
1465 2.3986102338226614
1466 2.3986102338226614
1467 2.1667111207902976
1468 2.1667111207902976
1469 2.611673636541762
1470 2.611673636541762
1471 2.407374558881585
1472 2.407374558881585
1473 2.4403531109298284
1474 2.4403531109298284
1475 2.533956786409174
1476 2.533956786409174
1477 2.462649246355287
1478 2.462649246355287
1479 2.721713678005837
1480 2.721713678005837
1481 2.6288032367909024
1482 2.6288032367909024
1483 2.3204599596083635
1484 2.3204599596083635
1485 2.559886138473481
1486 4.703938863178206
1487 4.703938863178206
1488 5.004554147091117
1489 5.004554147091117
1490 3.3440417882023628
1491 3.3440417882023628
1492 4.084819918146659
1493 4.084819918146659
1494 3.9748590357202174
1495 3.9748590357202174
1496 3.9172875022494087
1497 3.9172875022494087
1498 4.181649771857428
1499 4.181649771857428
1500 3.8873926542627415
1501 3.8873926542627415
1502 3.5788754584015448
1503 3.5788754584015448
1504 3.166580491272791
1505 2.3326779460442864
1506 2.3326779460442864
1507 1.6584285052541687
1508 1.6584285052541687
1509 1.6136907294877243
1510 0.7692059726157623
1511 0.7692059726157623
1512 0.6427293401480462
1513 0.6427293401480462
1514 0.5677010102787068
1515 0.5677010102787068
1516 0.7226835091603987
1517 0.7226835091603987
1518 0.6710861058336497
1519 2.2870311152101133
1520 2.2870311152101133
1521 2.171013642016482
1522 3.8651789265165823
1523 3.8651789265165823
1524 3.9856886637723847
1525 3.9856886637723847
1526 4.160944127945374
1527 4.160944127945374
1528 3.5774215834543366
1529 3.5774215834543366
1530 2.9181848681569074
1531 2.9181848681569074
1532 3.968768528413094
1533 3.968768528413094
1534 4.263279684123346
1535 4.263279684123346
1536 4.054764603405819
1537 3.426734454258364
1538 3.426734454258364
1539 2.6166093749236143
1540 2.6166093749236143
1541 2.9322135838920063
1542 2.9322135838920063
1543 3.0408919166806787
1544 3.0408919166806787
1545 3.330770272414476
1546 3.330770272414476
1547 2.7693528619798253
1548 2.7693528619798253
1549 2.8555875367505683
1550 2.8555875367505683
1551 2.5928252245721426
1552 2.5928252245721426
1553 2.9583530805014058
1554 2.9583530805014058
1555 2.6621610632987665
1556 2.6621610632987665
1557 3.226560813264541
1558 3.226560813264541
1559 3.2824063671627166
1560 3.2824063671627166
1561 2.6916719066545496
1562 2.6916719066545496
1563 3.1183122567937165
1564 3.1183122567937165
1565 2.80461122676446
1566 2.80461122676446
1567 3.1837045904153634
1568 3.1837045904153634
1569 2.96881549540394
1570 2.96881549540394
1571 2.998467148306487
1572 2.998467148306487
1573 3.2170020417598595
1574 3.2170020417598595
1575 2.533725714379044
1576 2.533725714379044
1577 3.1104887394592597
1578 3.1104887394592597
1579 2.9880500182065934
1580 2.9880500182065934
1581 2.5850313235871143
1582 2.5850313235871143
1583 4.200442910654919
1584 4.200442910654919
1585 3.8488662887119958
1586 3.8488662887119958
1587 3.8035721615455524
1588 3.8035721615455524
1589 3.9884631236186228
1590 3.9884631236186228
1591 4.134738800453869
1592 4.134738800453869
1593 3.832732170667074
1594 3.832732170667074
1595 3.1627001836648487
1596 3.1627001836648487
1597 3.40370766698145
1598 3.40370766698145
1599 3.772305388211518
1600 3.772305388211518
1601 3.6041965868307253
1602 3.6041965868307253
1603 3.9275965250066878
1604 3.9275965250066878
1605 4.008950346339337
1606 4.008950346339337
1607 3.3961010919135006
1608 3.3961010919135006
1609 3.6161141911025187
1610 3.6161141911025187
1611 4.598883178190265
1612 4.598883178190265
1613 4.14072143253643
1614 4.14072143253643
1615 3.9152755671953137
1616 3.9152755671953137
1617 4.207696221325707
1618 2.464627269862884
1619 2.464627269862884
1620 2.439930752288613
1621 2.439930752288613
1622 3.5107927564916106
1623 3.5107927564916106
1624 3.4290681349345293
1625 3.4290681349345293
1626 3.292767124611515
1627 3.292767124611515
1628 3.2138807281341277
1629 3.2138807281341277
1630 3.3780076636113026
1631 3.3780076636113026
1632 2.1582949494200525
1633 2.1582949494200525
1634 2.0327530119229587
1635 2.0327530119229587
1636 1.7730134938970818
1637 1.7730134938970818
1638 2.2938494740884257
1639 2.2938494740884257
1640 1.9364840471069447
1641 1.9364840471069447
1642 1.946076555906734
1643 1.946076555906734
1644 1.9404667565335565
1645 3.686064163930355
1646 3.686064163930355
1647 4.069752219195749
1648 0.6189939259460764
1649 0.6189939259460764
1650 0.6528413996126058
1651 3.0980189182622047
1652 3.0980189182622047
1653 3.4241417074308136
1654 3.4241417074308136
1655 3.480805383983495
1656 3.480805383983495
1657 3.058365709859603
1658 0.6485004119025395
1659 0.6485004119025395
1660 0.6064719597088699
1661 0.6064719597088699
1662 0.6622385989691029
1663 0.6622385989691029
1664 0.6215925753094623
1665 0.6215925753094623
1666 0.671936958749166
1667 0.671936958749166
1668 0.6365114164818333
1669 0.6365114164818333
1670 0.631026152651404
1671 0.631026152651404
1672 0.6631204225625145
1673 0.6631204225625145
1674 0.7210632040499814
1675 0.7210632040499814
1676 0.5968328141436721
1677 0.5968328141436721
1678 0.6087478194183943
1679 0.6087478194183943
1680 0.6550632832837086
1681 0.6550632832837086
1682 1.4752070102664554
1683 1.4752070102664554
1684 1.457011782732724
1685 3.6195391266669263
1686 3.6195391266669263
1687 4.1391074865683075
1688 4.1391074865683075
1689 4.033460825219063
1690 4.033460825219063
1691 3.5970221372486706
1692 3.5970221372486706
1693 3.513817112939501
1694 3.513817112939501
1695 4.048886756281913
1696 4.048886756281913
1697 3.6668056534325
1698 3.6668056534325
1699 3.561633050933123
1700 3.561633050933123
1701 3.2642426213274405
1702 3.2642426213274405
1703 0.6459073358148703
1704 0.6459073358148703
1705 0.537347681255854
1706 0.537347681255854
1707 0.5867206388517312
1708 0.5867206388517312
1709 0.7047331760410162
1710 0.7047331760410162
1711 0.7287392849180122
1712 0.7287392849180122
1713 0.7017833145090998
1714 0.7017833145090998
1715 0.727748157224889
1716 0.727748157224889
1717 0.6882048460605278
1718 0.6882048460605278
1719 0.7310644742108339
1720 0.7310644742108339
1721 0.6773860950464811
1722 0.6773860950464811
1723 0.6546738925791578
1724 0.6546738925791578
1725 0.6675191425243088
1726 0.6675191425243088
1727 0.6279293269951057
1728 0.6279293269951057
1729 0.6072726592508206
1730 0.6072726592508206
1731 0.6259477567582493
1732 0.6259477567582493
1733 0.6465437996901671
1734 0.6465437996901671
1735 0.6091411758017533
1736 0.6091411758017533
1737 0.7300976770680863
1738 0.7300976770680863
1739 0.18614438068149838
1740 0.18614438068149838
1741 0.19856246452802945
1742 2.5197981712630866
1743 2.5197981712630866
1744 2.6687881171919376
1745 2.6687881171919376
1746 2.3453482323206676
1747 2.3453482323206676
1748 2.5739204355179384
1749 2.5739204355179384
1750 2.629286591637307
1751 2.629286591637307
1752 2.629585735783279
1753 2.629585735783279
1754 2.75006800393816
1755 2.75006800393816
1756 2.2493266397027116
1757 1.120476212554394
1758 1.120476212554394
1759 1.1481293468002394
1760 2.6211750473137934
1761 2.6211750473137934
1762 3.288183768533588
1763 3.288183768533588
1764 2.4829885777222427
1765 0.9434812226225485
1766 0.9434812226225485
1767 1.239887735218854
1768 1.239887735218854
1769 1.243787853775554
1770 1.243787853775554
1771 1.0805665422784183
1772 1.0805665422784183
1773 1.1916876047314202
1774 1.1916876047314202
1775 1.158146824233465
1776 1.158146824233465
1777 1.142546153102169
1778 1.142546153102169
1779 1.1286597948219455
1780 1.1286597948219455
1781 1.2158906160766259
1782 1.2158906160766259
1783 1.0808051349082621
1784 1.0808051349082621
1785 2.6621289747342116
1786 2.6621289747342116
1787 2.5908907675666213
1788 2.799076415197061
1789 2.799076415197061
1790 3.0151570513903594
1791 3.0151570513903594
1792 3.068895179607328
1793 1.17471698185426
1794 1.17471698185426
1795 1.1713469862772843
1796 1.1713469862772843
1797 1.0747595284105678
1798 1.0747595284105678
1799 1.189073737775033
1800 1.189073737775033
1801 1.220470389462005
1802 1.220470389462005
1803 1.2266306814764671
1804 1.2266306814764671
1805 1.1423355295439155
1806 1.1423355295439155
1807 1.0553192101594555
1808 1.0553192101594555
1809 1.0164912585559367
1810 1.0164912585559367
1811 1.1214189162754535
1812 1.1214189162754535
1813 3.1879768599675096
1814 3.1879768599675096
1815 3.341988256504964
1816 3.341988256504964
1817 3.1669032880304817
1818 3.1669032880304817
1819 2.7007150616749835
1820 2.7007150616749835
1821 2.958343046985054
1822 2.958343046985054
1823 3.2521126053337928
1824 3.2521126053337928
1825 3.4397706528318834
1826 3.4397706528318834
1827 2.9277778836227584
1828 2.9277778836227584
1829 3.2144599805522596
1830 3.2144599805522596
1831 2.8252760376252386
1832 2.8252760376252386
1833 2.4466023072006156
1834 2.4466023072006156
1835 2.6445372769955453
1836 2.6445372769955453
1837 2.8841988469227764
1838 2.8841988469227764
1839 3.371860143528983
1840 3.371860143528983
1841 3.000549530634161
1842 4.667234336863376
1843 4.667234336863376
1844 4.757553667261434
1845 4.757553667261434
1846 4.563489998936854
1847 4.563489998936854
1848 4.398313490282828
1849 4.398313490282828
1850 3.923532188624359
1851 3.923532188624359
1852 4.04220932923232
1853 4.04220932923232
1854 4.487551008747158
1855 4.487551008747158
1856 4.265201872668036
1857 4.265201872668036
1858 3.8385443013860105
1859 3.8385443013860105
1860 4.571956878371489
1861 4.571956878371489
1862 1.148289713207533
1863 1.148289713207533
1864 1.110902694019684
1865 1.110902694019684
1866 0.9998658857929592
1867 0.9998658857929592
1868 1.079809331422002
1869 1.079809331422002
1870 1.199599152057941
1871 1.199599152057941
1872 1.1089779394238701
1873 1.1089779394238701
1874 1.0510095484716302
1875 1.0510095484716302
1876 1.197408055140683
1877 1.197408055140683
1878 1.1405141901904023
1879 1.1405141901904023
1880 1.1315090664028713
1881 1.1315090664028713
1882 1.1058162979515544
1883 1.1058162979515544
1884 1.1885734863860946
1885 1.1885734863860946
1886 1.1155982228342856
1887 1.1155982228342856
1888 1.1666197222721593
1889 1.1666197222721593
1890 0.9902935677256459
1891 0.9902935677256459
1892 1.5356649133580549
1893 3.1396005068410107
1894 3.1396005068410107
1895 3.7630032284952466
1896 3.7630032284952466
1897 3.3976106925074308
1898 3.3976106925074308
1899 2.110804028688856
1900 2.110804028688856
1901 2.0720157190185615
1902 2.0720157190185615
1903 2.2544741959956283
1904 2.2544741959956283
1905 1.9139047074300728
1906 1.9139047074300728
1907 2.055011425784626
1908 2.055011425784626
1909 2.149910318601642
1910 2.149910318601642
1911 1.9760846604221471
1912 1.9760846604221471
1913 2.1092172362359536
1914 2.1092172362359536
1915 1.9622866776202992
1916 1.9622866776202992
1917 2.2689752428920893
1918 0.6841476368949252
1919 0.6841476368949252
1920 0.6090140934735186
1921 0.6090140934735186
1922 0.6140091885052534
1923 0.6140091885052534
1924 0.705822870986824
1925 0.705822870986824
1926 0.5971018812825448
1927 4.1679500626081865
1928 4.1679500626081865
1929 1.165100687459604
1930 1.165100687459604
1931 1.0713321441677692
1932 1.0713321441677692
1933 1.2193616305711634
1934 1.2193616305711634
1935 1.193004385488611
1936 1.5149048859143743
1937 1.5149048859143743
1938 1.613923311990909
1939 1.613923311990909
1940 1.4911555936669927
1941 1.4911555936669927
1942 1.4891315615637515
1943 1.4891315615637515
1944 1.5293967145298644
1945 1.5293967145298644
1946 2.0142955045585182
1947 2.0142955045585182
1948 2.100441572598176
1949 2.100441572598176
1950 2.052977573095827
1951 2.052977573095827
1952 1.8755311585528327
1953 1.8755311585528327
1954 2.2201036674590546
1955 2.2201036674590546
1956 2.217116335755843
1957 2.217116335755843
1958 1.8625539295590214
1959 1.8625539295590214
1960 1.9900544515640315
1961 1.9900544515640315
1962 1.808804810680337
1963 1.808804810680337
1964 2.241228138117252
1965 2.241228138117252
1966 2.2550502351770034
1967 2.2550502351770034
1968 1.8356066776876032
1969 3.8023455375458437
1970 3.8023455375458437
1971 4.2383795588765505
1972 4.2383795588765505
1973 4.215924549637107
1974 4.215924549637107
1975 3.9092932402665643
1976 3.9092932402665643
1977 3.8354388146766394
1978 3.8354388146766394
1979 3.9561165452583085
1980 3.9561165452583085
1981 3.8097620127622496
1982 3.8097620127622496
1983 4.136033784579505
1984 4.136033784579505
1985 3.7518930368315218
1986 3.7518930368315218
1987 3.7663266459200138
1988 3.7663266459200138
1989 3.3291036148402324
1990 3.3291036148402324
1991 3.4110292244108127
1992 3.4110292244108127
1993 3.67390992488822
1994 3.67390992488822
1995 3.9340381846417927
1996 3.9340381846417927
1997 4.002394104334764
1998 4.002394104334764
1999 3.3664196694306385
