0 3.6132603991590475
1 3.6132603991590475
2 4.14941066287689
3 4.14941066287689
4 2.609785167572168
5 2.609785167572168
6 3.583260667020823
7 3.583260667020823
8 3.4568689726776727
9 3.4568689726776727
10 3.725603945948795
11 3.725603945948795
12 5.236340676069244
13 5.236340676069244
14 5.118597653641236
15 5.118597653641236
16 3.6162246683966845
17 3.6162246683966845
18 3.3262921650870503
19 3.3262921650870503
20 5.915276626089774
21 5.915276626089774
22 5.040895967208789
23 2.8084165116126876
24 2.8084165116126876
25 3.006103124236821
26 3.006103124236821
27 3.0610698267788368
28 3.0610698267788368
29 3.2776454538952997
30 3.2776454538952997
31 3.987861964795544
32 3.987861964795544
33 3.073977137852602
34 3.073977137852602
35 3.4156303341586294
36 3.4156303341586294
37 3.458107639134526
38 3.458107639134526
39 2.8073721961984983
40 2.8073721961984983
41 3.175679773363588
42 3.175679773363588
43 3.1214786365352922
44 3.1214786365352922
45 2.191264796215127
46 2.191264796215127
47 2.8849960130674615
48 2.8849960130674615
49 3.298625683897537
50 3.298625683897537
51 2.5913289299324282
52 2.5913289299324282
53 2.4758768935091817
54 2.4758768935091817
55 4.144206465063799
56 4.144206465063799
57 2.303550329938787
58 2.303550329938787
59 2.515302933634823
60 2.515302933634823
61 2.4983975496335713
62 2.4983975496335713
63 3.0170240950871405
64 3.0170240950871405
65 2.407916768845959
66 2.407916768845959
67 3.6048171143574446
68 3.6048171143574446
69 3.101707592579227
70 3.101707592579227
71 3.253933210392992
72 3.253933210392992
73 2.7612947148105222
74 2.7612947148105222
75 2.8318006214355553
76 2.8318006214355553
77 1.6652522315753544
78 1.6652522315753544
79 2.2887476699787435
80 2.2887476699787435
81 2.4806703136487287
82 2.4806703136487287
83 3.510013699530788
84 3.510013699530788
85 2.9816330236312867
86 2.9816330236312867
87 3.2985647650065966
88 3.2985647650065966
89 3.0301867951992314
90 3.0301867951992314
91 2.887418566111581
92 2.887418566111581
93 2.479462488818498
94 2.479462488818498
95 2.366502107421016
96 2.366502107421016
97 2.6467371990129145
98 2.6467371990129145
99 4.126386941217696
100 4.126386941217696
101 3.22378283251548
102 3.22378283251548
103 3.2764726704970077
104 3.2764726704970077
105 2.7994266537599684
106 2.7994266537599684
107 5.015603931752345
108 5.015603931752345
109 3.306590833143862
110 3.306590833143862
111 1.7840898969789043
112 1.7840898969789043
113 3.166576975364844
114 3.166576975364844
115 2.0483641008864715
116 2.0483641008864715
117 2.741924066394084
118 2.741924066394084
119 4.564664881259706
120 4.564664881259706
121 3.4008572982378062
122 3.4008572982378062
123 3.9333451920723377
124 3.9333451920723377
125 3.6667584734119147
126 3.6667584734119147
127 3.0406873376401538
128 3.0406873376401538
129 2.2098764415320735
130 2.2098764415320735
131 2.970493614525574
132 2.970493614525574
133 3.629254043493993
134 3.629254043493993
135 3.5544989723594247
136 3.5544989723594247
137 3.1481954937536405
138 3.1481954937536405
139 2.591445695453724
140 2.591445695453724
141 3.012587465116833
142 3.012587465116833
143 2.380760414949879
144 2.380760414949879
145 2.3673971238032583
146 2.3673971238032583
147 3.2749953349975716
148 3.2749953349975716
149 3.8098154770980406
150 3.8098154770980406
151 2.0681837707683006
152 0.6498608307792564
153 0.6498608307792564
154 0.6351444324985269
155 0.6351444324985269
156 0.6797626668724955
157 0.6797626668724955
158 0.6179711020263162
159 0.6179711020263162
160 0.8637101153855867
161 0.8637101153855867
162 0.47521924757278433
163 0.47521924757278433
164 0.6628373811278527
165 0.6628373811278527
166 0.5950120991328516
167 0.5950120991328516
168 0.8121503727798709
169 0.8121503727798709
170 0.6748848048747076
171 0.6748848048747076
172 0.758036436664616
173 0.758036436664616
174 0.6928283853146455
175 0.6928283853146455
176 0.8597564262878487
177 0.8597564262878487
178 0.5779225878167624
179 0.5779225878167624
180 0.551651049501418
181 0.551651049501418
182 0.6172532525858516
183 0.6172532525858516
184 0.844853591538164
185 0.844853591538164
186 0.8260641077521655
187 0.8260641077521655
188 0.8384294093880719
189 0.8384294093880719
190 0.6240362691820796
191 0.6240362691820796
192 0.655163779909877
193 0.655163779909877
194 0.31772527737566814
195 0.31772527737566814
196 0.6399005717848291
197 0.6399005717848291
198 0.4312371650672966
199 0.4312371650672966
200 0.5884697047466879
201 0.5884697047466879
202 0.652987725326817
203 0.652987725326817
204 0.34352182746921756
205 0.34352182746921756
206 0.7558025889415988
207 0.7558025889415988
208 0.6091430980719791
209 0.6091430980719791
210 0.6073312996647442
211 0.6073312996647442
212 0.6551274330118803
213 0.6551274330118803
214 0.7803817806800002
215 0.7803817806800002
216 0.5673092669758756
217 0.5673092669758756
218 0.503229370484971
219 0.503229370484971
220 0.4285186417643495
221 0.4285186417643495
222 0.8007199974015583
223 0.8007199974015583
224 0.6521990486176747
225 0.6521990486176747
226 0.7361593649759157
227 0.7361593649759157
228 0.6560006280724595
229 0.6560006280724595
230 0.5935881903797453
231 0.5935881903797453
232 0.6868918103328425
233 0.6868918103328425
234 0.45133854007692875
235 0.45133854007692875
236 0.7618944353805044
237 0.7618944353805044
238 0.7255617959241326
239 0.7255617959241326
240 0.5894097592367045
241 0.5894097592367045
242 0.8128176330762112
243 0.8128176330762112
244 0.4865249978608006
245 0.4865249978608006
246 0.7217377965218897
247 0.7217377965218897
248 0.7231139371120641
249 0.7231139371120641
250 0.6207558005090251
251 0.6207558005090251
252 0.6605074660683886
253 0.6605074660683886
254 0.5841354887762087
255 0.5841354887762087
256 0.5799713894935189
257 0.5799713894935189
258 0.515232303948257
259 0.515232303948257
260 0.8357047583172366
261 0.8357047583172366
262 0.7082916184106428
263 0.7082916184106428
264 0.630918077625302
265 0.630918077625302
266 0.49344210480641437
267 0.49344210480641437
268 0.6636726570702883
269 0.6636726570702883
270 0.661276951517058
271 0.661276951517058
272 3.934985279041311
273 3.934985279041311
274 2.854503358739868
275 2.854503358739868
276 4.126831643582529
277 4.126831643582529
278 2.49994109124426
279 2.49994109124426
280 4.420691604673132
281 4.420691604673132
282 2.8468506427996134
283 2.8468506427996134
284 4.690130442671813
285 4.690130442671813
286 2.822012346827286
287 2.822012346827286
288 3.44030920208377
289 3.44030920208377
290 3.6681772717888297
291 3.6681772717888297
292 2.4269828818958086
293 2.4269828818958086
294 2.3329275503278466
295 2.3329275503278466
296 3.89468259688989
297 3.89468259688989
298 3.518864835842549
299 3.518864835842549
300 4.180639902681813
301 4.180639902681813
302 3.62581350276084
303 3.62581350276084
304 3.6536151167310544
305 3.6536151167310544
306 3.1020486407848953
307 3.1020486407848953
308 2.324104808940585
309 2.324104808940585
310 1.9102999311769986
311 1.9102999311769986
312 3.718998127493478
313 3.718998127493478
314 2.942544414552706
315 2.942544414552706
316 3.4186266952506714
317 3.4186266952506714
318 4.478461005136472
319 4.478461005136472
320 3.69659668393727
321 3.69659668393727
322 4.2636755261066765
323 4.2636755261066765
324 3.124807693285897
325 3.124807693285897
326 3.0156035223708435
327 3.0156035223708435
328 3.1771606829872754
329 3.1771606829872754
330 3.299105284876672
331 3.299105284876672
332 2.7259488357192527
333 2.7259488357192527
334 2.8466849095860813
335 2.8466849095860813
336 3.538717030287193
337 3.538717030287193
338 2.6683392854631305
339 2.6683392854631305
340 3.870440280936967
341 3.870440280936967
342 3.7605219892579442
343 3.7605219892579442
344 3.087961538416679
345 3.087961538416679
346 3.846290429941488
347 3.846290429941488
348 4.338953794418867
349 4.338953794418867
350 3.0717970471134253
351 3.0717970471134253
352 3.4780262004562155
353 3.4780262004562155
354 3.292411379003597
355 3.292411379003597
356 3.984948329986188
357 3.984948329986188
358 4.1930207432867785
359 4.1930207432867785
360 3.5896262301264357
361 3.5896262301264357
362 3.356331651342021
363 3.356331651342021
364 4.079047809646589
365 4.079047809646589
366 3.9295261077028245
367 3.9295261077028245
368 3.3009443594234957
369 3.3009443594234957
370 2.22910004876885
371 2.22910004876885
372 3.835065099473153
373 3.835065099473153
374 4.39643640114645
375 4.39643640114645
376 3.10256213038621
377 3.10256213038621
378 4.188901750299627
379 4.188901750299627
380 2.8666077890350676
381 2.8666077890350676
382 3.272227759780703
383 3.272227759780703
384 3.3341661578814925
385 3.3341661578814925
386 3.029800709622923
387 3.029800709622923
388 4.157180300932871
389 4.157180300932871
390 3.2172066428638066
391 3.2172066428638066
392 2.23149343946581
393 2.23149343946581
394 2.978969271533796
395 2.978969271533796
396 2.4451052662304837
397 2.4451052662304837
398 2.5204357645512916
399 2.5204357645512916
400 2.5842862719348507
401 2.5842862719348507
402 3.9747368883301855
403 3.9747368883301855
404 3.8060900477792456
405 3.8060900477792456
406 3.392833366815182
407 3.392833366815182
408 3.8376611212724607
409 3.8376611212724607
410 3.878705535550638
411 3.878705535550638
412 2.750378894926921
413 2.750378894926921
414 2.6053969763631075
415 2.6053969763631075
416 3.7154351046685283
417 3.7154351046685283
418 3.165883471500201
419 3.165883471500201
420 3.2406617284690187
421 3.2406617284690187
422 3.6911682983622613
423 3.6911682983622613
424 2.7173042400222034
425 2.7173042400222034
426 3.175453626456781
427 3.175453626456781
428 3.25240734045261
429 3.25240734045261
430 3.51759078959874
431 3.51759078959874
432 4.288096311619371
433 4.288096311619371
434 3.7628785929059214
435 3.7628785929059214
436 3.840734625911159
437 3.840734625911159
438 2.4451132081854494
439 2.4451132081854494
440 3.3536134110041944
441 3.3536134110041944
442 3.1979739481241416
443 3.1979739481241416
444 3.315216457261302
445 3.315216457261302
446 2.9143420040485903
447 2.9143420040485903
448 4.0803246351705305
449 4.0803246351705305
450 3.3921807906178
451 3.3921807906178
452 1.8865428175924057
453 1.8865428175924057
454 3.549266092922464
455 3.549266092922464
456 2.9012118752017777
457 2.9012118752017777
458 2.673225951542139
459 2.673225951542139
460 2.7679256498719904
461 2.7679256498719904
462 4.459448004731346
463 4.459448004731346
464 3.3646171460426237
465 3.3646171460426237
466 3.1551257981282386
467 3.1551257981282386
468 2.361544300762889
469 2.361544300762889
470 3.3410806863241325
471 3.3410806863241325
472 2.6021276256778574
473 2.6021276256778574
474 3.732787035178599
475 3.732787035178599
476 3.7096408054333
477 3.7096408054333
478 3.0996291911258753
479 3.0996291911258753
480 3.1242804870108833
481 3.1242804870108833
482 3.268810787447639
483 3.268810787447639
484 2.483930264038693
485 2.483930264038693
486 3.719165478737012
487 3.719165478737012
488 4.758539083631541
489 4.758539083631541
490 2.4353195730378285
491 2.4353195730378285
492 4.75879958223177
493 4.75879958223177
494 2.1729671921492173
495 2.1729671921492173
496 4.0235940422450565
497 4.0235940422450565
498 2.3509528805138604
499 2.3509528805138604
500 4.154261161074907
501 4.154261161074907
502 2.939924022968332
503 2.939924022968332
504 4.101808555802873
505 4.101808555802873
506 3.5819594070932084
507 3.5819594070932084
508 3.922609036264034
509 3.922609036264034
510 4.2279197534716975
511 4.2279197534716975
512 4.048441273583458
513 4.048441273583458
514 3.580719245136679
515 3.580719245136679
516 3.677341015404459
517 3.677341015404459
518 3.310710841584321
519 3.310710841584321
520 3.6720664869006487
521 3.6720664869006487
522 3.0637288425438323
523 3.0637288425438323
524 3.9142185033079455
525 3.9142185033079455
526 3.7844910658039654
527 3.7844910658039654
528 2.695436802703843
529 2.695436802703843
530 3.126522320481752
531 3.126522320481752
532 3.4325076912940595
533 3.4325076912940595
534 2.306732675832553
535 2.306732675832553
536 2.9888388840486946
537 2.9888388840486946
538 3.8184029726103486
539 3.8184029726103486
540 3.2968678370184086
541 3.2968678370184086
542 2.706009900994196
543 2.706009900994196
544 2.907409288283424
545 2.907409288283424
546 3.4873121628044244
547 3.4873121628044244
548 5.131477949509391
549 5.131477949509391
550 3.7219578052685263
551 3.7219578052685263
552 3.3870608811948117
553 3.3870608811948117
554 3.5515747891181713
555 3.5515747891181713
556 4.374524915094823
557 4.374524915094823
558 4.563657414829339
559 4.563657414829339
560 3.7850569957010975
561 3.7850569957010975
562 3.4648762968565894
563 3.4648762968565894
564 3.4042086668999874
565 3.4042086668999874
566 4.148709438291243
567 4.148709438291243
568 3.808866582130331
569 3.808866582130331
570 3.0833439011169177
571 3.0833439011169177
572 3.9478221974590766
573 3.9478221974590766
574 3.606230049910818
575 3.606230049910818
576 2.1245318865859577
577 2.1245318865859577
578 3.312775632581551
579 3.312775632581551
580 3.227944312968912
581 3.227944312968912
582 2.7920832347892377
583 2.7920832347892377
584 2.7318827482763695
585 2.7318827482763695
586 1.990827986585664
587 1.990827986585664
588 2.7855627898570883
589 2.7855627898570883
590 2.6742057030646125
591 2.6742057030646125
592 2.746076773098602
593 2.746076773098602
594 2.2696691290980033
595 2.2696691290980033
596 2.523223659458141
597 2.523223659458141
598 3.5807755712728193
599 3.5807755712728193
600 2.646188981134169
601 2.646188981134169
602 2.4470000296345042
603 2.4470000296345042
604 2.2634349044588187
605 2.2634349044588187
606 2.0380002026778126
607 2.0380002026778126
608 2.8846104651921936
609 2.8846104651921936
610 3.109680117389397
611 3.109680117389397
612 2.0861846174545446
613 2.0861846174545446
614 3.3982961191366616
615 3.3982961191366616
616 2.5676263232316465
617 2.5676263232316465
618 2.4593350822041633
619 2.4593350822041633
620 2.6426263133517214
621 2.6426263133517214
622 2.380933005394762
623 2.380933005394762
624 2.060078320819638
625 2.060078320819638
626 2.864733456034834
627 2.864733456034834
628 2.3290702741789016
629 2.3290702741789016
630 2.959043461576139
631 2.959043461576139
632 2.5992007619065993
633 2.5992007619065993
634 2.7792265621101593
635 2.7792265621101593
636 2.56729920325431
637 2.56729920325431
638 1.6162695631272221
639 1.6162695631272221
640 2.9685459332828805
641 2.9685459332828805
642 2.4794591782755853
643 2.4794591782755853
644 3.650987756316219
645 3.650987756316219
646 2.2166217712010554
647 2.2166217712010554
648 2.7006067442324917
649 2.7006067442324917
650 1.980160920783682
651 1.980160920783682
652 2.1799021134414125
653 2.1799021134414125
654 2.505746481364926
655 2.505746481364926
656 2.3027870769308803
657 2.3027870769308803
658 2.5775893120451814
659 2.5775893120451814
660 1.7800897244753615
661 1.7800897244753615
662 2.689265542095085
663 2.689265542095085
664 2.308819786061833
665 2.308819786061833
666 2.5168925777852347
667 2.5168925777852347
668 2.0729201470327263
669 2.0729201470327263
670 2.6733761169717054
671 2.6733761169717054
672 2.091600191391451
673 2.091600191391451
674 2.9365917083136677
675 2.9365917083136677
676 1.2649331260765617
677 1.2649331260765617
678 0.9463222539717911
679 0.9463222539717911
680 1.3543678858047214
681 1.3543678858047214
682 1.261338142757448
683 1.261338142757448
684 0.950989582733354
685 0.950989582733354
686 1.0243925079001137
687 1.0243925079001137
688 1.2373208944717098
689 1.2373208944717098
690 1.1635482567121813
691 0.2128765189249243
692 0.2128765189249243
693 0.1227949167052036
694 0.1227949167052036
695 0.20086295824577063
696 0.20086295824577063
697 0.16780773958443582
698 0.16780773958443582
699 0.22526006902386164
700 0.22526006902386164
701 0.16345922578425404
702 0.16345922578425404
703 0.19768482197923082
704 0.19768482197923082
705 0.16695962269634393
706 0.16695962269634393
707 0.2681072698257114
708 0.2681072698257114
709 0.23777684602244747
710 0.23777684602244747
711 0.21740433619280713
712 0.21740433619280713
713 0.16711022610165358
714 0.16711022610165358
715 0.18146910491318227
716 0.18146910491318227
717 0.1559107641435398
718 0.1559107641435398
719 0.19621466364719983
720 0.19621466364719983
721 0.2561116598786981
722 0.2561116598786981
723 0.2718941467277653
724 0.2718941467277653
725 0.2581251857251817
726 0.2581251857251817
727 0.1794886388073109
728 0.1794886388073109
729 0.18876158964695708
730 0.18876158964695708
731 0.16974602887315107
732 0.16974602887315107
733 0.16318223971713283
734 0.16318223971713283
735 0.186760128336139
736 0.186760128336139
737 0.1997700246181878
738 0.1997700246181878
739 0.2515966488019404
740 0.2515966488019404
741 0.15072153869440486
742 0.15072153869440486
743 0.26776549829251783
744 0.26776549829251783
745 0.14722129175914223
746 0.14722129175914223
747 0.3034681316057305
748 0.3034681316057305
749 0.24150245002156218
750 0.24150245002156218
751 1.9065934814283159
752 1.9065934814283159
753 1.2596498137556396
754 1.2596498137556396
755 1.7819293300816152
756 1.7819293300816152
757 1.2860356763510645
758 1.2860356763510645
759 1.4928750308333332
760 1.4928750308333332
761 1.4986508992442311
762 1.4986508992442311
763 2.081287025357633
764 2.081287025357633
765 1.0772927986113716
766 1.0772927986113716
767 1.555189926074453
768 1.555189926074453
769 1.2290187071121368
770 1.2290187071121368
771 1.4854872964120602
772 1.4854872964120602
773 1.4705340339626116
774 1.4705340339626116
775 1.642910212425158
776 1.642910212425158
777 1.251695755645818
778 1.251695755645818
779 0.843550995104576
780 0.843550995104576
781 1.5211206189309394
782 1.5211206189309394
783 2.170503845317599
784 2.170503845317599
785 1.1231309064042667
786 1.1231309064042667
787 1.5673007739939666
788 1.5673007739939666
789 1.7752346542989406
790 1.7752346542989406
791 1.33241528673657
792 1.33241528673657
793 1.7976498753725407
794 1.7976498753725407
795 1.6715634546138334
796 1.6715634546138334
797 1.0999749159056345
798 1.0999749159056345
799 1.5359071761036183
800 1.5359071761036183
801 1.6681601088280964
802 1.6681601088280964
803 1.5265276929868992
804 1.5265276929868992
805 1.5637884111518496
806 1.5637884111518496
807 1.9649767886409693
808 1.9649767886409693
809 1.3955032636742397
810 1.3955032636742397
811 1.5392088924805343
812 1.5392088924805343
813 1.4695658422897033
814 1.4695658422897033
815 1.4241050948175036
816 1.4241050948175036
817 1.4770716575382115
818 1.4770716575382115
819 1.8785699375805573
820 1.8785699375805573
821 1.4108514090421038
822 1.4108514090421038
823 1.4845765949448968
824 1.4845765949448968
825 1.8507155832447924
826 1.8507155832447924
827 1.6466424209841497
828 1.6466424209841497
829 1.5742273590293427
830 1.5742273590293427
831 1.822276529129186
832 1.822276529129186
833 1.4480453763149277
834 1.4480453763149277
835 1.5452058514692408
836 1.5452058514692408
837 1.4582739647448641
838 1.4582739647448641
839 1.7488602850087993
840 1.7488602850087993
841 1.798870537431427
842 1.798870537431427
843 1.6635642209035104
844 1.6635642209035104
845 1.5791999725214532
846 1.5791999725214532
847 1.2818115333817959
848 4.408007847842908
849 4.408007847842908
850 4.095653214084167
851 4.095653214084167
852 5.061579225077735
853 5.061579225077735
854 4.224932635714391
855 4.224932635714391
856 3.7850741787297437
857 3.7850741787297437
858 3.548906325426156
859 3.548906325426156
860 4.44661235370478
861 4.44661235370478
862 3.6068699411627825
863 3.6068699411627825
864 4.942432280077014
865 4.942432280077014
866 2.7610231036599755
867 2.7610231036599755
868 3.2924591080528502
869 3.2924591080528502
870 4.000309724081039
871 4.000309724081039
872 3.066076496622147
873 3.066076496622147
874 2.8278029610554256
875 2.8278029610554256
876 3.3987687540482843
877 3.3987687540482843
878 4.1684888342478805
879 4.1684888342478805
880 3.998762940955271
881 3.998762940955271
882 3.9199916525030396
883 3.9199916525030396
884 4.288264467176421
885 4.288264467176421
886 5.00483826322944
887 5.00483826322944
888 4.733113495314182
889 4.733113495314182
890 3.864964300759804
891 3.864964300759804
892 4.705876715376588
893 4.705876715376588
894 3.680150747218599
895 3.680150747218599
896 4.345640758278456
897 4.345640758278456
898 4.399474404644678
899 4.399474404644678
900 4.304113639849556
901 4.304113639849556
902 4.3571706827674515
903 4.3571706827674515
904 3.5305896875572236
905 3.5305896875572236
906 2.2775419022789167
907 2.2775419022789167
908 4.347741725978027
909 4.347741725978027
910 3.968672297428304
911 3.968672297428304
912 4.260678478087319
913 4.260678478087319
914 4.324674478860592
915 4.324674478860592
916 3.807274646985656
917 3.807274646985656
918 4.048694193594929
919 4.048694193594929
920 3.1764662754752004
921 3.1764662754752004
922 3.901657450107958
923 3.901657450107958
924 3.253746233195623
925 3.253746233195623
926 3.7770877313319713
927 3.7770877313319713
928 4.058396103702588
929 4.058396103702588
930 2.466258155652996
931 2.466258155652996
932 3.0885463956843253
933 3.0885463956843253
934 2.3972778925771996
935 2.3972778925771996
936 2.263233849183931
937 2.263233849183931
938 4.499422941900397
939 4.499422941900397
940 3.0399600191392535
941 3.0399600191392535
942 3.996432371782049
943 3.996432371782049
944 5.069320059482714
945 5.069320059482714
946 3.434583371484092
947 3.434583371484092
948 3.7246001229737637
949 3.7246001229737637
950 3.6260674066679273
951 3.6260674066679273
952 4.766319060352279
953 4.766319060352279
954 3.4666282308831065
955 3.4666282308831065
956 3.494167153192966
957 3.494167153192966
958 4.247226243870646
959 4.247226243870646
960 4.466893824824711
961 4.466893824824711
962 3.691534317289405
963 3.691534317289405
964 4.690947893073817
965 4.690947893073817
966 3.259319110694965
967 3.259319110694965
968 4.296663641783308
969 4.296663641783308
970 4.599775443249692
971 4.599775443249692
972 3.476379763448797
973 3.476379763448797
974 3.6664284742765414
975 3.6664284742765414
976 3.293074037428849
977 3.293074037428849
978 2.333291142381647
979 2.333291142381647
980 4.112707419615116
981 4.112707419615116
982 3.324842821715249
983 3.324842821715249
984 4.548201297529476
985 4.548201297529476
986 4.892683174219929
987 4.892683174219929
988 4.563645424563478
989 4.563645424563478
990 3.8501602305403058
991 3.8501602305403058
992 3.0724865856067756
993 3.0724865856067756
994 3.340676745585255
995 3.340676745585255
996 3.4357100561687264
997 3.4357100561687264
998 3.2193748092540675
999 3.2193748092540675
1000 4.055117519862516
1001 4.055117519862516
1002 5.386928280350318
1003 5.386928280350318
1004 3.823897148914032
1005 3.823897148914032
1006 3.2658101095791556
1007 3.2658101095791556
1008 4.13884280212098
1009 4.13884280212098
1010 3.9361828934118632
1011 3.9361828934118632
1012 3.8034846852593183
1013 3.8034846852593183
1014 4.049915081363987
1015 4.049915081363987
1016 4.945682198320062
1017 4.945682198320062
1018 3.529172438147747
1019 3.529172438147747
1020 5.027571365335575
1021 5.027571365335575
1022 3.6701636403471274
1023 3.6701636403471274
1024 4.973821412308987
1025 4.973821412308987
1026 3.5472873461666725
1027 3.5472873461666725
1028 3.57604627255719
1029 3.57604627255719
1030 4.333845820433082
1031 4.333845820433082
1032 4.3221521502625055
1033 4.3221521502625055
1034 3.7276824611054704
1035 3.7276824611054704
1036 2.819115607076542
1037 2.819115607076542
1038 4.684775903241241
1039 4.684775903241241
1040 5.862460425094113
1041 5.862460425094113
1042 3.261287085298431
1043 3.261287085298431
1044 2.605565892686582
1045 2.605565892686582
1046 3.196857598323108
1047 3.196857598323108
1048 4.133441231939607
1049 4.133441231939607
1050 3.9439737213566897
1051 3.9439737213566897
1052 2.908430714336074
1053 2.908430714336074
1054 3.179115794980429
1055 3.179115794980429
1056 3.505963421026838
1057 3.505963421026838
1058 3.2121659190786156
1059 3.2121659190786156
1060 4.194165570375439
1061 4.194165570375439
1062 5.178540227114071
1063 5.178540227114071
1064 4.005062764232879
1065 4.005062764232879
1066 3.680354873729901
1067 3.680354873729901
1068 3.8779381014624374
1069 3.8779381014624374
1070 4.33098173002667
1071 4.33098173002667
1072 4.06716961801057
1073 4.06716961801057
1074 4.239693885310641
1075 4.239693885310641
1076 3.2405549409049
1077 3.2405549409049
1078 4.19728269785465
1079 4.19728269785465
1080 3.047408614093393
1081 3.047408614093393
1082 5.618961664004534
1083 5.618961664004534
1084 4.965050749152863
1085 4.965050749152863
1086 2.555582272602132
1087 2.555582272602132
1088 5.014758057037012
1089 5.014758057037012
1090 2.3056067954972717
1091 2.3056067954972717
1092 3.056455356882253
1093 3.056455356882253
1094 4.168747074968203
1095 4.168747074968203
1096 3.671106423822064
1097 3.671106423822064
1098 3.068276186859361
1099 3.068276186859361
1100 3.74024454246356
1101 3.74024454246356
1102 3.2602343229200934
1103 3.2602343229200934
1104 2.8984596952923476
1105 2.8984596952923476
1106 3.6586537174021836
1107 3.6586537174021836
1108 4.79033300020032
1109 4.79033300020032
1110 3.519155592575377
1111 3.519155592575377
1112 3.0519852575383126
1113 3.0519852575383126
1114 2.435318475560127
1115 2.435318475560127
1116 3.007324491994563
1117 3.007324491994563
1118 4.981858201057727
1119 4.981858201057727
1120 4.013196724091133
1121 4.013196724091133
1122 4.075480423270752
1123 4.075480423270752
1124 3.542174937844549
1125 3.542174937844549
1126 1.3912802729642968
1127 1.3912802729642968
1128 1.088215249200301
1129 1.088215249200301
1130 1.1289273976689578
1131 1.1289273976689578
1132 0.9410351176419186
1133 0.9410351176419186
1134 1.1080768869417787
1135 1.1080768869417787
1136 1.1610324081729178
1137 1.1610324081729178
1138 0.9060112716316877
1139 0.9060112716316877
1140 0.9699860870529873
1141 0.9699860870529873
1142 1.0872459431420636
1143 1.0872459431420636
1144 1.0425622234806236
1145 1.0425622234806236
1146 1.0552346067326244
1147 1.0552346067326244
1148 1.218736979923712
1149 1.218736979923712
1150 1.1461360479648428
1151 1.1461360479648428
1152 1.1285199306506806
1153 1.1285199306506806
1154 1.3237025236408535
1155 1.3237025236408535
1156 1.1741030065653486
1157 1.1741030065653486
1158 1.1075747383022352
1159 1.1075747383022352
1160 0.9815613684742657
1161 0.9815613684742657
1162 1.2676966190402665
1163 1.2676966190402665
1164 0.9193624981550588
1165 0.9193624981550588
1166 1.1815094153253987
1167 1.1815094153253987
1168 0.9727287559935052
1169 0.9727287559935052
1170 0.994793418179969
1171 0.994793418179969
1172 1.029924498679835
1173 1.029924498679835
1174 0.9078230801371003
1175 0.9078230801371003
1176 1.2842810634241
1177 1.2842810634241
1178 1.6482690505199609
1179 1.6482690505199609
1180 1.3096289068643827
1181 1.3096289068643827
1182 1.046482398737063
1183 1.046482398737063
1184 1.3396210196292366
1185 1.3396210196292366
1186 1.0524886589112914
1187 1.0524886589112914
1188 0.8617831407815177
1189 0.8617831407815177
1190 1.3435426088164981
1191 1.3435426088164981
1192 1.584124171682064
1193 1.584124171682064
1194 1.4627178533594085
1195 1.4627178533594085
1196 0.8164256853469342
1197 0.8164256853469342
1198 1.2441924823020076
1199 1.2441924823020076
1200 1.2697222875494498
1201 1.2697222875494498
1202 1.1434090174469793
1203 1.1434090174469793
1204 0.822229905339462
1205 0.822229905339462
1206 1.4322686144358396
1207 1.4322686144358396
1208 1.285403958311116
1209 1.285403958311116
1210 1.098470528493044
1211 1.098470528493044
1212 0.7727824209400573
1213 0.7727824209400573
1214 1.041099951918905
1215 1.041099951918905
1216 1.1816735127847813
1217 1.1816735127847813
1218 0.913949126831731
1219 0.913949126831731
1220 0.9239541839704826
1221 0.9239541839704826
1222 1.4069192953565626
1223 1.4069192953565626
1224 1.468788455111596
1225 1.468788455111596
1226 1.146387895565836
1227 1.146387895565836
1228 1.3031961780413026
1229 1.3031961780413026
1230 0.7894695215995156
1231 0.7894695215995156
1232 0.9127290965743302
1233 0.9127290965743302
1234 1.205068352502108
1235 1.205068352502108
1236 0.7567087729740045
1237 0.7567087729740045
1238 1.1041598510315807
1239 1.1041598510315807
1240 0.9049186350095307
1241 0.9049186350095307
1242 1.4919892196078735
1243 1.4919892196078735
1244 0.8859786315518285
1245 0.8859786315518285
1246 1.4439813655901907
1247 3.609823175434945
1248 3.609823175434945
1249 4.801215530407581
1250 4.801215530407581
1251 5.2210954732823796
1252 5.2210954732823796
1253 2.028884067638685
1254 2.028884067638685
1255 2.140124088813393
1256 2.140124088813393
1257 2.958485593807945
1258 2.958485593807945
1259 2.8006115033812558
1260 2.8006115033812558
1261 3.6898591947116683
1262 3.6898591947116683
1263 3.2523748236081795
1264 3.2523748236081795
1265 3.60610593152322
1266 3.60610593152322
1267 4.554737810959692
1268 4.554737810959692
1269 3.2282352432300843
1270 3.2282352432300843
1271 4.424459263428333
1272 4.424459263428333
1273 4.297384426499179
1274 4.297384426499179
1275 3.6063299152638018
1276 3.6063299152638018
1277 4.485166457529104
1278 4.485166457529104
1279 3.4816842437478748
1280 3.4816842437478748
1281 3.1836626301444633
1282 3.1836626301444633
1283 4.38411495974433
1284 4.38411495974433
1285 4.457659155155418
1286 4.457659155155418
1287 3.9126210688866028
1288 3.9126210688866028
1289 4.633000338470856
1290 4.633000338470856
1291 4.575321788020627
1292 4.575321788020627
1293 3.495631335235503
1294 3.495631335235503
1295 4.293362430360799
1296 4.293362430360799
1297 3.0654823377374636
1298 3.0654823377374636
1299 3.223785919602943
1300 3.223785919602943
1301 4.209837436173938
1302 4.209837436173938
1303 3.1864332477157005
1304 3.1864332477157005
1305 2.689784013589065
1306 2.689784013589065
1307 2.9313124131444988
1308 2.9313124131444988
1309 4.313145042296321
1310 4.313145042296321
1311 3.943932770652064
1312 3.943932770652064
1313 3.95775240276929
1314 3.95775240276929
1315 3.268593580091332
1316 3.268593580091332
1317 2.8346965624524394
1318 2.8346965624524394
1319 3.9694941780890276
1320 3.9694941780890276
1321 4.911594683570536
1322 4.911594683570536
1323 3.3601843320831115
1324 3.5926430063183346
1325 3.5926430063183346
1326 2.9907414539550308
1327 2.9907414539550308
1328 3.429549827587628
1329 1.9121399136024002
1330 1.9121399136024002
1331 1.6459250260610125
1332 1.6459250260610125
1333 1.825133773706923
1334 1.825133773706923
1335 1.6158245146748695
1336 1.6158245146748695
1337 2.249335935551798
1338 2.249335935551798
1339 1.8105634251899292
1340 1.8105634251899292
1341 2.476162938539864
1342 2.476162938539864
1343 1.6226824096808177
1344 1.6226824096808177
1345 1.9586013198908654
1346 1.9586013198908654
1347 2.0736714783458288
1348 2.0736714783458288
1349 1.7895711599256443
1350 1.7895711599256443
1351 2.408155684953431
1352 2.408155684953431
1353 2.2470220742762432
1354 2.2470220742762432
1355 2.5935359349252547
1356 2.5935359349252547
1357 2.579084984123605
1358 2.579084984123605
1359 1.1974024240419334
1360 1.1974024240419334
1361 1.523857747664958
1362 0.1874690945202273
1363 0.1874690945202273
1364 0.22809169023172096
1365 0.22809169023172096
1366 0.1610828562105302
1367 0.1610828562105302
1368 0.1421767587879865
1369 0.1421767587879865
1370 0.24878382664512808
1371 0.24878382664512808
1372 0.22683308330181556
1373 0.22683308330181556
1374 0.14085144877534073
1375 0.14085144877534073
1376 0.15905327697322674
1377 0.15905327697322674
1378 0.2500581245202625
1379 0.2500581245202625
1380 0.18367870555536256
1381 0.18367870555536256
1382 0.1658737468615239
1383 0.1658737468615239
1384 0.24911080912003553
1385 0.24911080912003553
1386 0.22839143047901472
1387 0.22839143047901472
1388 0.21977852447899707
1389 0.21977852447899707
1390 0.19739399774651514
1391 0.19739399774651514
1392 0.20663827598050374
1393 0.20663827598050374
1394 0.2154436276105713
1395 0.2154436276105713
1396 0.24867150746503572
1397 0.24867150746503572
1398 0.2149473397635133
1399 0.2149473397635133
1400 0.182404500458468
1401 0.182404500458468
1402 0.19918649958787954
1403 0.19918649958787954
1404 0.17659023000087287
1405 0.17659023000087287
1406 0.23020958375389863
1407 0.23020958375389863
1408 0.17438253535156484
1409 0.17438253535156484
1410 0.21095411897483926
1411 0.21095411897483926
1412 0.2363973541828094
1413 0.2363973541828094
1414 0.20489676155608907
1415 0.20489676155608907
1416 0.22897710787869557
1417 0.22897710787869557
1418 0.20952384034427754
1419 0.20952384034427754
1420 0.20221404124371595
1421 0.20221404124371595
1422 0.21834385755697533
1423 0.21834385755697533
1424 0.15160429884773421
1425 0.15160429884773421
1426 0.20853695486279497
1427 0.20853695486279497
1428 0.17830827143076852
1429 0.17830827143076852
1430 0.14649806578989588
1431 0.14649806578989588
1432 0.1952685252488386
1433 0.1952685252488386
1434 0.14988617124349587
1435 0.14988617124349587
1436 0.2034226189191625
1437 0.2034226189191625
1438 0.24830460091975654
1439 0.24830460091975654
1440 0.20821192639282185
1441 0.20821192639282185
1442 0.18837721468000376
1443 0.18837721468000376
1444 0.22158952023686473
1445 0.22158952023686473
1446 0.2637644748764067
1447 0.2637644748764067
1448 0.28397468349985644
1449 0.28397468349985644
1450 0.19421060350598804
1451 0.19421060350598804
1452 0.23889507137791893
1453 0.23889507137791893
1454 0.22784374959610804
1455 0.22784374959610804
1456 0.15291082911374693
1457 0.15291082911374693
1458 0.18681871929129532
1459 0.18681871929129532
1460 0.20346333779610132
1461 0.20346333779610132
1462 0.22879941083231972
1463 0.22879941083231972
1464 0.27034615630323733
1465 0.27034615630323733
1466 0.13410825810824029
1467 0.13410825810824029
1468 0.22941600347344956
1469 0.22941600347344956
1470 0.11820909208730655
1471 0.11820909208730655
1472 0.17909564952116555
1473 0.17909564952116555
1474 0.26374842395893155
1475 0.26374842395893155
1476 0.1355714048786604
1477 0.1355714048786604
1478 0.25256987392116714
1479 0.25256987392116714
1480 0.20821638770859288
1481 0.20821638770859288
1482 0.2745427457874565
1483 0.2745427457874565
1484 0.16304453082979614
1485 0.16304453082979614
1486 0.22905763822433134
1487 0.22905763822433134
1488 0.17280580056672729
1489 0.17280580056672729
1490 0.21481372147616065
1491 0.21481372147616065
1492 0.20089274726666628
1493 0.20089274726666628
1494 0.15107501927305278
1495 0.15107501927305278
1496 0.18192373052846644
1497 0.18192373052846644
1498 0.2350669787371563
1499 0.2350669787371563
1500 0.1688461818495613
1501 0.1688461818495613
1502 0.22693527114814077
1503 0.22693527114814077
1504 0.17499676226081726
1505 0.17499676226081726
1506 0.19984481205895394
1507 0.19984481205895394
1508 0.2103951641524583
1509 0.2103951641524583
1510 0.13873793738656776
1511 0.13873793738656776
1512 0.15086151403553433
1513 0.15086151403553433
1514 0.18689508868293295
1515 0.18689508868293295
1516 0.22904720846385251
1517 0.22904720846385251
1518 0.16167110238497914
1519 0.16167110238497914
1520 0.21898448284608765
1521 0.21898448284608765
1522 0.18154000086287325
1523 0.18154000086287325
1524 0.25030930063404133
1525 0.25030930063404133
1526 0.20696674317324543
1527 0.20696674317324543
1528 0.1845395221277405
1529 0.1845395221277405
1530 0.1230331853132406
1531 0.1230331853132406
1532 0.19366955195978125
1533 0.19366955195978125
1534 0.13764281805699555
1535 0.13764281805699555
1536 0.1557990682226606
1537 0.1557990682226606
1538 0.23782194477256835
1539 0.23782194477256835
1540 0.1996370640888426
1541 0.1996370640888426
1542 0.19256937145721306
1543 0.19256937145721306
1544 0.22791418185466547
1545 0.22791418185466547
1546 0.1899166565631067
1547 0.1899166565631067
1548 0.1803097310145046
1549 0.1803097310145046
1550 0.24128685490634644
1551 0.24128685490634644
1552 0.20571091801763405
1553 0.20571091801763405
1554 0.18961606824319338
1555 0.18961606824319338
1556 0.2086293766279248
1557 0.2086293766279248
1558 0.17317219363477537
1559 0.17317219363477537
1560 0.18583747671091114
1561 0.18583747671091114
1562 0.186291611979124
1563 0.186291611979124
1564 0.22623640162944075
1565 0.22623640162944075
1566 0.1697291378514702
1567 0.1697291378514702
1568 0.19855360644626216
1569 0.19855360644626216
1570 0.23270250509711538
1571 0.23270250509711538
1572 0.21503178680574475
1573 0.21503178680574475
1574 0.23311744683249028
1575 0.23311744683249028
1576 0.22125865472812528
1577 0.22125865472812528
1578 0.21913669170615235
1579 0.21913669170615235
1580 0.1983385024367538
1581 0.1983385024367538
1582 0.19763321574624712
1583 0.19763321574624712
1584 0.18364297968362187
1585 0.18364297968362187
1586 0.17813835733617117
1587 0.17813835733617117
1588 0.23651478718788826
1589 0.23651478718788826
1590 0.16262122475658916
1591 0.16262122475658916
1592 0.20501068885056442
1593 0.20501068885056442
1594 0.2004009117865785
1595 0.2004009117865785
1596 0.1549170495841104
1597 0.1549170495841104
1598 0.25193662507702824
1599 0.25193662507702824
1600 0.27982391775773285
1601 0.27982391775773285
1602 0.21605995044923856
1603 0.21605995044923856
1604 0.15527199464362484
1605 0.15527199464362484
1606 0.17015291296531435
1607 0.17015291296531435
1608 0.2187036753639286
1609 0.8247384023872899
1610 0.8247384023872899
1611 1.1086872048463559
1612 1.1086872048463559
1613 0.9946157533575987
1614 0.9946157533575987
1615 1.0094684622838825
1616 1.0094684622838825
1617 1.1972403941965477
1618 1.1972403941965477
1619 1.0222964714687526
1620 1.0222964714687526
1621 1.104991266386433
1622 1.104991266386433
1623 1.2622015484713578
1624 1.2622015484713578
1625 1.0596946577238116
1626 1.0596946577238116
1627 1.1179642156958567
1628 1.1179642156958567
1629 1.1512468612878568
1630 1.1512468612878568
1631 1.1925842560101931
1632 1.1925842560101931
1633 1.2075463559347566
1634 1.2075463559347566
1635 1.3679482743926665
1636 1.3679482743926665
1637 1.0243759606831295
1638 1.0243759606831295
1639 1.1958601821805968
1640 1.1958601821805968
1641 1.158376378883071
1642 1.158376378883071
1643 1.059363896197872
1644 1.059363896197872
1645 1.3244003366861776
1646 1.3244003366861776
1647 1.5928777333983697
1648 1.5928777333983697
1649 0.9761923761696158
1650 0.9761923761696158
1651 1.0965134891983002
1652 1.0965134891983002
1653 1.349090067908304
1654 1.349090067908304
1655 1.16996256780127
1656 1.16996256780127
1657 1.1275761597889202
1658 1.1275761597889202
1659 1.5250117923155346
1660 1.5250117923155346
1661 1.467974066811298
1662 1.467974066811298
1663 1.3717860658145111
1664 1.3717860658145111
1665 0.957215736036713
1666 0.957215736036713
1667 1.4089679570162748
1668 1.4089679570162748
1669 0.8788834107894643
1670 0.8788834107894643
1671 1.1001465468902165
1672 1.1001465468902165
1673 1.0957822694093857
1674 1.0957822694093857
1675 1.3321623677709569
1676 1.3321623677709569
1677 1.0957189097135844
1678 1.0957189097135844
1679 1.2434981136613743
1680 1.2434981136613743
1681 1.0968136776531119
1682 1.0968136776531119
1683 1.0540431394772836
1684 1.0540431394772836
1685 0.953959405883275
1686 0.953959405883275
1687 0.9425462546448129
1688 0.9425462546448129
1689 1.7283890836592153
1690 1.7283890836592153
1691 1.2368594856142299
1692 1.2368594856142299
1693 0.7341561125869294
1694 0.7341561125869294
1695 1.5174507586300336
1696 1.5174507586300336
1697 0.9017014351328314
1698 0.9017014351328314
1699 0.8871513297535634
1700 0.8871513297535634
1701 0.7772421048506065
1702 0.7772421048506065
1703 0.9326493382837614
1704 0.9326493382837614
1705 1.2501790512127604
1706 1.2501790512127604
1707 1.1884668005169026
1708 1.1884668005169026
1709 1.1000629649079334
1710 1.1000629649079334
1711 1.2733675283548584
1712 1.2733675283548584
1713 1.0623651956538072
1714 1.0623651956538072
1715 1.0264962748600919
1716 1.0264962748600919
1717 1.0065923559482886
1718 1.0065923559482886
1719 1.245700383408878
1720 1.245700383408878
1721 0.9000082685769402
1722 0.9000082685769402
1723 1.457715506070345
1724 1.457715506070345
1725 0.8541424371294297
1726 0.8541424371294297
1727 1.0859238859078395
1728 1.0859238859078395
1729 1.332545094978551
1730 1.332545094978551
1731 1.1337555818576652
1732 1.1337555818576652
1733 1.15890141047736
1734 1.15890141047736
1735 0.927232222542719
1736 0.927232222542719
1737 1.284336029432815
1738 1.284336029432815
1739 1.2798554300099079
1740 1.2798554300099079
1741 1.0143110873352261
1742 1.0143110873352261
1743 1.5846794538829858
1744 1.5846794538829858
1745 0.7979910507090696
1746 0.7979910507090696
1747 0.9206839436339151
1748 0.9206839436339151
1749 1.0699798437679937
1750 1.0699798437679937
1751 1.0434762866407779
1752 1.0434762866407779
1753 1.3398809501728448
1754 1.3398809501728448
1755 1.0492670242384707
1756 1.0492670242384707
1757 1.4872242713386186
1758 1.4872242713386186
1759 0.9577946158289967
1760 0.9577946158289967
1761 1.1564822808345623
1762 1.1564822808345623
1763 1.0907155996517
1764 1.0907155996517
1765 0.8713447815030481
1766 0.8713447815030481
1767 0.954783546990215
1768 0.954783546990215
1769 0.9958246089431851
1770 0.9958246089431851
1771 1.0261405108883415
1772 1.0261405108883415
1773 1.4992052575700034
1774 1.4992052575700034
1775 1.0374227729560288
1776 1.0374227729560288
1777 1.2410495887855066
1778 1.2410495887855066
1779 1.4217110963277744
1780 1.4217110963277744
1781 0.6953205779539915
1782 0.6953205779539915
1783 0.9615471283642334
1784 0.9615471283642334
1785 1.2593093995931612
1786 1.2593093995931612
1787 1.1136651978791494
1788 1.1136651978791494
1789 0.794171315105096
1790 0.794171315105096
1791 0.9248981973607687
1792 0.9248981973607687
1793 1.109618641310559
1794 1.109618641310559
1795 1.4163641666477518
1796 1.4163641666477518
1797 0.8624048606647744
1798 0.8624048606647744
1799 1.1241160898619507
1800 1.1241160898619507
1801 1.3597974150090604
1802 1.3597974150090604
1803 1.6655416295129557
1804 1.6655416295129557
1805 1.62298221831462
1806 1.62298221831462
1807 1.229833447867575
1808 1.229833447867575
1809 0.7272224902429358
1810 0.7272224902429358
1811 1.2180774310232607
1812 1.2180774310232607
1813 1.2473520573811432
1814 1.2473520573811432
1815 1.3097268602096728
1816 1.3097268602096728
1817 1.0162442661287514
1818 1.0162442661287514
1819 1.0112265258781565
1820 1.0112265258781565
1821 0.873458824975687
1822 0.873458824975687
1823 1.1830500018336731
1824 1.1830500018336731
1825 1.0670460585926753
1826 1.0670460585926753
1827 1.1760648163210219
1828 1.1760648163210219
1829 0.9058325393593459
1830 0.9058325393593459
1831 0.9990334200747426
1832 0.9990334200747426
1833 1.0437857994948225
1834 1.0437857994948225
1835 1.2217690159654888
1836 1.2217690159654888
1837 1.3877115642170164
1838 1.3877115642170164
1839 1.3151669742193923
1840 1.3151669742193923
1841 0.9493575654700088
1842 0.9493575654700088
1843 1.068515142561333
1844 1.068515142561333
1845 1.075738152949677
1846 1.075738152949677
1847 0.9691916877153399
1848 0.9691916877153399
1849 1.054306858946214
1850 1.054306858946214
1851 1.1745879542203517
1852 1.1745879542203517
1853 0.6824870845923595
1854 0.6824870845923595
1855 0.9299201258400892
1856 0.9299201258400892
1857 1.042569540182218
1858 1.042569540182218
1859 1.2916914238627062
1860 1.2916914238627062
1861 1.3848440103802544
1862 1.3848440103802544
1863 0.9809818337809476
1864 0.9809818337809476
1865 0.8040193886832269
1866 0.8040193886832269
1867 1.0830569266035959
1868 1.0830569266035959
1869 0.7965443833595344
1870 0.7965443833595344
1871 1.1320291618970955
1872 1.1320291618970955
1873 1.3832613969429541
1874 1.3832613969429541
1875 1.1478231927472244
1876 1.1478231927472244
1877 1.2514088186808043
1878 1.2514088186808043
1879 1.046942994371792
1880 1.046942994371792
1881 0.9576934655899387
1882 0.9576934655899387
1883 1.4029924267807008
1884 1.4029924267807008
1885 1.2730203933579571
1886 1.2730203933579571
1887 0.9962830105461278
1888 0.9962830105461278
1889 1.0224166902015046
1890 1.0224166902015046
1891 1.0998580878223505
1892 1.0998580878223505
1893 0.9952312515555978
1894 0.9952312515555978
1895 0.9861198429760449
1896 0.9861198429760449
1897 1.0473941370497966
1898 1.0473941370497966
1899 1.1612367066865537
1900 1.1612367066865537
1901 1.1339409964566647
1902 1.1339409964566647
1903 1.1979519770869609
1904 1.1979519770869609
1905 1.295806620812604
1906 1.295806620812604
1907 0.9223320298963562
1908 0.9223320298963562
1909 1.1339106628886513
1910 1.1339106628886513
1911 1.2656330607912456
1912 1.2656330607912456
1913 1.0387037932436163
1914 1.0387037932436163
1915 1.1419670810974003
1916 1.1419670810974003
1917 0.8660326980216684
1918 0.8660326980216684
1919 0.9597650915817979
1920 0.9597650915817979
1921 1.0514746565238593
1922 1.0514746565238593
1923 1.3132214011979313
1924 1.3132214011979313
1925 0.797702807472551
1926 0.797702807472551
1927 0.8243601056549894
1928 0.8243601056549894
1929 1.1310229243675587
1930 1.1310229243675587
1931 0.7597622647983762
1932 0.7597622647983762
1933 0.9377343970590345
1934 0.9377343970590345
1935 1.242749505794417
1936 1.242749505794417
1937 1.2275826286459117
1938 1.2275826286459117
1939 1.1037845929772168
1940 1.1037845929772168
1941 1.1827775796387894
1942 1.1827775796387894
1943 1.1589235537297655
1944 1.1589235537297655
1945 1.4099864875407357
1946 1.4099864875407357
1947 0.8468657031691801
1948 0.8468657031691801
1949 0.6872962367598163
1950 0.6872962367598163
1951 1.5816934269162999
1952 1.5816934269162999
1953 1.258160581243757
1954 1.258160581243757
1955 1.1227626940104556
1956 1.1227626940104556
1957 1.101903057637756
1958 1.101903057637756
1959 0.9348626048955815
1960 0.9348626048955815
1961 1.3852734957519044
1962 1.3852734957519044
1963 1.0810603676814932
1964 1.0810603676814932
1965 1.2138271688385296
1966 1.2138271688385296
1967 0.9676304596135793
1968 0.9676304596135793
1969 1.235542485683074
1970 1.235542485683074
1971 1.1028186425040034
1972 1.1028186425040034
1973 0.9767666213082287
1974 0.9767666213082287
1975 0.9322390618436449
1976 0.9322390618436449
1977 1.216596702764702
1978 1.216596702764702
1979 0.9102062660108089
1980 0.9102062660108089
1981 0.9975689043264542
1982 0.9975689043264542
1983 1.1991176583722953
1984 1.1991176583722953
1985 1.0056277691019044
1986 1.0056277691019044
1987 0.825274762160253
1988 0.825274762160253
1989 1.1450572820252285
1990 1.1450572820252285
1991 0.9609940254218303
1992 0.9609940254218303
1993 1.1169901115804293
1994 1.1169901115804293
1995 1.3372562058848187
1996 1.3372562058848187
1997 1.1117090300033239
1998 1.1117090300033239
1999 1.0178242702388633
