0 0.3108775504486807
1 0.3108775504486807
2 0.3108775504486807
3 0.1606663399780369
4 0.1606663399780369
5 0.1606663399780369
6 0.1
7 0.1
8 0.1
9 0.296731096505903
10 0.296731096505903
11 0.296731096505903
12 0.4356809793927413
13 0.4356809793927413
14 0.4356809793927413
15 0.1
16 0.1
17 0.1
18 2.192924811911925
19 2.192924811911925
20 2.192924811911925
21 1.9955012162177566
22 1.9955012162177566
23 1.9955012162177566
24 1.406058908013736
25 1.406058908013736
26 7.966905018297494
27 7.966905018297494
28 7.966905018297494
29 1.9364736745219506
30 1.9364736745219506
31 1.9364736745219506
32 0.5533145563277606
33 0.5533145563277606
34 0.5533145563277606
35 2.6641250587421887
36 2.6641250587421887
37 2.6641250587421887
38 1.0567972588953882
39 1.0567972588953882
40 1.0567972588953882
41 3.379467395964825
42 3.379467395964825
43 3.379467395964825
44 2.229226311157354
45 2.229226311157354
46 2.229226311157354
47 2.1110431179291202
48 2.1110431179291202
49 2.1110431179291202
50 3.5983450431051427
51 3.5983450431051427
52 3.5983450431051427
53 3.169811902017048
54 3.169811902017048
55 3.169811902017048
56 4.851343701864296
57 4.851343701864296
58 4.851343701864296
59 3.7975384815998865
60 3.7975384815998865
61 3.7975384815998865
62 2.6371698598716833
63 2.6371698598716833
64 2.6371698598716833
65 4.259334086911034
66 4.259334086911034
67 4.259334086911034
68 2.7415050103883734
69 2.7415050103883734
70 2.7415050103883734
71 4.849163977616045
72 4.849163977616045
73 4.849163977616045
74 2.5868669208420942
75 2.5868669208420942
76 2.5868669208420942
77 4.157461484813229
78 4.157461484813229
79 4.157461484813229
80 4.4195550685672105
81 4.4195550685672105
82 4.4195550685672105
83 6.065615921847413
84 6.065615921847413
85 6.065615921847413
86 4.262396751636733
87 4.262396751636733
88 4.262396751636733
89 2.305352184949916
90 2.305352184949916
91 2.305352184949916
92 3.5097674369957694
93 3.5097674369957694
94 3.5097674369957694
95 5.20559825087466
96 5.20559825087466
97 5.20559825087466
98 4.632504712249482
99 4.632504712249482
100 4.632504712249482
101 5.0059802419655135
102 5.0059802419655135
103 0.662137508930997
104 0.662137508930997
105 0.662137508930997
106 0.3806859676731147
107 0.3806859676731147
108 0.3806859676731147
109 0.7457830213649551
110 0.7457830213649551
111 0.7457830213649551
112 0.7143076833330761
113 0.7143076833330761
114 0.7143076833330761
115 1.2648808445884223
116 1.2648808445884223
117 1.2648808445884223
118 0.49695065441853226
119 0.49695065441853226
120 0.49695065441853226
121 0.6223964310806472
122 0.6223964310806472
123 0.6223964310806472
124 0.8303179771254386
125 0.8303179771254386
126 0.8303179771254386
127 0.5152649626394352
128 0.5152649626394352
129 0.5152649626394352
130 0.6118963999400102
131 0.6118963999400102
132 0.6118963999400102
133 0.9359827043513468
134 0.9359827043513468
135 0.9359827043513468
136 0.9204254137316837
137 0.9204254137316837
138 0.9204254137316837
139 0.47663096695097296
140 0.47663096695097296
141 0.47663096695097296
142 0.3238392787516923
143 0.3238392787516923
144 0.3238392787516923
145 0.7510620493985128
146 0.7510620493985128
147 0.7510620493985128
148 0.6227511976963113
149 0.6227511976963113
150 0.6227511976963113
151 0.3561060448370672
152 0.3561060448370672
153 0.3561060448370672
154 0.3559545746247459
155 0.3559545746247459
156 0.3559545746247459
157 0.5244595863158932
158 0.5244595863158932
159 0.5244595863158932
160 0.6434612095212091
161 0.6434612095212091
162 0.6434612095212091
163 0.19927931192492687
164 0.19927931192492687
165 0.19927931192492687
166 1.412718292489842
167 1.412718292489842
168 1.412718292489842
169 0.25529072860601565
170 0.25529072860601565
171 0.25529072860601565
172 0.1322977036324271
173 0.1322977036324271
174 1.1983606087171468
175 1.1983606087171468
176 1.1983606087171468
177 2.1553837257680586
178 2.1553837257680586
179 2.1553837257680586
180 1.8701962885450811
181 1.8701962885450811
182 1.8701962885450811
183 4.0479894596924035
184 4.0479894596924035
185 4.0479894596924035
186 3.334466811150933
187 3.334466811150933
188 3.334466811150933
189 2.248605925953937
190 2.248605925953937
191 2.248605925953937
192 3.6898296846852303
193 3.6898296846852303
194 3.6898296846852303
195 0.8201221273410546
196 0.8201221273410546
197 0.8201221273410546
198 0.9672026512456628
199 0.9672026512456628
200 0.9672026512456628
201 2.853823452000711
202 2.853823452000711
203 2.853823452000711
204 1.4477478325606923
205 1.4477478325606923
206 1.4477478325606923
207 4.186409842745669
208 4.186409842745669
209 4.186409842745669
210 3.17009201844721
211 3.17009201844721
212 3.17009201844721
213 1.7462450413943573
214 1.7462450413943573
215 1.7462450413943573
216 2.2611021831741427
217 2.2611021831741427
218 2.2611021831741427
219 2.3466134765889284
220 2.3466134765889284
221 2.3466134765889284
222 3.960396233281064
223 3.960396233281064
224 3.960396233281064
225 2.3107966129948596
226 2.3107966129948596
227 2.3107966129948596
228 3.17151871784805
229 3.17151871784805
230 3.17151871784805
231 1.1191763127182246
232 1.1191763127182246
233 1.1191763127182246
234 4.5569751818962985
235 4.5569751818962985
236 4.5569751818962985
237 2.8263604552663804
238 2.8263604552663804
239 2.8263604552663804
240 2.1107923087677793
241 2.1107923087677793
242 2.1107923087677793
243 4.507306323759574
244 4.507306323759574
245 4.507306323759574
246 1.3646800813756563
247 1.3646800813756563
248 1.3646800813756563
249 4.230023958641981
250 0.9967774176043949
251 0.9967774176043949
252 0.9967774176043949
253 0.6307739722538734
254 0.6307739722538734
255 0.6307739722538734
256 0.13597917726290343
257 0.13597917726290343
258 0.13597917726290343
259 0.16479126799284172
260 0.16479126799284172
261 0.16479126799284172
262 0.27811711484723006
263 0.27811711484723006
264 0.27811711484723006
265 0.7030370320615855
266 0.7030370320615855
267 0.7030370320615855
268 0.6990096173708675
269 0.6990096173708675
270 0.6990096173708675
271 0.7350606822348665
272 0.7350606822348665
273 0.7350606822348665
274 0.8946905912433496
275 0.8946905912433496
276 0.8946905912433496
277 0.8210535717531833
278 0.8210535717531833
279 0.8210535717531833
280 0.5635912788623714
281 0.5635912788623714
282 0.5635912788623714
283 0.789938740620642
284 0.789938740620642
285 0.789938740620642
286 0.22125946587671602
287 0.22125946587671602
288 0.22125946587671602
289 0.5321468074686715
290 1.9104372600333075
291 1.9104372600333075
292 1.9104372600333075
293 0.7920710859757122
294 0.7920710859757122
295 0.7920710859757122
296 0.36160410229217677
297 0.36160410229217677
298 0.36160410229217677
299 1.7084291013025872
300 1.7084291013025872
301 1.7084291013025872
302 1.590251543548721
303 1.590251543548721
304 1.590251543548721
305 0.1
306 2.588777878219636
307 2.588777878219636
308 2.588777878219636
309 3.3918269366828224
310 3.3918269366828224
311 3.3918269366828224
312 2.9074661076889967
313 2.9074661076889967
314 2.9074661076889967
315 4.3759247972697715
316 4.3759247972697715
317 4.3759247972697715
318 4.976115628442706
319 4.976115628442706
320 4.976115628442706
321 2.795861112109968
322 2.795861112109968
323 2.795861112109968
324 4.190027172033649
325 4.190027172033649
326 4.190027172033649
327 2.2017948926214226
328 2.2017948926214226
329 2.2017948926214226
330 3.9869566202993507
331 3.9869566202993507
332 3.9869566202993507
333 3.8208090300809068
334 3.8208090300809068
335 3.8208090300809068
336 5.575662270063379
337 5.575662270063379
338 5.575662270063379
339 5.843439113333712
340 5.843439113333712
341 5.843439113333712
342 3.3523209682201047
343 3.3523209682201047
344 3.3523209682201047
345 6.560811450674927
346 6.560811450674927
347 6.560811450674927
348 4.608809236806221
349 4.608809236806221
350 4.608809236806221
351 4.4830273616533365
352 4.4830273616533365
353 4.4830273616533365
354 6.33410355745054
355 6.33410355745054
356 6.33410355745054
357 4.398377990515449
358 4.398377990515449
359 4.398377990515449
360 4.848220367562462
361 4.848220367562462
362 4.848220367562462
363 5.9651262553406825
364 5.9651262553406825
365 5.9651262553406825
366 3.5355597474799634
367 3.5355597474799634
368 3.5355597474799634
369 4.059394994738541
370 4.059394994738541
371 4.059394994738541
372 2.803583450199862
373 2.803583450199862
374 2.803583450199862
375 4.716928205489116
376 4.716928205489116
377 4.716928205489116
378 5.648632097809882
379 4.609385963571078
380 4.609385963571078
381 4.609385963571078
382 3.7777496308305016
383 6.126234354354247
384 6.126234354354247
385 6.126234354354247
386 4.792460116918233
387 4.792460116918233
388 4.792460116918233
389 5.082852710285562
390 5.082852710285562
391 5.082852710285562
392 0.5008938724881862
393 0.5008938724881862
394 0.5008938724881862
395 2.980831723741902
396 2.980831723741902
397 2.980831723741902
398 3.2924534267979433
399 3.2924534267979433
400 3.2924534267979433
401 5.53652039566256
402 5.53652039566256
403 5.53652039566256
404 3.5350674224670087
405 3.5350674224670087
406 3.5350674224670087
407 3.4832366659894562
408 3.4832366659894562
409 3.4832366659894562
410 4.829458696781962
411 4.829458696781962
412 4.829458696781962
413 2.6995349218671634
414 2.6995349218671634
415 2.6995349218671634
416 2.792961253319787
417 2.792961253319787
418 2.792961253319787
419 1.2622834082454686
420 1.2622834082454686
421 1.2622834082454686
422 1.3203038279865722
423 1.3203038279865722
424 1.3203038279865722
425 2.5086727722820945
426 2.5086727722820945
427 2.5086727722820945
428 1.8200687366601809
429 1.8200687366601809
430 1.8200687366601809
431 5.1233466447423135
432 5.1233466447423135
433 5.1233466447423135
434 3.3864377109592922
435 3.3864377109592922
436 3.3864377109592922
437 2.393477595297764
438 2.393477595297764
439 2.393477595297764
440 3.9397765197700707
441 3.9397765197700707
442 3.9397765197700707
443 1.0797020987132337
444 1.0797020987132337
445 1.0797020987132337
446 4.726015830858039
447 4.726015830858039
448 4.726015830858039
449 1.0086300295886161
450 1.0086300295886161
451 1.0086300295886161
452 1.4442017777422893
453 1.4442017777422893
454 1.4442017777422893
455 4.132351302977761
456 4.132351302977761
457 4.132351302977761
458 2.2871845111985216
459 2.2871845111985216
460 2.2871845111985216
461 3.518884234244349
462 3.518884234244349
463 3.518884234244349
464 4.460921646683321
465 4.460921646683321
466 4.460921646683321
467 4.050154531685138
468 4.050154531685138
469 4.050154531685138
470 2.76176841550207
471 2.76176841550207
472 2.76176841550207
473 5.1149980108590976
474 5.1149980108590976
475 5.1149980108590976
476 1.7862459849462102
477 1.7862459849462102
478 1.7862459849462102
479 6.786377845207838
480 6.786377845207838
481 6.786377845207838
482 7.302218882833239
483 7.302218882833239
484 7.302218882833239
485 1.790452902153265
486 1.790452902153265
487 1.790452902153265
488 6.97805335637635
489 6.97805335637635
490 6.97805335637635
491 5.86962920247919
492 5.86962920247919
493 5.86962920247919
494 4.524255658676356
495 4.524255658676356
496 4.524255658676356
497 3.4204414784600985
498 3.4204414784600985
499 3.4204414784600985
500 2.832536524354338
501 2.832536524354338
502 2.832536524354338
503 2.2649468064480396
504 2.2649468064480396
505 2.2649468064480396
506 1.0382583728356996
507 1.0382583728356996
508 1.0382583728356996
509 2.531675791921887
510 2.531675791921887
511 2.531675791921887
512 4.256356377347922
513 4.256356377347922
514 4.256356377347922
515 2.3412202387889645
516 2.3412202387889645
517 2.3412202387889645
518 1.46882224661005
519 1.46882224661005
520 1.46882224661005
521 4.7817823523299126
522 4.7817823523299126
523 4.7817823523299126
524 3.6298025830214358
525 3.6298025830214358
526 3.6298025830214358
527 2.777211700333977
528 2.777211700333977
529 2.777211700333977
530 1.3769159290906536
531 1.3769159290906536
532 1.3769159290906536
533 4.053405058580106
534 4.053405058580106
535 4.053405058580106
536 2.7644559532361237
537 1.799453702786549
538 1.799453702786549
539 1.799453702786549
540 2.6733921480607443
541 2.6733921480607443
542 2.6733921480607443
543 2.8925428024402833
544 2.8925428024402833
545 2.8925428024402833
546 1.2933189530836158
547 1.2933189530836158
548 1.2933189530836158
549 2.9961021866210036
550 2.9961021866210036
551 2.9961021866210036
552 1.674912242511242
553 1.674912242511242
554 1.674912242511242
555 2.622955604511269
556 2.622955604511269
557 2.622955604511269
558 1.7225287689067612
559 1.7225287689067612
560 1.7225287689067612
561 1.7223978322266147
562 1.7223978322266147
563 1.7223978322266147
564 2.93323842529083
565 2.93323842529083
566 2.93323842529083
567 2.116683295431228
568 2.116683295431228
569 2.116683295431228
570 2.839773826995651
571 2.839773826995651
572 2.839773826995651
573 3.120248562905685
574 3.120248562905685
575 3.120248562905685
576 4.507222800304213
577 4.507222800304213
578 4.507222800304213
579 1.4402941942465126
580 1.4402941942465126
581 1.4402941942465126
582 2.5992051183310223
583 2.5992051183310223
584 2.5992051183310223
585 2.8046738274913388
586 2.8046738274913388
587 2.8046738274913388
588 0.28473667816855275
589 0.28473667816855275
590 0.28473667816855275
591 2.135201246606947
592 2.135201246606947
593 2.135201246606947
594 1.7889019495845124
595 1.7889019495845124
596 1.7889019495845124
597 3.108323305358742
598 3.108323305358742
599 3.108323305358742
600 1.2670266122156344
601 1.2670266122156344
602 1.2670266122156344
603 1.8669994762330648
604 1.8669994762330648
605 1.8669994762330648
606 1.0145452011672602
607 1.0145452011672602
608 1.0145452011672602
609 1.569353204824512
610 1.569353204824512
611 1.569353204824512
612 1.9797257622871087
613 1.9797257622871087
614 1.9797257622871087
615 2.8895595190391896
616 2.8895595190391896
617 2.8895595190391896
618 2.9884764746159695
619 2.9884764746159695
620 2.9884764746159695
621 2.8713383074122025
622 2.8713383074122025
623 2.8713383074122025
624 3.309498529900595
625 3.309498529900595
626 3.309498529900595
627 5.104144145833313
628 5.104144145833313
629 5.104144145833313
630 1.7693724979326495
631 1.7693724979326495
632 1.7693724979326495
633 0.6696510373553337
634 0.6696510373553337
635 0.6696510373553337
636 0.1
637 0.1
638 0.1
639 1.1484721350351637
640 1.1484721350351637
641 1.1484721350351637
642 3.240637658289809
643 3.240637658289809
644 3.240637658289809
645 1.1261716838366411
646 1.1261716838366411
647 1.1261716838366411
648 2.2772129670210113
649 2.2772129670210113
650 2.2772129670210113
651 0.6398835711956699
652 0.6398835711956699
653 0.6398835711956699
654 3.548345191624719
655 3.548345191624719
656 3.548345191624719
657 1.7847055399995324
658 1.7847055399995324
659 1.7847055399995324
660 1.9426878594083359
661 1.9426878594083359
662 1.9426878594083359
663 3.829884491688004
664 3.829884491688004
665 3.829884491688004
666 1.1864589699671926
667 1.1864589699671926
668 1.1864589699671926
669 2.5202234221383977
670 2.5202234221383977
671 2.5202234221383977
672 2.6052440763880815
673 2.6052440763880815
674 2.6052440763880815
675 0.7277038286980291
676 0.7277038286980291
677 0.7277038286980291
678 3.4225069820192773
679 3.4225069820192773
680 3.4225069820192773
681 1.433224178610696
682 1.433224178610696
683 1.433224178610696
684 3.3951569266035944
685 3.3951569266035944
686 3.3951569266035944
687 4.648386184010556
688 4.648386184010556
689 4.648386184010556
690 3.0225527880395493
691 3.0225527880395493
692 3.0225527880395493
693 3.486007460616516
694 3.486007460616516
695 3.486007460616516
696 5.601859719956788
697 5.601859719956788
698 5.601859719956788
699 4.859369685679727
700 4.859369685679727
701 4.859369685679727
702 4.5267153368073
703 4.5267153368073
704 4.5267153368073
705 1.2951596152686333
706 1.2951596152686333
707 1.2951596152686333
708 1.9747015473261633
709 1.9747015473261633
710 1.9747015473261633
711 4.8781270097659855
712 4.8781270097659855
713 4.8781270097659855
714 3.0561873572395046
715 3.0561873572395046
716 3.0561873572395046
717 4.048776345159613
718 4.048776345159613
719 4.048776345159613
720 3.695674158251227
721 3.695674158251227
722 3.695674158251227
723 4.036279598770917
724 4.036279598770917
725 4.036279598770917
726 0.1
727 0.1
728 0.1
729 0.598587661842688
730 0.598587661842688
731 0.598587661842688
732 0.9419065302033327
733 0.9419065302033327
734 0.9419065302033327
735 5.907165018071719
736 5.907165018071719
737 5.907165018071719
738 2.615842410134393
739 2.615842410134393
740 2.615842410134393
741 4.294400025205298
742 4.294400025205298
743 4.294400025205298
744 0.3500299349946481
745 0.3500299349946481
746 0.3500299349946481
747 4.646144692610277
748 4.646144692610277
749 4.646144692610277
750 5.883197578517395
751 5.883197578517395
752 5.883197578517395
753 6.694407588156552
754 6.694407588156552
755 6.694407588156552
756 7.6556828030669815
757 7.6556828030669815
758 7.6556828030669815
759 1.9962359627697612
760 1.9962359627697612
761 1.9962359627697612
762 1.4049239293138012
763 1.4049239293138012
764 1.4049239293138012
765 5.660026410737513
766 5.660026410737513
767 5.660026410737513
768 3.3440933289085066
769 3.3440933289085066
770 3.3440933289085066
771 4.590333641073481
772 4.590333641073481
773 4.590333641073481
774 2.020287905887553
775 2.020287905887553
776 2.020287905887553
777 5.25817949793765
778 5.25817949793765
779 5.25817949793765
780 4.9737270401202744
781 4.9737270401202744
782 4.9737270401202744
783 4.634141336450223
784 4.634141336450223
785 4.634141336450223
786 5.783407786003242
787 5.783407786003242
788 5.783407786003242
789 4.71558577534978
790 4.71558577534978
791 4.71558577534978
792 3.0935418576701665
793 3.0935418576701665
794 3.0935418576701665
795 4.462673004980724
796 4.462673004980724
797 4.462673004980724
798 3.489492730946951
799 3.489492730946951
800 3.489492730946951
801 1.8553066973057588
802 1.8553066973057588
803 1.8553066973057588
804 4.355995703622114
805 1.298535032996495
806 1.298535032996495
807 1.298535032996495
808 1.2489293525954315
809 1.2489293525954315
810 1.2489293525954315
811 1.8522212842967989
812 1.8522212842967989
813 1.8522212842967989
814 3.1367114143714234
815 3.1367114143714234
816 3.1367114143714234
817 1.6194193871284102
818 1.6194193871284102
819 1.6194193871284102
820 0.6468037218065333
821 0.6468037218065333
822 0.6468037218065333
823 1.9601930212193475
824 1.9601930212193475
825 1.9601930212193475
826 1.6480091573466036
827 1.6480091573466036
828 1.6480091573466036
829 1.4495246709864527
830 1.4495246709864527
831 1.4495246709864527
832 2.801739100737829
833 2.801739100737829
834 2.801739100737829
835 2.366643653268893
836 2.366643653268893
837 2.366643653268893
838 2.041535151522878
839 2.041535151522878
840 2.041535151522878
841 1.8866852462155097
842 1.8866852462155097
843 1.8866852462155097
844 1.7393793170128118
845 1.7393793170128118
846 1.7393793170128118
847 1.205235638163934
848 1.205235638163934
849 1.205235638163934
850 2.305963866567162
851 2.305963866567162
852 2.305963866567162
853 2.515170190696419
854 2.515170190696419
855 2.515170190696419
856 1.1712553653989053
857 1.1712553653989053
858 1.1712553653989053
859 1.393509280640124
860 1.393509280640124
861 1.393509280640124
862 1.5545498786151388
863 1.5545498786151388
864 1.5545498786151388
865 0.756748454635972
866 0.756748454635972
867 0.756748454635972
868 1.7768203501610051
869 1.7768203501610051
870 1.7768203501610051
871 1.3748673385091066
872 1.3748673385091066
873 1.3748673385091066
874 2.5633071804622025
875 2.5633071804622025
876 2.5633071804622025
877 1.590608254281761
878 1.590608254281761
879 1.590608254281761
880 2.1348687667319908
881 2.1348687667319908
882 2.1348687667319908
883 1.8347528494152063
884 1.8347528494152063
885 1.8347528494152063
886 2.432259865249133
887 2.432259865249133
888 2.432259865249133
889 0.5218356460415987
890 0.5218356460415987
891 0.5218356460415987
892 1.4714560104448822
893 1.4714560104448822
894 1.4714560104448822
895 1.2592766201573216
896 1.2592766201573216
897 1.2592766201573216
898 2.1398283974251022
899 2.1398283974251022
900 2.1398283974251022
901 0.8053931852990971
902 0.8053931852990971
903 0.8053931852990971
904 0.4225423496677825
905 0.4225423496677825
906 0.4225423496677825
907 0.8429431471101333
908 0.8429431471101333
909 0.8429431471101333
910 0.1
911 0.1
912 0.1
913 2.2038114171229024
914 2.2038114171229024
915 2.2038114171229024
916 0.6806599526596073
917 0.6806599526596073
918 0.6806599526596073
919 1.4668830575530127
920 1.4668830575530127
921 1.4668830575530127
922 2.1510027512579892
923 2.1510027512579892
924 2.1510027512579892
925 0.8027942253953817
926 0.8027942253953817
927 0.8027942253953817
928 0.735722301198534
929 0.735722301198534
930 0.735722301198534
931 2.9598756960368275
932 2.9598756960368275
933 2.9598756960368275
934 1.6888864494549733
935 1.6888864494549733
936 1.6888864494549733
937 1.0614053780155674
938 1.0614053780155674
939 1.0614053780155674
940 1.1124011750474334
941 1.1124011750474334
942 1.1124011750474334
943 1.547981152861201
944 1.547981152861201
945 1.547981152861201
946 1.9871559726731955
947 1.9871559726731955
948 1.9871559726731955
949 1.0183511510238188
950 1.0183511510238188
951 1.0183511510238188
952 1.9799441664613333
953 1.9799441664613333
954 1.9799441664613333
955 3.4485569438185566
956 3.4485569438185566
957 3.4485569438185566
958 2.3560751962181308
959 2.3560751962181308
960 2.3560751962181308
961 1.4174361362533563
962 1.4174361362533563
963 1.4174361362533563
964 2.2631082940777105
965 2.2631082940777105
966 2.2631082940777105
967 1.1437136717770768
968 1.1437136717770768
969 1.1437136717770768
970 1.0416152050848488
971 1.0416152050848488
972 1.0416152050848488
973 0.5451068872342126
974 0.5451068872342126
975 0.5451068872342126
976 1.8154704486639301
977 1.8154704486639301
978 1.8154704486639301
979 1.3144289302414196
980 0.7253303938853242
981 0.7253303938853242
982 0.7253303938853242
983 0.5438368956730097
984 3.1178083978162197
985 3.1178083978162197
986 3.1178083978162197
987 4.165654921607684
988 4.165654921607684
989 4.165654921607684
990 3.2610296098991225
991 3.2610296098991225
992 3.2610296098991225
993 5.119695459176009
994 5.119695459176009
995 5.119695459176009
996 2.029489150112959
997 2.029489150112959
998 2.029489150112959
999 2.7827392274371037
1000 2.7827392274371037
1001 2.7827392274371037
1002 4.846457118929015
1003 4.846457118929015
1004 4.846457118929015
1005 4.2827427613303675
1006 4.2827427613303675
1007 4.2827427613303675
1008 1.8459698783435154
1009 1.8459698783435154
1010 1.8459698783435154
1011 0.1
1012 0.1
1013 0.1
1014 2.1095077136721176
1015 2.1095077136721176
1016 2.1095077136721176
1017 3.447591311233053
1018 3.447591311233053
1019 3.447591311233053
1020 3.422826064795754
1021 3.422826064795754
1022 3.422826064795754
1023 2.8547428002585025
1024 2.8547428002585025
1025 2.8547428002585025
1026 4.774087999303688
1027 4.774087999303688
1028 4.774087999303688
1029 2.665645053403609
1030 2.665645053403609
1031 2.665645053403609
1032 0.6922095509264872
1033 0.6922095509264872
1034 0.6922095509264872
1035 3.335269426550553
1036 3.335269426550553
1037 3.335269426550553
1038 0.5751219541564816
1039 0.5751219541564816
1040 0.5751219541564816
1041 4.116582649641207
1042 4.116582649641207
1043 4.116582649641207
1044 3.3543681537832883
1045 3.3543681537832883
1046 3.3543681537832883
1047 4.297881100094045
1048 4.297881100094045
1049 4.297881100094045
1050 2.2225382967700797
1051 2.2225382967700797
1052 2.2225382967700797
1053 0.27278422920537526
1054 0.27278422920537526
1055 0.27278422920537526
1056 3.5994518423564688
1057 3.5994518423564688
1058 3.5994518423564688
1059 0.9398724024800162
1060 0.9398724024800162
1061 0.9398724024800162
1062 3.441345267877262
1063 3.441345267877262
1064 3.441345267877262
1065 1.8099777767984362
1066 1.8099777767984362
1067 1.8099777767984362
1068 4.170681260166221
1069 4.170681260166221
1070 4.170681260166221
1071 2.8477223511027288
1072 2.8477223511027288
1073 2.8477223511027288
1074 4.411308283409507
1075 4.411308283409507
1076 4.411308283409507
1077 1.3765110904091866
1078 1.3765110904091866
1079 1.3765110904091866
1080 1.7627956803908644
1081 1.7627956803908644
1082 1.7627956803908644
1083 2.7775956914136852
1084 2.7775956914136852
1085 2.7775956914136852
1086 2.244794658583938
1087 2.244794658583938
1088 2.244794658583938
1089 3.0716059986716
1090 3.0716059986716
1091 3.0716059986716
1092 3.9362744601929895
1093 3.9362744601929895
1094 3.9362744601929895
1095 1.6963528545872164
1096 1.6963528545872164
1097 1.6963528545872164
1098 1.6615691812863054
1099 1.6615691812863054
1100 1.6615691812863054
1101 1.9300239005437654
1102 1.9300239005437654
1103 1.9300239005437654
1104 3.5095199633659804
1105 3.5095199633659804
1106 3.5095199633659804
1107 3.588843993017172
1108 3.588843993017172
1109 3.588843993017172
1110 2.6810467874917965
1111 2.6810467874917965
1112 2.6810467874917965
1113 3.7372321821998065
1114 3.7372321821998065
1115 2.766386082601046
1116 2.766386082601046
1117 2.766386082601046
1118 3.8584851439164938
1119 3.8584851439164938
1120 3.8584851439164938
1121 3.081987429103681
1122 3.081987429103681
1123 3.081987429103681
1124 0.6970822573509952
1125 0.6970822573509952
1126 0.6970822573509952
1127 1.0900774185246516
1128 1.0900774185246516
1129 1.0900774185246516
1130 3.5571530990041493
1131 3.5571530990041493
1132 3.5571530990041493
1133 2.2581070732312054
1134 2.2581070732312054
1135 2.2581070732312054
1136 2.852499705857136
1137 2.852499705857136
1138 2.852499705857136
1139 2.492201917188579
1140 2.492201917188579
1141 2.492201917188579
1142 1.6570162876519525
1143 1.6570162876519525
1144 1.6570162876519525
1145 3.114542354023223
1146 3.114542354023223
1147 3.114542354023223
1148 3.833960240096159
1149 3.833960240096159
1150 3.833960240096159
1151 1.3183074069932774
1152 1.3183074069932774
1153 1.3183074069932774
1154 3.6140494726398846
1155 3.6140494726398846
1156 3.6140494726398846
1157 2.2999408105513752
1158 2.2999408105513752
1159 2.2999408105513752
1160 1.780204392048235
1161 1.780204392048235
1162 1.780204392048235
1163 2.4232387169094456
1164 2.4232387169094456
1165 2.4232387169094456
1166 3.043227182587643
1167 3.043227182587643
1168 3.043227182587643
1169 0.7356014947633684
1170 0.7356014947633684
1171 0.7356014947633684
1172 3.1603805898427586
1173 3.1603805898427586
1174 3.1603805898427586
1175 3.510003990371247
1176 3.510003990371247
1177 3.510003990371247
1178 2.779649520103767
1179 2.779649520103767
1180 2.779649520103767
1181 2.6818143515118282
1182 2.6818143515118282
1183 2.6818143515118282
1184 2.9666425457455294
1185 2.9666425457455294
1186 2.9666425457455294
1187 1.5452167180121599
1188 1.5452167180121599
1189 1.5452167180121599
1190 3.7161258188965993
1191 3.7161258188965993
1192 3.7161258188965993
1193 0.4872536293854304
1194 0.4872536293854304
1195 0.4872536293854304
1196 2.702592050579004
1197 2.702592050579004
1198 2.702592050579004
1199 3.018124450587881
1200 3.018124450587881
1201 3.018124450587881
1202 1.1359731408768177
1203 1.1359731408768177
1204 1.1359731408768177
1205 1.8107285175016492
1206 1.8107285175016492
1207 1.8107285175016492
1208 1.9665123294344935
1209 1.9665123294344935
1210 1.9665123294344935
1211 3.262614178797041
1212 3.262614178797041
1213 3.262614178797041
1214 3.9935215048188395
1215 3.9935215048188395
1216 3.9935215048188395
1217 3.1411410672297344
1218 3.1411410672297344
1219 3.1411410672297344
1220 3.510912945866904
1221 3.510912945866904
1222 3.510912945866904
1223 4.22431671112528
1224 4.22431671112528
1225 4.22431671112528
1226 0.13306973180675108
1227 0.13306973180675108
1228 0.13306973180675108
1229 3.3687432366849275
1230 3.3687432366849275
1231 3.3687432366849275
1232 3.443473950971141
1233 3.443473950971141
1234 3.443473950971141
1235 2.0256066018141974
1236 2.0256066018141974
1237 2.0256066018141974
1238 5.294490048211756
1239 5.294490048211756
1240 5.294490048211756
1241 2.3718802825672776
1242 2.3718802825672776
1243 2.3718802825672776
1244 3.753628190435791
1245 3.753628190435791
1246 3.753628190435791
1247 1.8059640594990394
1248 1.8059640594990394
1249 1.8059640594990394
1250 3.7003848702127335
1251 3.7003848702127335
1252 3.7003848702127335
1253 5.382925562956924
1254 5.382925562956924
1255 5.382925562956924
1256 2.0244951756739886
1257 2.0244951756739886
1258 2.0244951756739886
1259 2.640839695980357
1260 2.5736151815451893
1261 2.5736151815451893
1262 2.5736151815451893
1263 3.097615317953645
1264 3.097615317953645
1265 3.097615317953645
1266 0.5768276164543058
1267 0.5768276164543058
1268 0.5768276164543058
1269 2.060279204057401
1270 2.060279204057401
1271 2.060279204057401
1272 2.8708580325466033
1273 2.8708580325466033
1274 2.8708580325466033
1275 0.46631367887988473
1276 0.46631367887988473
1277 0.46631367887988473
1278 1.3885021262355073
1279 1.3885021262355073
1280 1.3885021262355073
1281 2.5799207868400518
1282 2.5799207868400518
1283 2.5799207868400518
1284 1.4928352418815685
1285 1.4928352418815685
1286 1.4928352418815685
1287 1.5862241740587757
1288 1.5862241740587757
1289 1.5862241740587757
1290 2.0766287293268304
1291 2.0766287293268304
1292 2.0766287293268304
1293 1.1389404121060718
1294 1.1389404121060718
1295 1.1389404121060718
1296 1.997182258285177
1297 1.997182258285177
1298 1.997182258285177
1299 3.637511218719033
1300 3.637511218719033
1301 3.637511218719033
1302 3.3227013872615854
1303 3.3227013872615854
1304 3.3227013872615854
1305 2.7467035303598806
1306 2.7467035303598806
1307 2.7467035303598806
1308 0.8363988322659242
1309 0.8363988322659242
1310 0.8363988322659242
1311 2.6316407338412113
1312 2.6316407338412113
1313 2.6316407338412113
1314 0.9802628682942647
1315 0.9802628682942647
1316 0.9802628682942647
1317 1.4802583716870963
1318 1.4802583716870963
1319 1.4802583716870963
1320 2.0843872690617524
1321 2.0843872690617524
1322 2.0843872690617524
1323 1.7089170066178987
1324 1.7089170066178987
1325 1.7089170066178987
1326 2.0933855197539604
1327 2.0933855197539604
1328 2.0933855197539604
1329 2.2432409071601715
1330 4.498422816707011
1331 4.498422816707011
1332 4.498422816707011
1333 0.6127080386509425
1334 0.6127080386509425
1335 0.6127080386509425
1336 4.461762686240958
1337 4.461762686240958
1338 4.461762686240958
1339 5.52916815841756
1340 5.52916815841756
1341 5.52916815841756
1342 1.8701525280388254
1343 1.8701525280388254
1344 1.8701525280388254
1345 2.834831185711126
1346 2.834831185711126
1347 2.834831185711126
1348 4.036364066338045
1349 4.036364066338045
1350 4.036364066338045
1351 2.4556976455392343
1352 2.4556976455392343
1353 3.118842349663903
1354 3.118842349663903
1355 3.118842349663903
1356 1.385708425019189
1357 1.385708425019189
1358 1.385708425019189
1359 1.6586940858238097
1360 1.6586940858238097
1361 1.6586940858238097
1362 1.9312910365896632
1363 1.9312910365896632
1364 1.9312910365896632
1365 1.7164989865069218
1366 1.7164989865069218
1367 1.7164989865069218
1368 2.532460226130411
1369 2.532460226130411
1370 2.532460226130411
1371 0.9407455773733977
1372 0.9407455773733977
1373 0.9407455773733977
1374 1.6054645988126781
1375 1.6054645988126781
1376 1.6054645988126781
1377 4.577183026619986
1378 4.577183026619986
1379 4.577183026619986
1380 2.014069160042868
1381 2.014069160042868
1382 2.014069160042868
1383 0.1
1384 0.1
1385 0.1
1386 1.7366027813320346
1387 1.7366027813320346
1388 1.7366027813320346
1389 1.9573454301104067
1390 1.9573454301104067
1391 1.9573454301104067
1392 3.3714537231351995
1393 3.3714537231351995
1394 3.3714537231351995
1395 2.6186723238183562
1396 2.6186723238183562
1397 2.6186723238183562
1398 2.2684449804147615
1399 2.2684449804147615
1400 2.2684449804147615
1401 2.865951781157694
1402 2.865951781157694
1403 2.865951781157694
1404 1.5479847230028811
1405 1.5479847230028811
1406 1.5479847230028811
1407 2.976500058106546
1408 2.976500058106546
1409 2.976500058106546
1410 2.8361528513627636
1411 2.8361528513627636
1412 2.8361528513627636
1413 2.5666827452498246
1414 2.5666827452498246
1415 2.5666827452498246
1416 2.5628464348449516
1417 2.5628464348449516
1418 2.5628464348449516
1419 2.6332221164708463
1420 2.6332221164708463
1421 2.6332221164708463
1422 4.316661727737622
1423 4.316661727737622
1424 4.316661727737622
1425 1.1715234350959043
1426 1.1715234350959043
1427 1.8621662546530349
1428 1.8621662546530349
1429 1.8621662546530349
1430 1.9738911621411392
1431 1.9738911621411392
1432 1.9738911621411392
1433 1.232284082843186
1434 1.232284082843186
1435 1.232284082843186
1436 1.0820246334785093
1437 1.0820246334785093
1438 1.0820246334785093
1439 2.455596369057538
1440 2.455596369057538
1441 2.455596369057538
1442 1.1395045121564116
1443 1.1395045121564116
1444 1.1395045121564116
1445 2.047341095936481
1446 2.047341095936481
1447 2.047341095936481
1448 1.6082907314772403
1449 1.6082907314772403
1450 1.6082907314772403
1451 1.5079293209683027
1452 1.5079293209683027
1453 1.5079293209683027
1454 1.9313280439462743
1455 1.9313280439462743
1456 1.9313280439462743
1457 1.392896723026544
1458 1.392896723026544
1459 1.392896723026544
1460 1.410317314291418
1461 1.410317314291418
1462 1.410317314291418
1463 2.0170841436284466
1464 2.0170841436284466
1465 2.0170841436284466
1466 2.2834204983127773
1467 2.2834204983127773
1468 2.2834204983127773
1469 0.7537165579090084
1470 0.7537165579090084
1471 0.7537165579090084
1472 1.6941611580124483
1473 1.6941611580124483
1474 1.6941611580124483
1475 0.52443920058724
1476 0.52443920058724
1477 0.52443920058724
1478 0.6583355696316623
1479 0.6583355696316623
1480 0.6583355696316623
1481 1.1340987509683762
1482 1.1340987509683762
1483 1.1340987509683762
1484 0.21581521387510216
1485 0.21581521387510216
1486 0.21581521387510216
1487 0.7681497795669276
1488 0.7681497795669276
1489 0.7681497795669276
1490 0.1
1491 0.1
1492 0.1
1493 1.0220074437880386
1494 1.0220074437880386
1495 1.0220074437880386
1496 1.7199427671770946
1497 1.7199427671770946
1498 1.7199427671770946
1499 2.8083175984250484
1500 2.8083175984250484
1501 2.8083175984250484
1502 2.334486484563561
1503 2.334486484563561
1504 2.334486484563561
1505 1.3019708417261342
1506 1.3019708417261342
1507 1.3019708417261342
1508 1.8566305438549413
1509 1.8566305438549413
1510 1.8566305438549413
1511 1.4343590195859668
1512 1.4343590195859668
1513 1.4343590195859668
1514 2.2063747497414283
1515 2.2063747497414283
1516 2.2063747497414283
1517 2.3299780275794157
1518 2.3299780275794157
1519 2.3299780275794157
1520 1.9881116403559675
1521 1.9881116403559675
1522 1.9881116403559675
1523 0.8492615016469536
1524 0.8492615016469536
1525 0.8492615016469536
1526 1.4270674113140673
1527 1.4270674113140673
1528 1.4270674113140673
1529 2.0170768373310026
1530 2.0170768373310026
1531 2.0170768373310026
1532 1.5203520263188928
1533 1.5203520263188928
1534 0.15026589483171854
1535 0.15026589483171854
1536 0.15026589483171854
1537 1.050684129493818
1538 1.050684129493818
1539 1.050684129493818
1540 2.7726306955448314
1541 2.7726306955448314
1542 2.7726306955448314
1543 3.1366040455478204
1544 3.1366040455478204
1545 3.1366040455478204
1546 0.1
1547 0.1
1548 0.1
1549 4.505250271443875
1550 4.505250271443875
1551 4.505250271443875
1552 0.7828058656087271
1553 0.7828058656087271
1554 0.7828058656087271
1555 2.8526661756714553
1556 2.8526661756714553
1557 2.8526661756714553
1558 4.063152219192692
1559 4.063152219192692
1560 4.063152219192692
1561 2.3377750111691613
1562 2.3377750111691613
1563 2.3377750111691613
1564 1.3895910922325079
1565 1.3895910922325079
1566 1.3895910922325079
1567 3.354004027522693
1568 3.354004027522693
1569 3.354004027522693
1570 4.159034839455717
1571 4.159034839455717
1572 4.645367472560823
1573 4.645367472560823
1574 4.645367472560823
1575 2.536964211700413
1576 2.536964211700413
1577 2.536964211700413
1578 6.155383044436402
1579 6.155383044436402
1580 6.155383044436402
1581 4.009776353669012
1582 4.009776353669012
1583 1.3268314702294637
1584 1.3268314702294637
1585 1.3268314702294637
1586 1.916856138536743
1587 1.916856138536743
1588 1.916856138536743
1589 2.2251850573846643
1590 2.2251850573846643
1591 2.2251850573846643
1592 2.837685913049372
1593 2.837685913049372
1594 2.837685913049372
1595 6.375037937641151
1596 6.375037937641151
1597 6.375037937641151
1598 2.400415237899614
1599 2.400415237899614
1600 2.400415237899614
1601 5.933652360588325
1602 5.933652360588325
1603 5.933652360588325
1604 6.329045285200282
1605 6.329045285200282
1606 6.329045285200282
1607 5.442928327793089
1608 5.442928327793089
1609 5.442928327793089
1610 4.432315181325599
1611 4.432315181325599
1612 4.432315181325599
1613 3.3812933013772386
1614 3.3812933013772386
1615 3.3812933013772386
1616 6.68494847534933
1617 6.68494847534933
1618 6.68494847534933
1619 5.405006512013869
1620 5.405006512013869
1621 5.405006512013869
1622 3.613678851690607
1623 3.613678851690607
1624 3.613678851690607
1625 3.374392820747361
1626 3.374392820747361
1627 3.374392820747361
1628 7.639272480105953
1629 7.639272480105953
1630 7.639272480105953
1631 1.8837560765943246
1632 1.8837560765943246
1633 1.8837560765943246
1634 6.043921743281863
1635 6.043921743281863
1636 6.043921743281863
1637 3.19731193796526
1638 3.19731193796526
1639 3.19731193796526
1640 5.271588689965756
1641 5.271588689965756
1642 5.271588689965756
1643 2.913756903496618
1644 2.913756903496618
1645 4.455663468378736
1646 4.455663468378736
1647 4.455663468378736
1648 3.4379625529776607
1649 3.4379625529776607
1650 3.4379625529776607
1651 4.435448318172352
1652 4.435448318172352
1653 4.435448318172352
1654 3.7393121463852443
1655 3.7393121463852443
1656 3.7393121463852443
1657 5.133917875903238
1658 5.133917875903238
1659 5.133917875903238
1660 2.231112906070798
1661 2.231112906070798
1662 2.231112906070798
1663 0.929343179327188
1664 0.929343179327188
1665 0.929343179327188
1666 3.7168541800596473
1667 3.7168541800596473
1668 3.7168541800596473
1669 0.782580412538898
1670 0.782580412538898
1671 0.782580412538898
1672 3.4153726489142366
1673 3.4153726489142366
1674 3.4153726489142366
1675 2.093905823201571
1676 2.093905823201571
1677 2.093905823201571
1678 3.488206192052104
1679 3.488206192052104
1680 3.488206192052104
1681 4.189364840186949
1682 4.189364840186949
1683 4.189364840186949
1684 1.9946648277359258
1685 1.9946648277359258
1686 1.9946648277359258
1687 3.187222548815728
1688 3.187222548815728
1689 3.187222548815728
1690 3.319618673638599
1691 3.319618673638599
1692 3.319618673638599
1693 2.986653782293003
1694 2.986653782293003
1695 2.986653782293003
1696 4.342563436518718
1697 4.342563436518718
1698 4.342563436518718
1699 1.4683023144283054
1700 1.4683023144283054
1701 1.4683023144283054
1702 3.7476690029031197
1703 3.7476690029031197
1704 3.7476690029031197
1705 2.7875242341289614
1706 2.7875242341289614
1707 2.7875242341289614
1708 0.1
1709 0.1
1710 0.9918454542883229
1711 0.9918454542883229
1712 0.9918454542883229
1713 1.555326280351368
1714 1.555326280351368
1715 1.555326280351368
1716 0.6903405413198398
1717 0.6903405413198398
1718 0.6903405413198398
1719 1.5919202792174718
1720 1.5919202792174718
1721 1.5919202792174718
1722 1.6994726474942716
1723 1.6994726474942716
1724 1.6994726474942716
1725 1.5504977239926938
1726 1.5504977239926938
1727 1.5504977239926938
1728 1.8527616877969977
1729 1.8527616877969977
1730 1.8527616877969977
1731 1.1185847780335563
1732 1.1185847780335563
1733 1.1185847780335563
1734 0.1
1735 0.1
1736 0.1
1737 0.4722774977102888
1738 0.4722774977102888
1739 0.4722774977102888
1740 1.6564571852806065
1741 1.6564571852806065
1742 1.6564571852806065
1743 0.6394583452557709
1744 0.6394583452557709
1745 0.6394583452557709
1746 1.0581819874165324
1747 1.0581819874165324
1748 1.0581819874165324
1749 1.610186904462184
1750 1.610186904462184
1751 1.610186904462184
1752 0.9927353364641508
1753 0.9927353364641508
1754 0.9927353364641508
1755 1.4940053350752627
1756 1.4940053350752627
1757 1.4940053350752627
1758 1.6574922891866941
1759 1.6574922891866941
1760 1.6574922891866941
1761 0.7558578049974778
1762 0.7558578049974778
1763 0.7558578049974778
1764 3.8713001948051295
1765 3.8713001948051295
1766 3.8713001948051295
1767 1.401974943325409
1768 1.401974943325409
1769 1.401974943325409
1770 4.0048282053355955
1771 4.0048282053355955
1772 4.0048282053355955
1773 3.3458900427729676
1774 3.3458900427729676
1775 3.3458900427729676
1776 5.791872285899423
1777 5.791872285899423
1778 5.791872285899423
1779 3.6504426884489374
1780 3.6504426884489374
1781 3.6504426884489374
1782 4.627794869678666
1783 4.627794869678666
1784 4.627794869678666
1785 4.665629969627741
1786 4.665629969627741
1787 4.665629969627741
1788 3.17265791303225
1789 3.17265791303225
1790 3.17265791303225
1791 2.444610814907962
1792 2.444610814907962
1793 2.444610814907962
1794 0.956177664665125
1795 0.956177664665125
1796 0.956177664665125
1797 2.966960582492298
1798 2.966960582492298
1799 2.966960582492298
1800 4.023017007037566
1801 4.023017007037566
1802 4.023017007037566
1803 1.8134673591849908
1804 1.8134673591849908
1805 1.8134673591849908
1806 3.5003394489880977
1807 3.5003394489880977
1808 3.5003394489880977
1809 6.363305862873689
1810 6.363305862873689
1811 6.363305862873689
1812 1.6386815027941393
1813 1.6386815027941393
1814 1.6386815027941393
1815 2.2345391573282463
1816 2.2345391573282463
1817 2.2345391573282463
1818 3.0604126277004604
1819 3.0604126277004604
1820 3.0604126277004604
1821 2.816255402507498
1822 2.816255402507498
1823 2.816255402507498
1824 6.942389228021933
1825 6.942389228021933
1826 6.942389228021933
1827 5.231400692123403
1828 5.231400692123403
1829 5.231400692123403
1830 0.797302854528033
1831 0.797302854528033
1832 0.797302854528033
1833 5.3773571123316515
1834 5.3773571123316515
1835 5.3773571123316515
1836 1.6209198552739
1837 1.6209198552739
1838 1.6209198552739
1839 4.765036111485442
1840 4.765036111485442
1841 4.765036111485442
1842 4.410375066532071
1843 4.410375066532071
1844 4.410375066532071
1845 1.616257145291753
1846 1.616257145291753
1847 1.616257145291753
1848 1.0729028647397074
1849 1.0729028647397074
1850 1.0729028647397074
1851 1.172441752275165
1852 1.172441752275165
1853 1.172441752275165
1854 1.2406040189464136
1855 1.2406040189464136
1856 1.2406040189464136
1857 0.779665857571698
1858 0.779665857571698
1859 0.779665857571698
1860 3.606127112053196
1861 3.606127112053196
1862 3.606127112053196
1863 1.9116954224983231
1864 1.9116954224983231
1865 1.9116954224983231
1866 2.2013591439842166
1867 2.2013591439842166
1868 2.2013591439842166
1869 1.7953852961720058
1870 1.7953852961720058
1871 0.9377120911124284
1872 0.9377120911124284
1873 0.9377120911124284
1874 3.910736080318624
1875 3.910736080318624
1876 3.910736080318624
1877 1.568663648115364
1878 1.568663648115364
1879 1.568663648115364
1880 2.306659545956468
1881 2.306659545956468
1882 2.306659545956468
1883 0.1
1884 0.1
1885 0.1
1886 0.42762698032358504
1887 0.42762698032358504
1888 0.42762698032358504
1889 3.655377849557756
1890 3.655377849557756
1891 3.655377849557756
1892 1.9598825406778817
1893 1.9598825406778817
1894 1.9598825406778817
1895 2.3828149743739937
1896 2.3828149743739937
1897 2.3828149743739937
1898 2.2117797534502732
1899 3.7257310099643517
1900 3.7257310099643517
1901 3.7257310099643517
1902 0.9047046528479932
1903 0.9047046528479932
1904 0.9047046528479932
1905 3.2342896288853087
1906 3.2342896288853087
1907 3.2342896288853087
1908 2.468375285544697
1909 2.468375285544697
1910 2.468375285544697
1911 3.7569205867536075
1912 3.7569205867536075
1913 3.7569205867536075
1914 2.1878419454967313
1915 2.1878419454967313
1916 2.1878419454967313
1917 0.4205924910200376
1918 0.4205924910200376
1919 0.4205924910200376
1920 1.1548741831233922
1921 1.1548741831233922
1922 1.1548741831233922
1923 1.279636385149478
1924 1.279636385149478
1925 1.279636385149478
1926 1.6626237441332727
1927 1.6626237441332727
1928 1.6626237441332727
1929 0.8370989393013855
1930 0.8370989393013855
1931 0.8370989393013855
1932 0.1
1933 0.1
1934 0.1
1935 1.8606371915734425
1936 1.8606371915734425
1937 1.8606371915734425
1938 0.5410613187514661
1939 0.5410613187514661
1940 0.5410613187514661
1941 0.5559685340548796
1942 0.5559685340548796
1943 0.5559685340548796
1944 0.3316559834470584
1945 0.3316559834470584
1946 0.3316559834470584
1947 1.5454999348555791
1948 1.5454999348555791
1949 1.5454999348555791
1950 1.973703436749552
1951 1.973703436749552
1952 1.973703436749552
1953 1.5125704842669445
1954 1.5125704842669445
1955 1.5125704842669445
1956 1.1780462069438395
1957 1.1780462069438395
1958 1.1780462069438395
1959 1.3153458545181853
1960 1.3153458545181853
1961 1.3153458545181853
1962 1.2765609049508833
1963 1.2765609049508833
1964 1.2765609049508833
1965 0.9901296908169731
1966 0.9901296908169731
1967 0.9901296908169731
1968 1.193135636946903
1969 1.193135636946903
1970 1.193135636946903
1971 0.5833770471322284
1972 0.5833770471322284
1973 0.5833770471322284
1974 1.8772670209106537
1975 1.8772670209106537
1976 1.8772670209106537
1977 0.8772353996763937
1978 5.03726814997772
1979 5.03726814997772
1980 5.03726814997772
1981 1.8688420292158132
1982 1.8688420292158132
1983 1.8688420292158132
1984 1.9690204087914351
1985 1.9690204087914351
1986 1.9690204087914351
1987 5.756236298649587
1988 5.756236298649587
1989 5.756236298649587
1990 2.8190560543258654
1991 2.8190560543258654
1992 2.8190560543258654
1993 2.7176251242855756
1994 2.7176251242855756
1995 2.7176251242855756
1996 3.66468714696493
1997 3.66468714696493
1998 3.66468714696493
1999 1.1201149698708317
