0 4.051207112350824
1 4.051207112350824
2 4.051207112350824
3 5.781679348455741
4 3.6421384102079637
5 3.6421384102079637
6 3.6421384102079637
7 0.9815458286539309
8 0.9815458286539309
9 0.9815458286539309
10 2.737512598688835
11 2.737512598688835
12 2.737512598688835
13 3.765400895236553
14 2.0191457268016135
15 2.0191457268016135
16 2.0191457268016135
17 2.6415266803287625
18 2.6415266803287625
19 2.6415266803287625
20 5.3392753220283655
21 5.3392753220283655
22 5.3392753220283655
23 2.088245665836368
24 2.088245665836368
25 2.088245665836368
26 5.11415744657806
27 5.11415744657806
28 5.11415744657806
29 2.5561712673681467
30 2.5561712673681467
31 2.5561712673681467
32 4.917838153075826
33 4.917838153075826
34 4.917838153075826
35 1.9063662549471285
36 1.9063662549471285
37 1.9063662549471285
38 1.9365868588911241
39 1.9365868588911241
40 1.9365868588911241
41 1.4537994995811188
42 1.4537994995811188
43 1.4537994995811188
44 4.017443354461147
45 4.017443354461147
46 4.017443354461147
47 2.584364528681537
48 2.584364528681537
49 2.584364528681537
50 3.843416508371478
51 3.843416508371478
52 3.843416508371478
53 2.8537143306074855
54 2.8537143306074855
55 2.8537143306074855
56 3.876469933521952
57 3.876469933521952
58 3.876469933521952
59 2.564562608000723
60 2.564562608000723
61 2.564562608000723
62 2.6817324396578908
63 0.957946973203838
64 0.957946973203838
65 0.957946973203838
66 1.2961835581928984
67 1.2961835581928984
68 1.2961835581928984
69 1.1584387060530743
70 1.1584387060530743
71 1.1584387060530743
72 1.8852006380195658
73 1.8852006380195658
74 1.8852006380195658
75 1.4717215918252022
76 1.4717215918252022
77 1.4717215918252022
78 2.048721101604255
79 2.048721101604255
80 2.048721101604255
81 1.160798096513474
82 1.160798096513474
83 1.160798096513474
84 0.2432188486564269
85 0.2432188486564269
86 0.2432188486564269
87 0.22319918568068572
88 0.22319918568068572
89 0.22319918568068572
90 0.1
91 0.1
92 0.1
93 0.34905061539116955
94 0.34905061539116955
95 0.34905061539116955
96 0.2841233508991758
97 0.2841233508991758
98 0.2841233508991758
99 0.3435876228607091
100 0.3435876228607091
101 0.3435876228607091
102 0.19112702899683176
103 0.19112702899683176
104 0.19112702899683176
105 1.2961084489403278
106 1.2961084489403278
107 1.2961084489403278
108 1.6129788003527037
109 1.6129788003527037
110 1.6129788003527037
111 1.8272816994269123
112 1.8272816994269123
113 1.8272816994269123
114 1.7376829703597256
115 1.7376829703597256
116 0.689846248914207
117 0.689846248914207
118 0.689846248914207
119 0.5313848539351943
120 0.5313848539351943
121 0.5313848539351943
122 0.2265768069231473
123 0.2265768069231473
124 0.2265768069231473
125 1.549339276759467
126 1.549339276759467
127 2.6452153181542073
128 2.6452153181542073
129 2.6452153181542073
130 3.5787394774632366
131 3.5787394774632366
132 3.5787394774632366
133 1.1459923493245106
134 1.1459923493245106
135 1.1459923493245106
136 2.7848931079987116
137 2.7848931079987116
138 2.7848931079987116
139 2.27839076065427
140 2.27839076065427
141 0.6555633602352067
142 0.6555633602352067
143 0.6555633602352067
144 1.5650531735640705
145 1.5650531735640705
146 1.5650531735640705
147 3.8761698805185114
148 3.8761698805185114
149 3.8761698805185114
150 1.8247255000706666
151 1.8247255000706666
152 1.8247255000706666
153 7.696579087631468
154 7.696579087631468
155 7.696579087631468
156 4.352575637120682
157 4.352575637120682
158 4.352575637120682
159 3.610757219257149
160 3.610757219257149
161 3.610757219257149
162 2.5381398492639144
163 2.5381398492639144
164 2.5381398492639144
165 1.2440995732929716
166 1.2440995732929716
167 1.1490890945296388
168 1.1490890945296388
169 1.1490890945296388
170 0.7380058753782209
171 0.7380058753782209
172 4.00807663941503
173 4.00807663941503
174 4.00807663941503
175 2.502319295746546
176 2.502319295746546
177 2.502319295746546
178 4.998407744462842
179 4.998407744462842
180 4.998407744462842
181 4.0840068684764335
182 4.0840068684764335
183 4.0840068684764335
184 5.072084437120389
185 5.072084437120389
186 5.072084437120389
187 3.3071684671600448
188 3.3071684671600448
189 3.3071684671600448
190 4.604269303812139
191 4.604269303812139
192 4.604269303812139
193 2.397796369326686
194 2.397796369326686
195 2.397796369326686
196 4.390658481647214
197 4.390658481647214
198 4.390658481647214
199 3.8841288796687077
200 3.8841288796687077
201 3.8841288796687077
202 3.065551586635943
203 3.065551586635943
204 3.065551586635943
205 4.87792689109903
206 4.87792689109903
207 4.87792689109903
208 7.454448996341194
209 0.866197326403936
210 0.866197326403936
211 0.866197326403936
212 0.957760912600569
213 0.957760912600569
214 0.957760912600569
215 0.9989926690210461
216 0.9989926690210461
217 0.11143293874215343
218 0.11143293874215343
219 0.11143293874215343
220 0.1
221 0.1
222 0.1
223 0.2004335258345719
224 0.2004335258345719
225 0.2004335258345719
226 0.1
227 0.1
228 0.1
229 0.1
230 0.1
231 0.1
232 0.1
233 0.1
234 2.007687716120665
235 2.007687716120665
236 2.007687716120665
237 2.4432104692888204
238 2.4432104692888204
239 2.4432104692888204
240 1.4163787261214673
241 1.4163787261214673
242 1.4163787261214673
243 2.6136473260088677
244 2.6136473260088677
245 1.0724487200999595
246 1.0724487200999595
247 1.0724487200999595
248 0.8831196287439611
249 0.8831196287439611
250 0.8831196287439611
251 1.162887746067673
252 1.162887746067673
253 1.162887746067673
254 1.2799290188982426
255 1.2799290188982426
256 0.24229364306840048
257 0.24229364306840048
258 0.24229364306840048
259 0.1955364378143964
260 0.1955364378143964
261 0.1955364378143964
262 0.19398417625335498
263 0.19398417625335498
264 0.19398417625335498
265 0.23522319663774932
266 0.23522319663774932
267 0.6203297759798005
268 0.6203297759798005
269 0.6203297759798005
270 2.5793766185696545
271 2.5793766185696545
272 2.5793766185696545
273 1.0244841224658985
274 1.0244841224658985
275 1.0244841224658985
276 2.0247454608059026
277 2.0247454608059026
278 2.0247454608059026
279 0.9269185932185509
280 0.9269185932185509
281 0.9269185932185509
282 3.5498984950961363
283 3.5498984950961363
284 3.5498984950961363
285 1.4813397844815124
286 1.4813397844815124
287 1.4872885936465763
288 1.4872885936465763
289 1.4872885936465763
290 2.418145548454001
291 2.418145548454001
292 2.418145548454001
293 1.2444054190417229
294 1.2444054190417229
295 1.2444054190417229
296 1.5270038045596466
297 1.5270038045596466
298 1.5270038045596466
299 1.3864251360843134
300 1.3864251360843134
301 1.3864251360843134
302 2.005693776611473
303 2.005693776611473
304 2.005693776611473
305 1.0364103384044063
306 1.0364103384044063
307 1.0364103384044063
308 2.174675700191311
309 2.174675700191311
310 2.174675700191311
311 3.2435814185300886
312 3.1628891877349536
313 3.1628891877349536
314 5.847730107414222
315 5.847730107414222
316 3.063806792226144
317 3.063806792226144
318 3.063806792226144
319 4.788548134237497
320 4.788548134237497
321 4.788548134237497
322 3.8047912949138514
323 3.8047912949138514
324 3.8047912949138514
325 1.466872211370247
326 1.466872211370247
327 1.466872211370247
328 4.744869245855886
329 4.744869245855886
330 4.744869245855886
331 2.2182098218753143
332 2.2182098218753143
333 2.2182098218753143
334 0.33703406348508214
335 0.657118052978202
336 0.657118052978202
337 0.657118052978202
338 0.4609944453275455
339 0.4609944453275455
340 0.4609944453275455
341 0.9356864504553236
342 0.9356864504553236
343 0.9356864504553236
344 0.1465033251684299
345 1.4193951458899834
346 1.4193951458899834
347 1.4193951458899834
348 1.26018012002623
349 1.26018012002623
350 1.26018012002623
351 1.0329456914897088
352 1.0329456914897088
353 1.0329456914897088
354 1.0744851608427983
355 1.0744851608427983
356 1.0744851608427983
357 1.6001364074705262
358 1.6001364074705262
359 1.6001364074705262
360 1.0229558475126028
361 1.0229558475126028
362 1.0229558475126028
363 0.2943461710647123
364 0.2943461710647123
365 0.2943461710647123
366 1.6913533605866848
367 1.6913533605866848
368 1.6913533605866848
369 2.9781266763775993
370 2.9781266763775993
371 2.9781266763775993
372 1.9143846143162584
373 1.9143846143162584
374 1.9143846143162584
375 1.6026262874087671
376 1.6026262874087671
377 1.6026262874087671
378 1.46829358531485
379 1.46829358531485
380 1.46829358531485
381 4.735706816632071
382 4.735706816632071
383 4.735706816632071
384 0.565549631175023
385 0.565549631175023
386 0.565549631175023
387 1.2646018600111915
388 1.2646018600111915
389 1.2646018600111915
390 0.8521589133032631
391 0.8521589133032631
392 0.8521589133032631
393 0.9410625560454866
394 0.9410625560454866
395 0.9410625560454866
396 0.8924829787196195
397 0.8924829787196195
398 0.8924829787196195
399 0.8573012484681761
400 0.8573012484681761
401 0.8573012484681761
402 1.369778707025671
403 1.369778707025671
404 1.369778707025671
405 1.2229574056734716
406 1.2229574056734716
407 1.2229574056734716
408 0.9306207057032413
409 0.9306207057032413
410 0.9306207057032413
411 1.4756082138093674
412 1.4756082138093674
413 1.4756082138093674
414 1.403541737568585
415 0.12435511060586237
416 0.12435511060586237
417 0.12435511060586237
418 0.2140491676368495
419 1.8981467160582746
420 1.8981467160582746
421 1.8981467160582746
422 2.7603943706197622
423 2.7603943706197622
424 2.7603943706197622
425 1.1880835640910863
426 1.1880835640910863
427 1.1880835640910863
428 2.055207895906101
429 2.055207895906101
430 2.055207895906101
431 2.744068941894983
432 2.744068941894983
433 2.744068941894983
434 2.7905613661508735
435 2.7905613661508735
436 2.7905613661508735
437 4.99262079192289
438 4.99262079192289
439 4.99262079192289
440 2.8075517183684346
441 2.8075517183684346
442 2.8075517183684346
443 1.7682058479964238
444 1.7682058479964238
445 2.2689453883509723
446 2.2689453883509723
447 2.2689453883509723
448 2.398665358769146
449 2.398665358769146
450 2.398665358769146
451 1.1663203026617488
452 1.1663203026617488
453 1.1663203026617488
454 2.4355075755599755
455 2.4355075755599755
456 2.4355075755599755
457 0.9770086705825094
458 0.9770086705825094
459 0.9770086705825094
460 2.951272282868749
461 2.951272282868749
462 2.951272282868749
463 2.842062766383973
464 2.842062766383973
465 2.842062766383973
466 2.154536374926964
467 2.154536374926964
468 2.154536374926964
469 1.6924441183536096
470 1.6924441183536096
471 1.6924441183536096
472 3.1556120771263525
473 3.1556120771263525
474 3.1556120771263525
475 3.980652275582114
476 3.980652275582114
477 3.980652275582114
478 3.3202082520050897
479 3.3202082520050897
480 3.3202082520050897
481 1.7284676915622617
482 1.7284676915622617
483 1.7284676915622617
484 2.3736136763662445
485 2.3736136763662445
486 2.3736136763662445
487 4.4739995390590295
488 4.4739995390590295
489 4.4739995390590295
490 2.3474295733900883
491 2.3474295733900883
492 2.3474295733900883
493 3.4172561377370885
494 3.4172561377370885
495 3.4172561377370885
496 3.154957155228421
497 3.154957155228421
498 1.4031570602239287
499 1.4031570602239287
500 1.4031570602239287
501 0.1
502 0.1
503 0.1
504 0.22974351353291939
505 3.518494393721217
506 3.518494393721217
507 3.518494393721217
508 0.10332514196897113
509 0.10332514196897113
510 0.10332514196897113
511 2.1272087052126127
512 2.1272087052126127
513 2.1272087052126127
514 0.1019221662311105
515 0.1019221662311105
516 0.1019221662311105
517 0.5972803323073553
518 0.5972803323073553
519 0.5972803323073553
520 0.8276475817748097
521 0.8276475817748097
522 0.8276475817748097
523 2.0972614438788284
524 2.0972614438788284
525 2.0972614438788284
526 3.3886847507437365
527 3.3886847507437365
528 3.3886847507437365
529 3.884946673449668
530 3.884946673449668
531 3.884946673449668
532 2.6494263312798436
533 3.247359457049754
534 3.247359457049754
535 3.247359457049754
536 0.12099688236818928
537 0.12099688236818928
538 0.12099688236818928
539 0.22835750263188104
540 0.22835750263188104
541 0.22835750263188104
542 0.4355475881033505
543 0.4355475881033505
544 0.4355475881033505
545 0.7877338535874844
546 0.7877338535874844
547 3.679738677675933
548 3.679738677675933
549 3.679738677675933
550 3.719999505319164
551 3.719999505319164
552 3.719999505319164
553 0.1
554 0.1
555 0.1
556 2.444406293474814
557 2.444406293474814
558 2.444406293474814
559 1.8195649141520016
560 1.8195649141520016
561 1.8195649141520016
562 2.981186455299589
563 2.981186455299589
564 2.981186455299589
565 0.594758048201228
566 0.6409240181819139
567 0.6409240181819139
568 0.6409240181819139
569 0.568327229920649
570 3.975168630610181
571 3.975168630610181
572 3.975168630610181
573 5.768344002318139
574 5.768344002318139
575 5.768344002318139
576 3.8538225435908626
577 1.9027762845624312
578 1.9027762845624312
579 1.9027762845624312
580 2.0933076780633986
581 2.0933076780633986
582 2.0933076780633986
583 1.413722344912752
584 1.413722344912752
585 1.413722344912752
586 0.6989859564019919
587 0.6989859564019919
588 0.6989859564019919
589 1.7561655549436523
590 1.7561655549436523
591 1.7561655549436523
592 1.5283252195250434
593 1.5283252195250434
594 1.5283252195250434
595 2.466787631394063
596 2.466787631394063
597 2.466787631394063
598 0.7272210438580728
599 0.7272210438580728
600 0.7272210438580728
601 1.335254478044752
602 1.335254478044752
603 1.335254478044752
604 1.4994718875832522
605 1.4994718875832522
606 1.4994718875832522
607 1.3660438489756521
608 1.3660438489756521
609 1.3660438489756521
610 1.904189083843708
611 1.904189083843708
612 1.904189083843708
613 0.8937203237792058
614 0.8937203237792058
615 0.8937203237792058
616 2.7844977073984785
617 2.7844977073984785
618 2.7844977073984785
619 1.2033413072330095
620 1.2033413072330095
621 1.2033413072330095
622 0.9716171429992885
623 0.9716171429992885
624 0.9716171429992885
625 0.7349222389577091
626 0.7349222389577091
627 0.7349222389577091
628 1.91115895482756
629 1.91115895482756
630 1.91115895482756
631 1.0186368142860163
632 1.0186368142860163
633 1.0186368142860163
634 1.8936647136837945
635 1.8936647136837945
636 1.8936647136837945
637 1.8040941119527687
638 0.23658070203936427
639 0.23658070203936427
640 0.23658070203936427
641 0.1
642 0.1
643 0.1
644 0.1
645 0.1
646 0.1
647 0.18957162671099229
648 2.7763971890320924
649 2.7763971890320924
650 2.7763971890320924
651 3.0063158218073696
652 3.0063158218073696
653 3.0063158218073696
654 1.1047224308537864
655 1.1047224308537864
656 1.1047224308537864
657 3.7042211590140433
658 3.7042211590140433
659 3.7042211590140433
660 2.342471899673973
661 2.342471899673973
662 2.342471899673973
663 3.9370780315871734
664 3.9370780315871734
665 3.9370780315871734
666 2.2272269455811995
667 2.2272269455811995
668 2.2272269455811995
669 3.3547110929619373
670 3.3547110929619373
671 3.3547110929619373
672 1.6837457558693525
673 1.6837457558693525
674 1.6837457558693525
675 3.591087258990118
676 6.306707661696518
677 1.5999477769699402
678 4.915181378822242
679 4.915181378822242
680 4.915181378822242
681 3.3624373584120075
682 3.3624373584120075
683 3.3624373584120075
684 0.914544747654713
685 0.914544747654713
686 0.914544747654713
687 0.813132955444722
688 0.813132955444722
689 0.813132955444722
690 3.7258191458917067
691 3.7258191458917067
692 3.7258191458917067
693 3.7200173861968207
694 3.7200173861968207
695 3.7200173861968207
696 4.372089611331553
697 4.372089611331553
698 4.372089611331553
699 4.515412770230453
700 4.515412770230453
701 4.515412770230453
702 0.5884437706066552
703 0.5884437706066552
704 0.5884437706066552
705 1.6913485106280715
706 1.6913485106280715
707 1.6913485106280715
708 3.8256991516458143
709 3.8256991516458143
710 3.8256991516458143
711 4.52821389357223
712 4.52821389357223
713 4.52821389357223
714 1.5540265096664185
715 1.5540265096664185
716 1.5540265096664185
717 0.18694902612901387
718 0.18694902612901387
719 0.18694902612901387
720 3.4825539775755168
721 3.4825539775755168
722 7.380511586949133
723 7.380511586949133
724 7.380511586949133
725 5.609579468871379
726 5.609579468871379
727 5.609579468871379
728 6.3293805393477385
729 6.3293805393477385
730 6.3293805393477385
731 2.1567185673501275
732 2.1567185673501275
733 2.1567185673501275
734 4.1575739698663545
735 4.1575739698663545
736 4.1575739698663545
737 2.6912869468334146
738 2.6912869468334146
739 2.6912869468334146
740 2.076639763440678
741 2.076639763440678
742 2.076639763440678
743 1.1965780303148614
744 1.4741931418705323
745 1.4741931418705323
746 1.4741931418705323
747 6.67075486431107
748 6.67075486431107
749 6.67075486431107
750 5.250341614886972
751 5.250341614886972
752 3.396188641754958
753 3.396188641754958
754 3.396188641754958
755 3.353587465285172
756 3.353587465285172
757 3.353587465285172
758 1.9983485162101313
759 1.9983485162101313
760 1.9983485162101313
761 3.421038213805348
762 3.421038213805348
763 3.421038213805348
764 1.0280535005115294
765 1.0280535005115294
766 1.0280535005115294
767 3.1656349158604646
768 3.1656349158604646
769 3.1656349158604646
770 2.51244225273755
771 2.51244225273755
772 2.51244225273755
773 3.272648271866358
774 3.272648271866358
775 3.272648271866358
776 0.5706851328091536
777 0.5706851328091536
778 0.5706851328091536
779 9.2036244186971
780 9.2036244186971
781 9.2036244186971
782 3.5999913290425822
783 3.5999913290425822
784 3.5999913290425822
785 2.6637990177640676
786 2.6637990177640676
787 2.6637990177640676
788 4.7403395807633695
789 4.7403395807633695
790 4.7403395807633695
791 2.223124028963679
792 2.223124028963679
793 2.223124028963679
794 7.379886921058775
795 7.379886921058775
796 7.379886921058775
797 6.368574274833335
798 6.368574274833335
799 6.368574274833335
800 2.6217050585784327
801 2.6217050585784327
802 2.6217050585784327
803 5.8017283755202875
804 5.8017283755202875
805 5.8017283755202875
806 3.791225165847737
807 3.072194659336291
808 3.072194659336291
809 3.072194659336291
810 6.73303123756676
811 6.73303123756676
812 6.73303123756676
813 1.2845982405100496
814 1.2845982405100496
815 1.2845982405100496
816 4.589298732772383
817 4.589298732772383
818 4.589298732772383
819 4.532053589877274
820 4.532053589877274
821 4.532053589877274
822 3.3285657431341527
823 3.3285657431341527
824 3.3285657431341527
825 5.367476896811115
826 5.367476896811115
827 5.367476896811115
828 4.5285716984801825
829 4.5285716984801825
830 4.5285716984801825
831 3.7571741513886696
832 3.7571741513886696
833 3.7571741513886696
834 4.9236443621956845
835 4.9236443621956845
836 4.9236443621956845
837 2.8418424080649176
838 2.8418424080649176
839 2.8418424080649176
840 0.5370074671250021
841 0.5370074671250021
842 4.04912001635778
843 4.04912001635778
844 4.04912001635778
845 2.0075510479863006
846 2.0075510479863006
847 2.0075510479863006
848 2.821524192550144
849 1.817235503670757
850 1.0765652327329835
851 3.138679564529364
852 3.138679564529364
853 3.138679564529364
854 2.4806642495007303
855 2.4806642495007303
856 2.4806642495007303
857 3.4616273322366853
858 3.4616273322366853
859 3.4616273322366853
860 2.672339479328273
861 2.672339479328273
862 2.672339479328273
863 0.6040185468522382
864 0.6040185468522382
865 0.6040185468522382
866 1.1220701031250488
867 1.1220701031250488
868 1.1220701031250488
869 3.837446826829065
870 3.837446826829065
871 3.837446826829065
872 3.1123319801770624
873 2.5861672100539286
874 2.5861672100539286
875 2.5861672100539286
876 5.275087894858461
877 4.112102115720323
878 4.112102115720323
879 4.112102115720323
880 3.9219332415873884
881 3.9219332415873884
882 3.9219332415873884
883 1.499011655302113
884 1.499011655302113
885 1.499011655302113
886 0.9191544266391958
887 0.9191544266391958
888 0.9191544266391958
889 4.164480240914557
890 4.164480240914557
891 4.164480240914557
892 3.6853588774623414
893 3.6853588774623414
894 3.6853588774623414
895 3.251797054408146
896 3.251797054408146
897 4.550070046540599
898 4.550070046540599
899 4.550070046540599
900 7.821589512064056
901 3.044155329566659
902 3.044155329566659
903 3.044155329566659
904 3.8307917843214403
905 3.8307917843214403
906 3.8307917843214403
907 0.26235211260627134
908 0.26235211260627134
909 0.26235211260627134
910 5.016171212428433
911 5.016171212428433
912 5.016171212428433
913 3.327970560184773
914 3.327970560184773
915 3.327970560184773
916 5.237109377884197
917 5.237109377884197
918 5.237109377884197
919 0.1
920 0.1
921 0.1
922 3.537387343522613
923 3.537387343522613
924 3.537387343522613
925 3.8852473131124676
926 1.8504100550046516
927 1.8504100550046516
928 1.8504100550046516
929 2.260085715924885
930 2.260085715924885
931 2.260085715924885
932 3.430590420234277
933 3.430590420234277
934 3.430590420234277
935 2.5942013611642656
936 2.5942013611642656
937 2.5942013611642656
938 2.529220528377645
939 2.529220528377645
940 2.529220528377645
941 2.65912657018217
942 2.65912657018217
943 2.65912657018217
944 2.870528461875822
945 2.870528461875822
946 2.870528461875822
947 2.8706341941407447
948 2.8706341941407447
949 2.8706341941407447
950 0.35513195575377066
951 0.35513195575377066
952 0.35513195575377066
953 2.610346727426643
954 2.610346727426643
955 2.610346727426643
956 1.3350571170628438
957 1.3350571170628438
958 1.3350571170628438
959 3.00238436566639
960 3.00238436566639
961 3.00238436566639
962 2.958056811768235
963 2.958056811768235
964 2.958056811768235
965 1.112775958384007
966 1.112775958384007
967 1.112775958384007
968 1.202715667937278
969 1.202715667937278
970 1.202715667937278
971 3.600486825700191
972 3.600486825700191
973 3.600486825700191
974 2.3930766775096792
975 2.3930766775096792
976 2.3930766775096792
977 1.3438863566274082
978 1.3438863566274082
979 1.3438863566274082
980 2.165154313870909
981 1.764535682086275
982 1.764535682086275
983 1.764535682086275
984 1.525194171048052
985 1.525194171048052
986 1.525194171048052
987 1.4680138128575897
988 1.4680138128575897
989 1.4680138128575897
990 0.48185752499827816
991 0.48185752499827816
992 0.48185752499827816
993 2.013120540577321
994 2.013120540577321
995 2.013120540577321
996 1.5457831901092485
997 3.824355517127893
998 3.824355517127893
999 3.824355517127893
1000 3.699658162432088
1001 3.699658162432088
1002 3.699658162432088
1003 3.6494677462452776
1004 3.6494677462452776
1005 3.6494677462452776
1006 3.5098210455872554
1007 3.5098210455872554
1008 3.5098210455872554
1009 2.9238388746720956
1010 2.9238388746720956
1011 2.9238388746720956
1012 4.464584139989473
1013 4.464584139989473
1014 4.464584139989473
1015 3.8706278221937445
1016 3.8706278221937445
1017 3.8706278221937445
1018 6.57212676177261
1019 6.57212676177261
1020 2.761876524882554
1021 2.761876524882554
1022 2.761876524882554
1023 2.6800851305899225
1024 2.6800851305899225
1025 2.6800851305899225
1026 1.740892471001457
1027 1.740892471001457
1028 1.740892471001457
1029 0.1
1030 0.1
1031 0.1
1032 2.873877509979625
1033 2.873877509979625
1034 2.873877509979625
1035 5.679540730685228
1036 5.679540730685228
1037 5.679540730685228
1038 0.12890700275949174
1039 0.12890700275949174
1040 0.12890700275949174
1041 0.8830504865041376
1042 0.8830504865041376
1043 0.8830504865041376
1044 0.2293012505220774
1045 0.2293012505220774
1046 0.2293012505220774
1047 0.762456375436084
1048 0.762456375436084
1049 0.762456375436084
1050 0.6154050015959781
1051 0.6154050015959781
1052 0.6154050015959781
1053 1.9557698375116406
1054 1.9557698375116406
1055 1.9557698375116406
1056 5.891550095738139
1057 5.891550095738139
1058 5.891550095738139
1059 2.3653128810835264
1060 2.3653128810835264
1061 2.3653128810835264
1062 3.6452194149616566
1063 3.6452194149616566
1064 1.4143757513959012
1065 1.4143757513959012
1066 1.4143757513959012
1067 3.02020002450912
1068 3.2640646592863
1069 3.2640646592863
1070 3.2640646592863
1071 2.5816374852825064
1072 2.5816374852825064
1073 2.5816374852825064
1074 2.4267701870122633
1075 2.4267701870122633
1076 2.4267701870122633
1077 5.2647915543551935
1078 5.2647915543551935
1079 5.2647915543551935
1080 3.576730833448095
1081 3.576730833448095
1082 3.576730833448095
1083 3.184724847313589
1084 3.184724847313589
1085 3.184724847313589
1086 4.104825352954987
1087 4.104825352954987
1088 4.104825352954987
1089 1.8451575591287128
1090 1.8451575591287128
1091 1.8451575591287128
1092 0.9673410397737365
1093 0.9673410397737365
1094 0.9673410397737365
1095 2.786152750367957
1096 2.786152750367957
1097 2.786152750367957
1098 0.6537614483987709
1099 0.6537614483987709
1100 0.6537614483987709
1101 0.5505187252533567
1102 2.146677075353461
1103 2.146677075353461
1104 2.146677075353461
1105 2.825158902707052
1106 2.825158902707052
1107 2.825158902707052
1108 2.0349360322211707
1109 2.0349360322211707
1110 2.0349360322211707
1111 2.3221007494369115
1112 2.3221007494369115
1113 2.3221007494369115
1114 3.5490957237945855
1115 3.5490957237945855
1116 3.5490957237945855
1117 0.9860396135503597
1118 0.9860396135503597
1119 0.9860396135503597
1120 2.776347998602362
1121 2.776347998602362
1122 2.776347998602362
1123 1.6002222192766675
1124 1.6002222192766675
1125 1.0570027118126788
1126 1.0570027118126788
1127 0.45258770661536474
1128 0.45258770661536474
1129 0.45258770661536474
1130 1.1014614493546329
1131 1.1014614493546329
1132 1.1014614493546329
1133 1.7381088582999633
1134 1.7381088582999633
1135 1.7381088582999633
1136 1.4447988819382007
1137 1.4447988819382007
1138 1.4447988819382007
1139 1.4762020412335342
1140 1.4762020412335342
1141 1.4762020412335342
1142 6.295145804721153
1143 6.295145804721153
1144 2.1915921558043556
1145 2.1915921558043556
1146 2.1915921558043556
1147 2.8264609871126076
1148 2.8264609871126076
1149 2.8264609871126076
1150 3.3806755099413848
1151 3.3806755099413848
1152 3.3806755099413848
1153 1.5243306559236822
1154 1.5243306559236822
1155 1.5243306559236822
1156 3.0847273473769086
1157 3.0847273473769086
1158 3.0847273473769086
1159 2.4177596780541184
1160 2.4177596780541184
1161 2.4177596780541184
1162 3.4138323395544443
1163 3.4138323395544443
1164 3.4138323395544443
1165 3.063661298559833
1166 3.063661298559833
1167 3.063661298559833
1168 2.8482481206217476
1169 2.8482481206217476
1170 2.8482481206217476
1171 2.512900284669891
1172 2.512900284669891
1173 2.512900284669891
1174 2.2658493408597464
1175 2.2658493408597464
1176 2.2658493408597464
1177 2.2163650669290718
1178 2.2163650669290718
1179 2.2163650669290718
1180 3.727545471075433
1181 3.727545471075433
1182 3.727545471075433
1183 2.163368078285303
1184 2.163368078285303
1185 2.163368078285303
1186 0.951424423928679
1187 0.951424423928679
1188 3.452471824538365
1189 3.452471824538365
1190 3.452471824538365
1191 1.6307203202276979
1192 1.6307203202276979
1193 1.6307203202276979
1194 4.264168377428763
1195 4.264168377428763
1196 4.264168377428763
1197 4.714867126974508
1198 4.714867126974508
1199 4.714867126974508
1200 1.4281165328208594
1201 1.4281165328208594
1202 1.4281165328208594
1203 2.7473724155212724
1204 2.7473724155212724
1205 2.7473724155212724
1206 4.34185940904331
1207 3.207182842724419
1208 3.207182842724419
1209 3.207182842724419
1210 2.9147005648123363
1211 2.9147005648123363
1212 2.9147005648123363
1213 3.0775830727330757
1214 3.0775830727330757
1215 3.0775830727330757
1216 2.2156307557161843
1217 2.2156307557161843
1218 2.2156307557161843
1219 2.0797056582387556
1220 2.0797056582387556
1221 2.0797056582387556
1222 0.8339661175743661
1223 0.8339661175743661
1224 0.8339661175743661
1225 3.19012049968881
1226 3.19012049968881
1227 3.19012049968881
1228 2.424317898067172
1229 2.424317898067172
1230 2.424317898067172
1231 4.10993338075006
1232 4.10993338075006
1233 4.10993338075006
1234 5.547822133997494
1235 5.547822133997494
1236 5.547822133997494
1237 1.6404180024062263
1238 1.6404180024062263
1239 1.6404180024062263
1240 5.30408522296929
1241 5.30408522296929
1242 5.30408522296929
1243 5.654084233851015
1244 5.654084233851015
1245 5.654084233851015
1246 1.0421142030391874
1247 1.0421142030391874
1248 1.0421142030391874
1249 1.7818059477366004
1250 1.7818059477366004
1251 1.7818059477366004
1252 3.674502521122349
1253 3.674502521122349
1254 3.674502521122349
1255 4.31981989137835
1256 4.31981989137835
1257 4.31981989137835
1258 5.897900432620176
1259 1.7545644298755358
1260 1.7545644298755358
1261 1.7545644298755358
1262 2.3808092799717784
1263 2.3808092799717784
1264 2.3808092799717784
1265 1.5964641089668774
1266 4.104440443554966
1267 4.104440443554966
1268 4.104440443554966
1269 1.5177872595730064
1270 1.5177872595730064
1271 1.5177872595730064
1272 2.0413215678767553
1273 2.0413215678767553
1274 2.0413215678767553
1275 4.311824268809755
1276 4.311824268809755
1277 4.311824268809755
1278 2.541522277464005
1279 2.541522277464005
1280 2.541522277464005
1281 4.377936551668684
1282 4.377936551668684
1283 4.377936551668684
1284 2.3733365481261144
1285 2.3733365481261144
1286 2.3733365481261144
1287 3.197911684480291
1288 3.197911684480291
1289 3.197911684480291
1290 1.8434250346693677
1291 1.8434250346693677
1292 1.8434250346693677
1293 2.8217410051298426
1294 2.8217410051298426
1295 2.8217410051298426
1296 2.698517478400625
1297 2.698517478400625
1298 9.5446466196577
1299 2.8167976527636913
1300 2.8167976527636913
1301 2.8167976527636913
1302 0.7902170826365945
1303 0.7902170826365945
1304 0.7902170826365945
1305 0.6641603619179939
1306 0.6641603619179939
1307 0.6641603619179939
1308 0.5012205787651854
1309 0.5012205787651854
1310 0.5012205787651854
1311 0.5884192132777136
1312 0.5884192132777136
1313 0.5884192132777136
1314 1.5066208918560082
1315 1.5066208918560082
1316 1.5066208918560082
1317 0.8109929642667525
1318 0.8109929642667525
1319 0.8109929642667525
1320 0.609349704888893
1321 0.609349704888893
1322 0.609349704888893
1323 0.48501318334306676
1324 0.48501318334306676
1325 0.48501318334306676
1326 1.3005384102245725
1327 1.3005384102245725
1328 1.3005384102245725
1329 1.309486317988745
1330 1.309486317988745
1331 1.309486317988745
1332 0.42869681026710493
1333 0.42869681026710493
1334 0.14826240313499017
1335 0.14826240313499017
1336 0.14826240313499017
1337 1.7931983859891951
1338 1.7931983859891951
1339 1.7931983859891951
1340 1.9328265930317263
1341 1.9328265930317263
1342 1.9328265930317263
1343 1.0771350226119782
1344 1.0771350226119782
1345 1.2916202881059706
1346 1.2916202881059706
1347 1.2916202881059706
1348 0.8452505699807105
1349 0.8452505699807105
1350 0.8452505699807105
1351 0.5079591234350138
1352 0.3187737206085097
1353 0.3187737206085097
1354 0.3187737206085097
1355 0.16431677587287385
1356 0.16431677587287385
1357 0.16431677587287385
1358 0.1397786736620063
1359 0.1397786736620063
1360 0.1397786736620063
1361 0.1381168442210348
1362 0.1381168442210348
1363 0.1381168442210348
1364 0.17038461383911233
1365 0.17038461383911233
1366 0.17038461383911233
1367 0.21200861606197527
1368 0.21200861606197527
1369 0.905692206735057
1370 0.905692206735057
1371 0.905692206735057
1372 3.5888310625006303
1373 3.5888310625006303
1374 3.5888310625006303
1375 2.395435382768935
1376 2.395435382768935
1377 2.395435382768935
1378 1.4054609087614232
1379 1.4054609087614232
1380 1.4054609087614232
1381 1.4680800562203897
1382 1.4680800562203897
1383 1.4680800562203897
1384 1.2151383124951365
1385 1.2151383124951365
1386 1.2151383124951365
1387 3.1320916567430204
1388 3.1320916567430204
1389 3.1320916567430204
1390 3.047161493974202
1391 3.047161493974202
1392 3.047161493974202
1393 2.4544818874618635
1394 2.4544818874618635
1395 2.4544818874618635
1396 2.413723908393772
1397 0.9600979283310267
1398 0.9600979283310267
1399 0.9600979283310267
1400 1.2963064538565259
1401 1.2963064538565259
1402 1.935329131937695
1403 1.935329131937695
1404 1.935329131937695
1405 1.9319089061553916
1406 1.9319089061553916
1407 5.66443362942906
1408 5.66443362942906
1409 5.66443362942906
1410 4.0350570312909095
1411 4.0350570312909095
1412 4.0350570312909095
1413 5.813701763535388
1414 5.813701763535388
1415 5.813701763535388
1416 2.1071341202647513
1417 2.1071341202647513
1418 2.1071341202647513
1419 4.37260180447479
1420 4.37260180447479
1421 4.37260180447479
1422 2.2787128704221518
1423 2.2787128704221518
1424 2.2787128704221518
1425 2.8921281537183434
1426 2.4400527112161345
1427 2.4400527112161345
1428 2.4400527112161345
1429 3.930239173585113
1430 3.930239173585113
1431 3.930239173585113
1432 2.8874829323711757
1433 2.8874829323711757
1434 2.8874829323711757
1435 0.1
1436 0.1
1437 0.1
1438 3.1497874742193703
1439 3.1497874742193703
1440 3.1497874742193703
1441 0.9479462587168568
1442 0.9479462587168568
1443 0.9479462587168568
1444 4.043474789981704
1445 4.043474789981704
1446 4.043474789981704
1447 2.801378756564776
1448 2.801378756564776
1449 2.801378756564776
1450 4.468591016073173
1451 4.468591016073173
1452 4.468591016073173
1453 1.1205829158285234
1454 1.1205829158285234
1455 1.1205829158285234
1456 0.9491085913777025
1457 0.9491085913777025
1458 0.9491085913777025
1459 2.5255986646963646
1460 2.5255986646963646
1461 2.5255986646963646
1462 1.1714789218984285
1463 1.1714789218984285
1464 1.1714789218984285
1465 2.6411270073682704
1466 2.6411270073682704
1467 0.6731539684636654
1468 2.375492906361014
1469 2.375492906361014
1470 2.375492906361014
1471 3.5577660288314767
1472 3.5577660288314767
1473 3.5577660288314767
1474 0.40569256825982114
1475 0.40569256825982114
1476 0.40569256825982114
1477 2.090401815108922
1478 2.090401815108922
1479 2.090401815108922
1480 0.28963709528781445
1481 0.28963709528781445
1482 0.28963709528781445
1483 0.2986437531371158
1484 0.2986437531371158
1485 6.1465352978646
1486 0.19758195577536486
1487 0.19758195577536486
1488 0.19758195577536486
1489 0.931094569312137
1490 0.931094569312137
1491 0.931094569312137
1492 0.9767409503029233
1493 0.9767409503029233
1494 3.5978749894799504
1495 3.5978749894799504
1496 3.5978749894799504
1497 0.2277158147033384
1498 0.2277158147033384
1499 0.2277158147033384
1500 0.5893212148772319
1501 0.5893212148772319
1502 0.5893212148772319
1503 1.016160642012028
1504 2.2264434399092417
1505 2.2264434399092417
1506 2.2264434399092417
1507 2.3708776363155257
1508 2.3708776363155257
1509 2.3708776363155257
1510 1.0224858855777943
1511 1.0224858855777943
1512 1.0224858855777943
1513 1.2399625966123178
1514 1.2399625966123178
1515 1.2399625966123178
1516 0.8437364281715363
1517 0.8437364281715363
1518 0.8437364281715363
1519 2.902350107050398
1520 2.902350107050398
1521 2.902350107050398
1522 0.8469276791533054
1523 0.8469276791533054
1524 1.0280096115143698
1525 1.0280096115143698
1526 1.0280096115143698
1527 0.37213415050404686
1528 0.37213415050404686
1529 0.37213415050404686
1530 1.085217625272398
1531 1.0966365142932346
1532 1.0966365142932346
1533 1.0966365142932346
1534 3.3939226618418386
1535 3.3939226618418386
1536 3.3939226618418386
1537 2.776002595376085
1538 2.776002595376085
1539 2.776002595376085
1540 0.662551277248329
1541 0.662551277248329
1542 0.662551277248329
1543 0.5256459283362455
1544 0.5256459283362455
1545 0.5256459283362455
1546 0.6031202267212428
1547 0.6031202267212428
1548 0.6031202267212428
1549 0.9216802484716968
1550 0.9216802484716968
1551 0.9216802484716968
1552 0.24839667753776068
1553 0.24839667753776068
1554 0.24839667753776068
1555 0.933748061154531
1556 0.9380619337515905
1557 3.0732721943833248
1558 3.0732721943833248
1559 3.0732721943833248
1560 3.140303763812488
1561 3.140303763812488
1562 3.140303763812488
1563 5.704238830844076
1564 5.704238830844076
1565 5.704238830844076
1566 2.8556252826456454
1567 1.7777274141211838
1568 1.7777274141211838
1569 1.7777274141211838
1570 1.9269422802983724
1571 1.9269422802983724
1572 1.9269422802983724
1573 2.0002593920246388
1574 6.861567479160209
1575 6.861567479160209
1576 6.861567479160209
1577 6.414989108603155
1578 6.414989108603155
1579 6.414989108603155
1580 1.6711719556198634
1581 1.6711719556198634
1582 1.6711719556198634
1583 1.7922577777102446
1584 1.7922577777102446
1585 1.7922577777102446
1586 0.8844261142300933
1587 0.8844261142300933
1588 0.8844261142300933
1589 1.2531242691727797
1590 1.2531242691727797
1591 1.2531242691727797
1592 2.7260758554001554
1593 2.7260758554001554
1594 2.7260758554001554
1595 4.18146692108696
1596 4.18146692108696
1597 1.8594937107351757
1598 1.8594937107351757
1599 1.8594937107351757
1600 1.0330983013161954
1601 1.0330983013161954
1602 1.0330983013161954
1603 0.2726608781283849
1604 0.2726608781283849
1605 0.2726608781283849
1606 0.9445066144003422
1607 0.9445066144003422
1608 0.9445066144003422
1609 2.2501286473026596
1610 2.2501286473026596
1611 2.2501286473026596
1612 0.8138461113779358
1613 0.8138461113779358
1614 0.8138461113779358
1615 1.4780845450413087
1616 1.4780845450413087
1617 1.4780845450413087
1618 2.59371187975654
1619 2.59371187975654
1620 2.59371187975654
1621 1.7715578311698919
1622 1.7715578311698919
1623 1.7715578311698919
1624 1.4192470775541013
1625 1.4192470775541013
1626 1.4192470775541013
1627 1.9494014313928376
1628 3.6925746862471405
1629 3.6925746862471405
1630 3.6925746862471405
1631 1.2032439465013898
1632 1.2032439465013898
1633 1.2032439465013898
1634 6.499567721650818
1635 6.499567721650818
1636 6.499567721650818
1637 3.5060687268188255
1638 3.5060687268188255
1639 3.5060687268188255
1640 4.2238701367797065
1641 4.2238701367797065
1642 4.2238701367797065
1643 2.2567708195192506
1644 2.2567708195192506
1645 2.2567708195192506
1646 4.452805626966377
1647 4.452805626966377
1648 4.452805626966377
1649 3.401792711452624
1650 3.401792711452624
1651 3.401792711452624
1652 5.534565643916837
1653 5.534565643916837
1654 5.534565643916837
1655 1.3114523675844687
1656 0.3261047755730369
1657 0.3261047755730369
1658 0.3261047755730369
1659 0.2440408385428413
1660 0.2440408385428413
1661 0.2440408385428413
1662 0.15745655712256051
1663 0.15745655712256051
1664 0.15745655712256051
1665 6.525794262070834
1666 6.525794262070834
1667 6.525794262070834
1668 1.0474551715099611
1669 1.0474551715099611
1670 1.6403768950804736
1671 1.6403768950804736
1672 1.6403768950804736
1673 1.968005383936879
1674 1.968005383936879
1675 1.968005383936879
1676 0.5235888591946363
1677 0.5235888591946363
1678 0.5235888591946363
1679 2.8452038270263365
1680 2.8452038270263365
1681 2.8452038270263365
1682 0.29368252332058975
1683 0.29368252332058975
1684 0.29368252332058975
1685 2.2607565301395094
1686 2.2607565301395094
1687 2.2607565301395094
1688 1.8796157015880246
1689 1.8796157015880246
1690 1.8796157015880246
1691 1.9963252597271886
1692 1.9963252597271886
1693 1.9963252597271886
1694 0.17530568031769878
1695 0.17530568031769878
1696 0.17530568031769878
1697 0.24399452128169835
1698 0.24399452128169835
1699 0.24399452128169835
1700 0.11814532732142105
1701 0.30278328441011637
1702 0.30278328441011637
1703 0.30278328441011637
1704 1.318725031398151
1705 1.318725031398151
1706 1.318725031398151
1707 0.6081824009826928
1708 1.7661235072161219
1709 1.7661235072161219
1710 1.7661235072161219
1711 1.8807225937898404
1712 1.8807225937898404
1713 1.8807225937898404
1714 1.4067497766972228
1715 1.4067497766972228
1716 1.4067497766972228
1717 1.7511791188942119
1718 0.13038158213285903
1719 0.13038158213285903
1720 2.5490167922444646
1721 2.5490167922444646
1722 2.5490167922444646
1723 2.6355497133266774
1724 2.6355497133266774
1725 1.0324995501079268
1726 1.0324995501079268
1727 1.0324995501079268
1728 1.430177880993507
1729 1.430177880993507
1730 1.430177880993507
1731 2.37183036691325
1732 2.37183036691325
1733 2.37183036691325
1734 2.1982404296359275
1735 2.1982404296359275
1736 2.1982404296359275
1737 2.634191481950088
1738 2.634191481950088
1739 2.634191481950088
1740 3.0000810014299346
1741 3.0000810014299346
1742 3.0000810014299346
1743 2.3524897909909215
1744 2.3524897909909215
1745 2.3524897909909215
1746 3.6130741681488034
1747 3.6130741681488034
1748 3.6130741681488034
1749 4.577274569177541
1750 4.577274569177541
1751 4.577274569177541
1752 3.5559012908150764
1753 3.5559012908150764
1754 3.5559012908150764
1755 5.264947383452145
1756 5.264947383452145
1757 5.264947383452145
1758 3.1765235579274473
1759 3.1765235579274473
1760 2.0555826138078235
1761 2.0555826138078235
1762 2.0555826138078235
1763 1.5541328656800912
1764 1.5541328656800912
1765 1.5541328656800912
1766 1.394919124669927
1767 1.394919124669927
1768 1.394919124669927
1769 1.3755850920731423
1770 1.3755850920731423
1771 1.3755850920731423
1772 1.2075749577232269
1773 1.2075749577232269
1774 1.2075749577232269
1775 0.6638659977832835
1776 0.6638659977832835
1777 0.6638659977832835
1778 0.7928148750164014
1779 0.7928148750164014
1780 0.7928148750164014
1781 4.474797546437299
1782 4.474797546437299
1783 4.474797546437299
1784 2.507036010352533
1785 2.507036010352533
1786 2.507036010352533
1787 2.0720397326921596
1788 2.0720397326921596
1789 2.0720397326921596
1790 7.372474686489003
1791 7.372474686489003
1792 7.372474686489003
1793 3.625199484442061
1794 3.625199484442061
1795 3.625199484442061
1796 7.021194852211099
1797 7.021194852211099
1798 7.021194852211099
1799 1.8322322506528739
1800 1.8322322506528739
1801 1.8322322506528739
1802 3.5790516555249443
1803 1.0367661161716117
1804 1.0367661161716117
1805 1.0367661161716117
1806 0.4042682133561172
1807 0.4042682133561172
1808 0.4042682133561172
1809 1.2539572394111966
1810 1.2539572394111966
1811 1.2539572394111966
1812 0.1
1813 0.1
1814 0.1
1815 4.223099087519464
1816 4.223099087519464
1817 2.10261624658425
1818 2.10261624658425
1819 2.10261624658425
1820 1.6280673270482817
1821 1.6280673270482817
1822 1.6280673270482817
1823 0.9455956718855683
1824 0.9455956718855683
1825 0.9455956718855683
1826 3.285855182276718
1827 3.285855182276718
1828 3.285855182276718
1829 2.96910251333888
1830 2.96910251333888
1831 2.96910251333888
1832 3.2602755261949734
1833 3.2602755261949734
1834 3.2602755261949734
1835 1.7128268172207983
1836 1.7128268172207983
1837 1.7128268172207983
1838 2.189287823399642
1839 2.189287823399642
1840 2.189287823399642
1841 1.9468680285994313
1842 1.9468680285994313
1843 1.9468680285994313
1844 2.862926377350907
1845 2.862926377350907
1846 2.862926377350907
1847 0.4142292123916844
1848 0.4142292123916844
1849 0.4142292123916844
1850 1.3883198988668954
1851 1.3883198988668954
1852 1.3883198988668954
1853 2.4929603373488005
1854 1.6589853628362068
1855 1.6589853628362068
1856 1.6589853628362068
1857 1.0375615949066184
1858 1.0375615949066184
1859 1.0375615949066184
1860 1.8232848386671274
1861 1.8232848386671274
1862 1.8232848386671274
1863 1.1680008066003487
1864 1.1680008066003487
1865 1.1680008066003487
1866 1.2083044943172496
1867 1.2083044943172496
1868 2.9417529044838115
1869 2.9417529044838115
1870 2.9417529044838115
1871 7.335974974985822
1872 7.335974974985822
1873 7.335974974985822
1874 2.172919048624732
1875 2.172919048624732
1876 2.172919048624732
1877 0.1
1878 0.1
1879 0.1
1880 1.8165566573801155
1881 1.8165566573801155
1882 1.8165566573801155
1883 1.9540778606172553
1884 1.9540778606172553
1885 2.6859692827171893
1886 2.6859692827171893
1887 2.6859692827171893
1888 0.6753213765897406
1889 0.6753213765897406
1890 0.6753213765897406
1891 0.4243496615331501
1892 0.4243496615331501
1893 0.4243496615331501
1894 2.5048547837992867
1895 3.054476631484243
1896 3.054476631484243
1897 3.054476631484243
1898 0.1
1899 0.1
1900 0.1
1901 4.990408721210985
1902 4.990408721210985
1903 4.990408721210985
1904 4.420745054829722
1905 4.420745054829722
1906 1.5661236527512763
1907 1.5661236527512763
1908 1.5661236527512763
1909 3.217534423820512
1910 3.217534423820512
1911 3.217534423820512
1912 2.158496563518815
1913 2.158496563518815
1914 1.5364107210478797
1915 1.5364107210478797
1916 1.5364107210478797
1917 2.0577890840784208
1918 2.0577890840784208
1919 2.0577890840784208
1920 2.472387403164486
1921 2.472387403164486
1922 2.472387403164486
1923 0.21521595857655068
1924 0.21521595857655068
1925 0.21521595857655068
1926 0.21186634824275535
1927 4.7299886325976175
1928 4.7299886325976175
1929 4.7299886325976175
1930 2.9082073092510834
1931 2.9082073092510834
1932 2.9082073092510834
1933 1.9757619832483564
1934 1.9757619832483564
1935 1.9757619832483564
1936 2.0075412410233238
1937 2.0075412410233238
1938 2.0075412410233238
1939 2.261073618081701
1940 2.261073618081701
1941 2.261073618081701
1942 2.883915734288996
1943 5.097679095097775
1944 3.3824060990511198
1945 3.3824060990511198
1946 3.3824060990511198
1947 0.7108076037738185
1948 0.7108076037738185
1949 0.7108076037738185
1950 0.7773212132205478
1951 0.7773212132205478
1952 0.7773212132205478
1953 0.8719829468887703
1954 0.8719829468887703
1955 0.8719829468887703
1956 0.1
1957 0.1
1958 1.0227955468907117
1959 1.0227955468907117
1960 1.0227955468907117
1961 2.2544615200189355
1962 2.2544615200189355
1963 2.2544615200189355
1964 1.2680942003449438
1965 1.2680942003449438
1966 1.2680942003449438
1967 1.2352523043568997
1968 1.2352523043568997
1969 1.2352523043568997
1970 5.00285663164223
1971 5.00285663164223
1972 5.00285663164223
1973 1.261562871586142
1974 1.261562871586142
1975 1.261562871586142
1976 2.7431573990385947
1977 2.7431573990385947
1978 2.7431573990385947
1979 1.656710124036937
1980 1.656710124036937
1981 1.656710124036937
1982 4.515810222491799
1983 4.515810222491799
1984 4.515810222491799
1985 2.942353798199734
1986 2.942353798199734
1987 2.942353798199734
1988 2.8202076320109657
1989 2.8202076320109657
1990 2.8202076320109657
1991 3.5100725647980235
1992 3.5100725647980235
1993 3.5100725647980235
1994 1.1459429764177793
1995 1.1459429764177793
1996 1.1459429764177793
1997 2.9367581351869507
1998 2.9367581351869507
1999 2.9367581351869507
