0 2.558053870625544
1 2.558053870625544
2 2.558053870625544
3 1.371068084848508
4 1.371068084848508
5 1.371068084848508
6 2.129450233316001
7 2.129450233316001
8 2.129450233316001
9 2.410183299768585
10 2.410183299768585
11 2.410183299768585
12 0.6886065669200678
13 0.6886065669200678
14 0.6886065669200678
15 2.4969406980746527
16 2.4969406980746527
17 2.4969406980746527
18 2.430785388529154
19 2.430785388529154
20 2.430785388529154
21 3.687234839195786
22 3.687234839195786
23 3.687234839195786
24 3.3485965307128196
25 3.3485965307128196
26 3.3485965307128196
27 3.801030498220392
28 3.801030498220392
29 3.801030498220392
30 1.763185906951103
31 1.763185906951103
32 1.763185906951103
33 1.8020513624872738
34 1.8020513624872738
35 1.8020513624872738
36 2.3592534765668596
37 2.3592534765668596
38 2.3592534765668596
39 2.3611902309862187
40 2.3611902309862187
41 2.3611902309862187
42 1.4028665210213371
43 1.4028665210213371
44 1.4028665210213371
45 1.8475986771048736
46 1.8475986771048736
47 1.8475986771048736
48 3.0911233470460013
49 3.0911233470460013
50 3.0911233470460013
51 2.669118881994746
52 2.669118881994746
53 2.669118881994746
54 2.5146740734874147
55 2.5146740734874147
56 2.5146740734874147
57 1.4481519294964753
58 1.4481519294964753
59 1.4481519294964753
60 1.8105899949216804
61 1.8105899949216804
62 1.8105899949216804
63 2.0864898064526916
64 2.0864898064526916
65 2.0864898064526916
66 0.421290419332194
67 0.421290419332194
68 0.421290419332194
69 2.3912705485209407
70 2.3912705485209407
71 2.3912705485209407
72 0.817195197610753
73 0.817195197610753
74 0.817195197610753
75 2.524867424030944
76 2.524867424030944
77 2.524867424030944
78 2.6832871121139426
79 2.6832871121139426
80 2.6832871121139426
81 2.606705627876506
82 2.606705627876506
83 2.606705627876506
84 1.2515784167279234
85 1.2515784167279234
86 1.2515784167279234
87 2.105163010670303
88 2.105163010670303
89 2.105163010670303
90 0.4482084667941153
91 0.4482084667941153
92 0.4482084667941153
93 2.795715146748551
94 2.795715146748551
95 2.795715146748551
96 3.055695654775505
97 3.055695654775505
98 3.055695654775505
99 2.071952971289776
100 2.071952971289776
101 2.071952971289776
102 2.066828750161639
103 2.066828750161639
104 2.066828750161639
105 2.5909055399405956
106 2.5909055399405956
107 2.5909055399405956
108 2.1683566104059753
109 2.1683566104059753
110 2.1683566104059753
111 4.068047719508451
112 4.068047719508451
113 4.068047719508451
114 4.012683888396866
115 4.012683888396866
116 4.012683888396866
117 0.7105328543584588
118 0.7105328543584588
119 0.7105328543584588
120 1.4922166616460593
121 1.4922166616460593
122 1.4922166616460593
123 2.892331646015804
124 2.892331646015804
125 2.892331646015804
126 3.5967371732993367
127 3.5967371732993367
128 3.5967371732993367
129 2.6243034313468305
130 2.6243034313468305
131 2.6243034313468305
132 4.408430200965338
133 4.408430200965338
134 4.408430200965338
135 2.5054794443011112
136 2.5054794443011112
137 2.5054794443011112
138 3.1796052893916267
139 3.1796052893916267
140 3.1796052893916267
141 2.6340248569181854
142 2.6340248569181854
143 2.6340248569181854
144 2.6268466338721272
145 2.6268466338721272
146 2.6268466338721272
147 2.2684780241087177
148 2.2684780241087177
149 2.643206947955767
150 2.643206947955767
151 2.643206947955767
152 2.205282605362213
153 2.205282605362213
154 2.205282605362213
155 3.9429849752317927
156 3.9429849752317927
157 3.9429849752317927
158 3.683241157662312
159 3.683241157662312
160 3.683241157662312
161 3.497848094675779
162 3.497848094675779
163 3.497848094675779
164 4.08459886058903
165 4.08459886058903
166 4.08459886058903
167 3.8635684868508613
168 3.8635684868508613
169 3.8635684868508613
170 4.526105554160405
171 4.526105554160405
172 2.3619762956204764
173 2.3619762956204764
174 2.3619762956204764
175 5.706064814984883
176 5.706064814984883
177 5.706064814984883
178 2.9426349312813245
179 2.9426349312813245
180 2.9426349312813245
181 0.1
182 0.1
183 0.1
184 3.6784414270580155
185 3.6784414270580155
186 3.6784414270580155
187 5.832013342673388
188 5.832013342673388
189 5.832013342673388
190 3.043510949272581
191 3.043510949272581
192 3.043510949272581
193 6.4633025808089535
194 6.4633025808089535
195 6.4633025808089535
196 1.6197794780881472
197 1.6197794780881472
198 1.6197794780881472
199 8.647607694450663
200 8.647607694450663
201 8.647607694450663
202 5.016945550936525
203 5.016945550936525
204 5.016945550936525
205 5.6648164110503325
206 5.6648164110503325
207 5.6648164110503325
208 3.100566469690663
209 3.100566469690663
210 3.100566469690663
211 7.31432695918923
212 7.31432695918923
213 7.31432695918923
214 5.263908846690464
215 5.263908846690464
216 5.263908846690464
217 6.02997247432722
218 6.02997247432722
219 6.02997247432722
220 4.025493065014736
221 4.025493065014736
222 4.025493065014736
223 5.530344821075436
224 5.530344821075436
225 5.530344821075436
226 4.83745033126714
227 4.83745033126714
228 4.83745033126714
229 6.217239277188155
230 6.217239277188155
231 6.217239277188155
232 5.860537959875567
233 5.860537959875567
234 5.860537959875567
235 3.3851234647037627
236 3.3851234647037627
237 3.3851234647037627
238 6.680276009819389
239 6.680276009819389
240 6.680276009819389
241 0.25415642349877565
242 0.25415642349877565
243 0.25415642349877565
244 3.688139137137938
245 3.688139137137938
246 3.688139137137938
247 5.096653990466826
248 5.096653990466826
249 5.096653990466826
250 6.000104143888656
251 6.000104143888656
252 6.000104143888656
253 3.4494838635160705
254 3.4494838635160705
255 3.4494838635160705
256 1.8404573178853392
257 1.8404573178853392
258 1.8404573178853392
259 1.1042859303874133
260 1.1042859303874133
261 1.1042859303874133
262 2.748598729001903
263 2.748598729001903
264 2.748598729001903
265 1.5918870654875232
266 1.5918870654875232
267 1.5918870654875232
268 4.406679516937706
269 4.406679516937706
270 4.406679516937706
271 2.198896317715579
272 2.198896317715579
273 2.198896317715579
274 3.7097674163136753
275 3.7097674163136753
276 3.7097674163136753
277 4.293542225912592
278 4.293542225912592
279 4.293542225912592
280 4.046969085577521
281 4.046969085577521
282 4.046969085577521
283 3.257129053256576
284 3.257129053256576
285 3.257129053256576
286 6.426468572524853
287 6.426468572524853
288 6.426468572524853
289 4.41310201549063
290 4.41310201549063
291 4.41310201549063
292 5.018562614273391
293 5.018562614273391
294 5.018562614273391
295 2.103432534288325
296 2.103432534288325
297 2.103432534288325
298 3.329915303379157
299 3.329915303379157
300 3.329915303379157
301 4.45840155207989
302 4.45840155207989
303 4.45840155207989
304 2.91069383112432
305 2.91069383112432
306 2.91069383112432
307 7.242746177155174
308 7.242746177155174
309 7.242746177155174
310 4.304028740522122
311 4.304028740522122
312 4.304028740522122
313 5.270248537818247
314 5.270248537818247
315 5.270248537818247
316 4.443428946901955
317 4.443428946901955
318 4.443428946901955
319 5.653524379021571
320 5.653524379021571
321 5.653524379021571
322 4.615590070764519
323 4.615590070764519
324 4.615590070764519
325 1.3520429097542865
326 1.3520429097542865
327 1.3520429097542865
328 5.1853677071469155
329 5.1853677071469155
330 5.1853677071469155
331 3.6839275654735184
332 3.6839275654735184
333 3.6839275654735184
334 5.305540082876115
335 5.305540082876115
336 5.305540082876115
337 1.9683749261187553
338 1.9683749261187553
339 1.9683749261187553
340 4.302349419038614
341 4.302349419038614
342 4.302349419038614
343 8.900507303100383
344 8.900507303100383
345 8.900507303100383
346 4.550104378793042
347 4.550104378793042
348 4.550104378793042
349 4.2736581095945985
350 4.2736581095945985
351 4.2736581095945985
352 2.5582865855071644
353 2.5582865855071644
354 2.5582865855071644
355 4.902237406401666
356 4.902237406401666
357 4.902237406401666
358 2.8357382285652637
359 2.8357382285652637
360 2.8357382285652637
361 3.6398981764771383
362 3.6398981764771383
363 3.6398981764771383
364 3.606377522730934
365 3.606377522730934
366 3.606377522730934
367 4.536018367543396
368 4.536018367543396
369 4.536018367543396
370 6.21003649529579
371 6.21003649529579
372 6.21003649529579
373 2.8593138799831785
374 2.8593138799831785
375 2.8593138799831785
376 4.037232492016069
377 4.037232492016069
378 4.037232492016069
379 1.9853273210209554
380 1.9853273210209554
381 1.9853273210209554
382 4.869503334142474
383 4.869503334142474
384 4.869503334142474
385 5.134200017203781
386 5.134200017203781
387 5.134200017203781
388 5.628224674271708
389 5.628224674271708
390 5.628224674271708
391 2.960647396250332
392 2.960647396250332
393 2.960647396250332
394 2.376784734985356
395 2.376784734985356
396 2.376784734985356
397 3.297889644272866
398 3.297889644272866
399 3.297889644272866
400 5.687663372826815
401 5.687663372826815
402 5.687663372826815
403 4.859801738280454
404 4.859801738280454
405 4.859801738280454
406 4.915319995338841
407 4.915319995338841
408 4.915319995338841
409 5.555537510996781
410 5.555537510996781
411 5.555537510996781
412 4.290741204501264
413 4.290741204501264
414 4.290741204501264
415 3.1703408633667416
416 3.1703408633667416
417 3.1703408633667416
418 4.997500859593434
419 4.997500859593434
420 4.997500859593434
421 5.641247131510748
422 5.641247131510748
423 5.641247131510748
424 6.493540993662904
425 6.493540993662904
426 6.493540993662904
427 7.1616036013382125
428 7.1616036013382125
429 7.1616036013382125
430 1.2184048820138536
431 1.2184048820138536
432 1.2184048820138536
433 3.9383418880692616
434 3.9383418880692616
435 3.9383418880692616
436 4.998271248637306
437 4.998271248637306
438 4.998271248637306
439 5.772780929047336
440 5.772780929047336
441 5.772780929047336
442 4.215737067960234
443 4.215737067960234
444 4.215737067960234
445 6.703835111070118
446 6.703835111070118
447 6.703835111070118
448 3.903933775651585
449 3.903933775651585
450 3.903933775651585
451 5.53732543562032
452 5.53732543562032
453 5.53732543562032
454 3.475863566474016
455 3.475863566474016
456 3.475863566474016
457 4.950326832166181
458 4.950326832166181
459 4.950326832166181
460 4.843501747526919
461 4.843501747526919
462 4.843501747526919
463 3.352704267634769
464 3.352704267634769
465 3.352704267634769
466 2.7649757189871753
467 2.7649757189871753
468 2.7649757189871753
469 4.29657570190609
470 4.29657570190609
471 4.29657570190609
472 4.944627257687976
473 4.944627257687976
474 4.944627257687976
475 3.170620512088845
476 3.170620512088845
477 3.170620512088845
478 0.1
479 0.1
480 0.1
481 5.04546620430738
482 5.04546620430738
483 5.04546620430738
484 5.537566130585397
485 5.537566130585397
486 5.537566130585397
487 4.536270531394735
488 4.536270531394735
489 4.536270531394735
490 4.222987115293523
491 4.222987115293523
492 4.222987115293523
493 0.8850728295155887
494 0.8850728295155887
495 0.8850728295155887
496 0.7411965024242333
497 0.7411965024242333
498 0.7411965024242333
499 2.8515449921181664
500 2.8515449921181664
501 2.8515449921181664
502 3.0223978296226415
503 3.0223978296226415
504 3.0223978296226415
505 1.998091319328409
506 1.998091319328409
507 1.998091319328409
508 2.0699829952849584
509 2.0699829952849584
510 2.0699829952849584
511 0.7735700539178998
512 0.7735700539178998
513 0.7735700539178998
514 6.122634339366628
515 6.122634339366628
516 6.122634339366628
517 4.887147746236894
518 4.887147746236894
519 4.887147746236894
520 4.4426300531190375
521 4.4426300531190375
522 4.4426300531190375
523 6.15052151047695
524 6.15052151047695
525 6.15052151047695
526 4.9189113990561575
527 4.9189113990561575
528 4.9189113990561575
529 5.3020600558235005
530 5.3020600558235005
531 5.3020600558235005
532 6.249748017033383
533 6.249748017033383
534 6.249748017033383
535 3.7990745516666755
536 3.7990745516666755
537 3.7990745516666755
538 3.6365533685124056
539 3.6365533685124056
540 3.6365533685124056
541 3.4390370437323234
542 3.4390370437323234
543 3.4390370437323234
544 4.837250079999315
545 4.837250079999315
546 4.837250079999315
547 5.7945862036937
548 5.7945862036937
549 5.7945862036937
550 8.519059838813643
551 8.519059838813643
552 8.519059838813643
553 4.123060453999779
554 4.123060453999779
555 4.123060453999779
556 5.4375814628319175
557 5.4375814628319175
558 5.4375814628319175
559 4.743023766010217
560 4.743023766010217
561 4.743023766010217
562 5.817543821375313
563 5.817543821375313
564 5.817543821375313
565 5.048365609300505
566 5.048365609300505
567 5.048365609300505
568 5.133908458001247
569 5.133908458001247
570 5.133908458001247
571 3.2670371922190027
572 3.2670371922190027
573 3.2670371922190027
574 1.0991256938351408
575 1.0991256938351408
576 1.0991256938351408
577 5.6195926585677505
578 5.6195926585677505
579 5.6195926585677505
580 5.059258493589879
581 5.059258493589879
582 5.059258493589879
583 3.744831577937641
584 3.744831577937641
585 3.744831577937641
586 3.6680665505126897
587 3.6680665505126897
588 3.6680665505126897
589 4.711268636164863
590 4.711268636164863
591 4.711268636164863
592 5.154573514934671
593 5.154573514934671
594 5.154573514934671
595 5.313734931069405
596 5.313734931069405
597 5.313734931069405
598 7.517591669420177
599 7.517591669420177
600 7.517591669420177
601 4.103781250709593
602 4.103781250709593
603 4.103781250709593
604 7.20931034049463
605 7.20931034049463
606 7.20931034049463
607 5.530822589649243
608 5.530822589649243
609 5.530822589649243
610 3.6396299934737746
611 3.6396299934737746
612 3.6396299934737746
613 3.6404334270234773
614 3.6404334270234773
615 3.6404334270234773
616 2.275550161022647
617 2.275550161022647
618 2.275550161022647
619 0.9825580126117117
620 0.9825580126117117
621 0.9825580126117117
622 5.565480214440631
623 5.565480214440631
624 5.565480214440631
625 6.729791017754549
626 6.729791017754549
627 6.729791017754549
628 6.3508730923203975
629 6.3508730923203975
630 6.3508730923203975
631 3.5230680705709903
632 3.5230680705709903
633 3.5230680705709903
634 2.7645643076480138
635 2.7645643076480138
636 2.7645643076480138
637 6.439143922294942
638 6.439143922294942
639 6.439143922294942
640 5.8373371277758785
641 5.8373371277758785
642 5.8373371277758785
643 2.1076317561284044
644 2.1076317561284044
645 2.1076317561284044
646 5.97118500496166
647 5.97118500496166
648 5.97118500496166
649 4.864223947654704
650 4.864223947654704
651 4.864223947654704
652 0.1
653 0.1
654 0.1
655 2.873201547742309
656 2.873201547742309
657 1.787147024499645
658 1.787147024499645
659 1.787147024499645
660 5.7338416148834614
661 5.7338416148834614
662 5.7338416148834614
663 1.0865471495977925
664 1.0865471495977925
665 1.0865471495977925
666 1.1553485031840984
667 1.1553485031840984
668 1.1553485031840984
669 1.1777563278828707
670 1.1777563278828707
671 1.1777563278828707
672 0.5532419863778119
673 0.5532419863778119
674 0.5532419863778119
675 1.0768823578747284
676 1.0768823578747284
677 1.0768823578747284
678 0.365984887584447
679 0.365984887584447
680 0.365984887584447
681 0.3962166332171191
682 0.3962166332171191
683 0.3962166332171191
684 0.7322305669386444
685 0.7322305669386444
686 0.7322305669386444
687 2.0382313552808746
688 2.0382313552808746
689 2.0382313552808746
690 1.8853329766305231
691 1.8853329766305231
692 1.8853329766305231
693 1.3347745441479153
694 1.3347745441479153
695 1.3347745441479153
696 1.1134732939639527
697 1.1134732939639527
698 1.1134732939639527
699 0.8932793735958883
700 0.8932793735958883
701 0.8932793735958883
702 0.863223665227595
703 0.863223665227595
704 0.863223665227595
705 1.558392417400989
706 1.558392417400989
707 4.562561434158242
708 4.562561434158242
709 4.562561434158242
710 2.6652770199497233
711 2.6652770199497233
712 2.6652770199497233
713 4.573367433804149
714 4.573367433804149
715 4.573367433804149
716 2.6131723472908637
717 2.6131723472908637
718 2.6131723472908637
719 3.07696723488028
720 3.07696723488028
721 3.07696723488028
722 2.6549601936825056
723 2.6549601936825056
724 2.6549601936825056
725 3.462623126011913
726 3.462623126011913
727 3.462623126011913
728 3.138095919604548
729 3.138095919604548
730 3.138095919604548
731 3.8093440235885008
732 3.8093440235885008
733 3.8093440235885008
734 2.7142252752312386
735 2.7142252752312386
736 2.7142252752312386
737 2.4907219222795414
738 2.4907219222795414
739 2.4907219222795414
740 1.8420878419479287
741 1.8420878419479287
742 1.8420878419479287
743 3.2997526308644423
744 3.2997526308644423
745 3.2997526308644423
746 1.8966407748875782
747 1.8966407748875782
748 1.8966407748875782
749 2.4190058318490038
750 2.4190058318490038
751 2.4190058318490038
752 2.671671709857709
753 2.671671709857709
754 2.671671709857709
755 2.887534513130986
756 2.887534513130986
757 2.887534513130986
758 3.78789185910672
759 3.78789185910672
760 3.78789185910672
761 1.139079433082468
762 1.139079433082468
763 1.139079433082468
764 2.3244516679740053
765 2.3244516679740053
766 2.3244516679740053
767 1.5892140234143701
768 1.5892140234143701
769 1.5892140234143701
770 2.543768009629519
771 2.543768009629519
772 2.543768009629519
773 1.38991777026885
774 1.38991777026885
775 1.38991777026885
776 2.2987901644545707
777 2.2987901644545707
778 2.2987901644545707
779 0.6478629805592624
780 0.6478629805592624
781 5.008144316081516
782 5.008144316081516
783 5.008144316081516
784 2.1783154914745837
785 2.1783154914745837
786 2.1783154914745837
787 2.1768570136606438
788 2.1768570136606438
789 2.1768570136606438
790 4.121294331694229
791 4.121294331694229
792 4.121294331694229
793 3.320990370532528
794 3.320990370532528
795 3.320990370532528
796 1.6808530104669588
797 1.6808530104669588
798 1.6808530104669588
799 3.1139943679519666
800 0.4626906910340882
801 0.4626906910340882
802 0.4626906910340882
803 0.993034274801237
804 0.993034274801237
805 0.993034274801237
806 0.7714730871609242
807 0.7714730871609242
808 0.7714730871609242
809 0.6021557941439919
810 0.6021557941439919
811 0.6021557941439919
812 0.7131800938973956
813 0.7100013382111874
814 0.7100013382111874
815 0.7100013382111874
816 1.881504650957306
817 1.881504650957306
818 1.881504650957306
819 2.785028765864155
820 2.785028765864155
821 2.785028765864155
822 3.628768000122111
823 3.628768000122111
824 3.628768000122111
825 1.3615745684018492
826 1.3615745684018492
827 1.3615745684018492
828 3.0169904997379593
829 3.0169904997379593
830 3.0169904997379593
831 2.675427897097596
832 2.675427897097596
833 2.675427897097596
834 2.9688839288815205
835 2.9688839288815205
836 2.9688839288815205
837 4.055138584165027
838 4.055138584165027
839 4.055138584165027
840 1.0882077016418108
841 1.0882077016418108
842 1.0882077016418108
843 1.4315135517937843
844 1.4315135517937843
845 1.4315135517937843
846 2.752984992210323
847 2.752984992210323
848 2.752984992210323
849 4.707217293187169
850 4.707217293187169
851 4.707217293187169
852 2.2837470859396314
853 2.2837470859396314
854 2.2837470859396314
855 2.2387034436188364
856 2.2387034436188364
857 2.2387034436188364
858 3.5244917116486096
859 3.5244917116486096
860 3.5244917116486096
861 4.244325192435486
862 4.244325192435486
863 4.244325192435486
864 3.541385909074381
865 3.541385909074381
866 3.541385909074381
867 4.067541030485032
868 4.067541030485032
869 4.067541030485032
870 2.641464998099163
871 2.641464998099163
872 2.641464998099163
873 4.586868111727897
874 4.586868111727897
875 4.586868111727897
876 1.3082322838286509
877 1.3082322838286509
878 1.3082322838286509
879 0.9783614680618098
880 0.9783614680618098
881 0.9783614680618098
882 1.7955318396812174
883 1.7955318396812174
884 1.7955318396812174
885 2.719989278658003
886 2.719989278658003
887 2.719989278658003
888 3.7402417170736935
889 3.7402417170736935
890 3.7402417170736935
891 0.5404522549163826
892 0.5404522549163826
893 0.5404522549163826
894 2.2649582768501046
895 2.2649582768501046
896 2.2649582768501046
897 4.688025558992392
898 4.688025558992392
899 4.688025558992392
900 3.1177589141471618
901 3.1177589141471618
902 3.1177589141471618
903 3.963966555089373
904 3.963966555089373
905 3.963966555089373
906 3.764061367020012
907 3.764061367020012
908 3.764061367020012
909 1.682747747058892
910 1.682747747058892
911 1.682747747058892
912 2.4207430286299756
913 2.4207430286299756
914 2.4207430286299756
915 4.0317607180508945
916 4.0317607180508945
917 4.0317607180508945
918 3.8558132435333285
919 1.7748378245324554
920 1.7748378245324554
921 1.7748378245324554
922 0.7898227174057741
923 0.7898227174057741
924 0.7898227174057741
925 1.0687090362437157
926 1.0687090362437157
927 1.0687090362437157
928 1.0115579189219879
929 1.0115579189219879
930 1.0115579189219879
931 0.5621564040947616
932 0.5621564040947616
933 0.5621564040947616
934 1.9734169519466582
935 1.9734169519466582
936 1.9734169519466582
937 1.446918619870731
938 1.446918619870731
939 1.446918619870731
940 1.232075024741521
941 1.232075024741521
942 1.232075024741521
943 0.743907184295786
944 0.743907184295786
945 0.743907184295786
946 1.6746521429796932
947 1.6746521429796932
948 1.6746521429796932
949 0.5307091280503123
950 0.5307091280503123
951 0.5307091280503123
952 1.6997865245782453
953 1.6997865245782453
954 1.6997865245782453
955 1.319315561054765
956 1.319315561054765
957 1.319315561054765
958 1.186030435187709
959 1.186030435187709
960 1.186030435187709
961 1.2878500282530496
962 1.2878500282530496
963 1.2878500282530496
964 0.6021651872501
965 0.6021651872501
966 0.6021651872501
967 0.777912560302344
968 0.777912560302344
969 0.777912560302344
970 0.6381233840685263
971 0.6381233840685263
972 0.6381233840685263
973 0.9136778271556315
974 0.9136778271556315
975 0.9136778271556315
976 1.2952069855281414
977 1.2952069855281414
978 1.2952069855281414
979 0.7210162348784515
980 0.7210162348784515
981 0.7210162348784515
982 0.512436638380938
983 0.512436638380938
984 0.512436638380938
985 0.7727413594923589
986 0.7727413594923589
987 2.129994005513497
988 2.129994005513497
989 2.129994005513497
990 2.0871710592237553
991 2.0871710592237553
992 2.0871710592237553
993 1.3261777821265222
994 1.3261777821265222
995 1.3261777821265222
996 1.922034983686367
997 1.922034983686367
998 1.922034983686367
999 0.1
1000 0.1
1001 0.1
1002 2.801993717532603
1003 2.801993717532603
1004 2.801993717532603
1005 1.4463578552978167
1006 1.4463578552978167
1007 1.4463578552978167
1008 2.4609846433888958
1009 2.4609846433888958
1010 2.4609846433888958
1011 2.1607430451965133
1012 2.1607430451965133
1013 2.1607430451965133
1014 3.8336689222433593
1015 3.8336689222433593
1016 3.8336689222433593
1017 2.672850131506988
1018 2.672850131506988
1019 2.672850131506988
1020 0.9743855548978475
1021 0.9743855548978475
1022 0.9743855548978475
1023 2.7037932697208356
1024 2.7037932697208356
1025 2.7037932697208356
1026 0.7358284619973885
1027 0.7358284619973885
1028 0.7358284619973885
1029 2.783172821052477
1030 2.783172821052477
1031 2.783172821052477
1032 1.5844426008643087
1033 1.5844426008643087
1034 1.5844426008643087
1035 2.74527948987805
1036 2.74527948987805
1037 2.74527948987805
1038 2.6437377597152314
1039 2.6437377597152314
1040 2.6437377597152314
1041 2.374787636808995
1042 2.374787636808995
1043 2.374787636808995
1044 1.0121035557568718
1045 1.0121035557568718
1046 1.0121035557568718
1047 2.8938013946918524
1048 2.8938013946918524
1049 2.8938013946918524
1050 1.167896248981187
1051 1.167896248981187
1052 1.167896248981187
1053 2.4521164739129304
1054 2.4521164739129304
1055 2.4521164739129304
1056 2.217550151678507
1057 2.217550151678507
1058 2.217550151678507
1059 2.0997957072093287
1060 2.0997957072093287
1061 2.0997957072093287
1062 1.937682791045984
1063 1.937682791045984
1064 1.937682791045984
1065 2.1416678881321944
1066 2.1416678881321944
1067 2.1416678881321944
1068 2.7463954504131713
1069 2.7463954504131713
1070 2.7463954504131713
1071 3.8117666039508835
1072 3.8117666039508835
1073 3.8117666039508835
1074 3.2285469126483024
1075 3.2285469126483024
1076 3.2285469126483024
1077 0.5161197172529641
1078 0.5161197172529641
1079 0.5161197172529641
1080 2.238164209564903
1081 2.238164209564903
1082 2.238164209564903
1083 3.7132924688368663
1084 3.7132924688368663
1085 3.7132924688368663
1086 0.8993964655791513
1087 0.8993964655791513
1088 0.8993964655791513
1089 1.4184490531238907
1090 1.4184490531238907
1091 1.4184490531238907
1092 2.786897325768788
1093 2.786897325768788
1094 2.786897325768788
1095 1.7127963591180522
1096 1.7127963591180522
1097 1.7127963591180522
1098 2.776056719287097
1099 2.776056719287097
1100 2.776056719287097
1101 2.957969318820597
1102 2.957969318820597
1103 2.957969318820597
1104 3.1174380808263518
1105 3.1174380808263518
1106 3.1174380808263518
1107 2.253520972305479
1108 2.253520972305479
1109 2.253520972305479
1110 1.8005629308195732
1111 1.8005629308195732
1112 1.8005629308195732
1113 1.179720401214286
1114 1.179720401214286
1115 1.179720401214286
1116 0.1
1117 0.1
1118 0.1
1119 1.8837006314699933
1120 1.8837006314699933
1121 1.8837006314699933
1122 1.4425164198751954
1123 1.4425164198751954
1124 1.4425164198751954
1125 1.6114843468297568
1126 1.6114843468297568
1127 1.6114843468297568
1128 3.1284731280263665
1129 3.1284731280263665
1130 3.1284731280263665
1131 1.717447276929826
1132 1.717447276929826
1133 1.717447276929826
1134 0.9264087795786438
1135 0.9264087795786438
1136 0.9264087795786438
1137 1.0118854157435893
1138 1.0118854157435893
1139 1.0118854157435893
1140 2.6216969919239896
1141 2.6216969919239896
1142 2.6216969919239896
1143 1.9476556370115077
1144 1.9476556370115077
1145 1.9476556370115077
1146 1.1180344650022898
1147 1.1180344650022898
1148 1.1180344650022898
1149 1.6495863085372835
1150 1.6495863085372835
1151 1.6495863085372835
1152 1.37035511927261
1153 1.37035511927261
1154 1.37035511927261
1155 2.686183794748871
1156 2.686183794748871
1157 2.686183794748871
1158 2.639173553259602
1159 2.639173553259602
1160 2.1027626797761685
1161 2.1027626797761685
1162 2.1027626797761685
1163 1.1851534361688236
1164 1.1851534361688236
1165 2.019775394076226
1166 2.019775394076226
1167 2.019775394076226
1168 1.8482492334703815
1169 1.8482492334703815
1170 1.8482492334703815
1171 3.3073950248906216
1172 3.3073950248906216
1173 3.3073950248906216
1174 3.3235622619317176
1175 3.3235622619317176
1176 3.3235622619317176
1177 2.2291876131662756
1178 2.2291876131662756
1179 2.2291876131662756
1180 2.5554994882022193
1181 2.5554994882022193
1182 2.5554994882022193
1183 1.676277260791877
1184 1.676277260791877
1185 1.676277260791877
1186 0.6005925533554319
1187 0.6005925533554319
1188 0.6005925533554319
1189 2.603259007745642
1190 2.603259007745642
1191 2.603259007745642
1192 1.9704577231727152
1193 1.9704577231727152
1194 1.9704577231727152
1195 1.8355392896084775
1196 1.8355392896084775
1197 1.8355392896084775
1198 1.9766475116975815
1199 1.9766475116975815
1200 1.9766475116975815
1201 1.1722542007827736
1202 1.1722542007827736
1203 1.1722542007827736
1204 1.9806059414019295
1205 1.9806059414019295
1206 1.9806059414019295
1207 0.7588791586465742
1208 0.7588791586465742
1209 0.7588791586465742
1210 1.4868700839580962
1211 1.4868700839580962
1212 1.4868700839580962
1213 0.916592922996851
1214 0.916592922996851
1215 0.916592922996851
1216 2.3965336721530535
1217 2.3965336721530535
1218 2.3965336721530535
1219 2.506682148478204
1220 2.506682148478204
1221 2.506682148478204
1222 2.3589937584082024
1223 2.3589937584082024
1224 2.3589937584082024
1225 0.22266642843515294
1226 0.22266642843515294
1227 0.22266642843515294
1228 2.231021551743741
1229 2.231021551743741
1230 2.231021551743741
1231 1.5283126432840566
1232 1.5283126432840566
1233 1.5283126432840566
1234 2.031379325010695
1235 2.031379325010695
1236 2.031379325010695
1237 3.549632306864231
1238 3.549632306864231
1239 3.549632306864231
1240 2.631966742729998
1241 2.631966742729998
1242 2.631966742729998
1243 2.3273364416865436
1244 2.3273364416865436
1245 2.3273364416865436
1246 1.8909414837689749
1247 1.8909414837689749
1248 1.8909414837689749
1249 2.0489215147293374
1250 2.0489215147293374
1251 2.0489215147293374
1252 0.30678452888266783
1253 0.30678452888266783
1254 0.30678452888266783
1255 2.3123967740040428
1256 2.3123967740040428
1257 2.3123967740040428
1258 2.4419427951259287
1259 2.4419427951259287
1260 2.4419427951259287
1261 0.26935196476272893
1262 0.26935196476272893
1263 0.26935196476272893
1264 2.4332463012543206
1265 2.4332463012543206
1266 2.4332463012543206
1267 1.6836610210416736
1268 1.6836610210416736
1269 1.6836610210416736
1270 2.6434051575186923
1271 2.6434051575186923
1272 2.6434051575186923
1273 3.6672268679798163
1274 3.6672268679798163
1275 3.6672268679798163
1276 1.1901224684008547
1277 1.1901224684008547
1278 1.1901224684008547
1279 3.9508716411163993
1280 3.9508716411163993
1281 3.9508716411163993
1282 1.449994903485115
1283 1.449994903485115
1284 1.449994903485115
1285 2.3784878908635063
1286 2.3784878908635063
1287 2.3784878908635063
1288 1.1422427525727468
1289 1.1422427525727468
1290 1.1422427525727468
1291 3.473810367141137
1292 3.473810367141137
1293 3.473810367141137
1294 2.6247408677105493
1295 2.6247408677105493
1296 2.6247408677105493
1297 1.852398666522793
1298 1.852398666522793
1299 1.852398666522793
1300 1.9080797498349422
1301 1.9080797498349422
1302 1.9080797498349422
1303 3.970701594314156
1304 3.970701594314156
1305 3.970701594314156
1306 2.2328259332202616
1307 2.2328259332202616
1308 2.2328259332202616
1309 1.013331708943586
1310 1.013331708943586
1311 1.013331708943586
1312 2.4610485722466837
1313 2.4610485722466837
1314 2.4610485722466837
1315 2.38704722507359
1316 2.38704722507359
1317 2.38704722507359
1318 0.813883450320033
1319 0.813883450320033
1320 0.813883450320033
1321 2.6816587501149174
1322 2.6816587501149174
1323 2.6816587501149174
1324 4.463338157184628
1325 4.463338157184628
1326 4.463338157184628
1327 2.1479609070684544
1328 2.1479609070684544
1329 2.1479609070684544
1330 0.9633721575898488
1331 0.9633721575898488
1332 0.9633721575898488
1333 2.502684942166057
1334 2.502684942166057
1335 2.502684942166057
1336 2.750194954903443
1337 2.750194954903443
1338 2.750194954903443
1339 2.033578516377273
1340 2.033578516377273
1341 2.033578516377273
1342 3.0443805915541
1343 3.625915153750657
1344 3.625915153750657
1345 3.625915153750657
1346 3.1281015231900224
1347 3.1281015231900224
1348 3.1281015231900224
1349 0.9087190294528371
1350 0.9087190294528371
1351 0.9087190294528371
1352 3.2340250440419407
1353 3.2340250440419407
1354 3.2340250440419407
1355 2.7697338744836
1356 2.7697338744836
1357 2.7697338744836
1358 5.093766898245851
1359 5.093766898245851
1360 5.093766898245851
1361 2.639412419930273
1362 2.639412419930273
1363 2.639412419930273
1364 3.738509734922657
1365 3.738509734922657
1366 3.738509734922657
1367 4.4654676310984005
1368 4.4654676310984005
1369 4.4654676310984005
1370 4.891982651858642
1371 4.891982651858642
1372 4.891982651858642
1373 2.820945146418129
1374 2.820945146418129
1375 2.820945146418129
1376 5.941054492379631
1377 5.941054492379631
1378 5.941054492379631
1379 3.1908839166968646
1380 3.1908839166968646
1381 3.1908839166968646
1382 4.380107968044269
1383 4.380107968044269
1384 4.380107968044269
1385 3.6277332411116636
1386 3.6277332411116636
1387 3.6277332411116636
1388 1.515927228492389
1389 1.515927228492389
1390 1.515927228492389
1391 3.9138525058611875
1392 3.9138525058611875
1393 3.9138525058611875
1394 0.36309930570008797
1395 0.36309930570008797
1396 0.36309930570008797
1397 2.407785081794823
1398 2.407785081794823
1399 2.407785081794823
1400 3.6023624820626168
1401 3.6023624820626168
1402 3.6023624820626168
1403 4.530702359002856
1404 4.530702359002856
1405 4.530702359002856
1406 4.3636913679244715
1407 4.3636913679244715
1408 4.3636913679244715
1409 3.9370745595558536
1410 3.9370745595558536
1411 3.9370745595558536
1412 6.0672321360652655
1413 6.0672321360652655
1414 6.0672321360652655
1415 4.631655503109727
1416 4.631655503109727
1417 4.631655503109727
1418 2.5500514175439766
1419 2.5500514175439766
1420 2.5500514175439766
1421 3.3378342863486568
1422 3.3378342863486568
1423 3.3378342863486568
1424 4.148985792194231
1425 4.148985792194231
1426 4.148985792194231
1427 5.881511353718437
1428 5.881511353718437
1429 5.881511353718437
1430 6.175132398987334
1431 6.175132398987334
1432 6.175132398987334
1433 5.002263488461777
1434 5.002263488461777
1435 5.002263488461777
1436 2.683961781627297
1437 2.683961781627297
1438 2.683961781627297
1439 5.415808722939607
1440 5.415808722939607
1441 5.415808722939607
1442 2.8819932537931288
1443 2.8819932537931288
1444 2.8819932537931288
1445 4.2121445231075
1446 4.2121445231075
1447 4.2121445231075
1448 2.0458627985492543
1449 2.0458627985492543
1450 2.0458627985492543
1451 1.2228029051286176
1452 1.2228029051286176
1453 1.2228029051286176
1454 5.236969048855727
1455 5.236969048855727
1456 5.236969048855727
1457 4.389091508510966
1458 4.389091508510966
1459 4.389091508510966
1460 2.4179580664410243
1461 2.4179580664410243
1462 2.4179580664410243
1463 3.4194909843831454
1464 3.4194909843831454
1465 3.4194909843831454
1466 3.974012063163133
1467 3.974012063163133
1468 3.974012063163133
1469 4.908183997869968
1470 4.908183997869968
1471 4.908183997869968
1472 5.429690826151172
1473 5.429690826151172
1474 1.8386943523039059
1475 1.8386943523039059
1476 1.8386943523039059
1477 1.3804216146373105
1478 1.3804216146373105
1479 1.3804216146373105
1480 2.385505703934137
1481 2.385505703934137
1482 2.385505703934137
1483 3.297892299280169
1484 3.297892299280169
1485 3.297892299280169
1486 0.8408611843418907
1487 0.8408611843418907
1488 0.8408611843418907
1489 1.695863857578643
1490 1.695863857578643
1491 1.695863857578643
1492 1.2749437616961394
1493 1.2749437616961394
1494 1.2749437616961394
1495 2.385655441500236
1496 2.385655441500236
1497 2.385655441500236
1498 1.8057953915620815
1499 1.8057953915620815
1500 1.8057953915620815
1501 2.431312505078798
1502 2.431312505078798
1503 2.431312505078798
1504 0.7999357734923658
1505 0.7999357734923658
1506 0.7999357734923658
1507 2.647110500241099
1508 2.647110500241099
1509 2.647110500241099
1510 0.3908170293091211
1511 0.3908170293091211
1512 0.3908170293091211
1513 3.7681865313774523
1514 3.7681865313774523
1515 3.7681865313774523
1516 1.9004849156551291
1517 1.9004849156551291
1518 1.9004849156551291
1519 2.273391813040097
1520 2.273391813040097
1521 2.273391813040097
1522 4.132461035355828
1523 4.132461035355828
1524 4.132461035355828
1525 2.025580658016369
1526 2.025580658016369
1527 2.025580658016369
1528 2.9664108170986165
1529 2.9664108170986165
1530 2.9664108170986165
1531 1.1861848304332216
1532 1.1861848304332216
1533 1.1861848304332216
1534 1.7563585956966716
1535 1.7563585956966716
1536 1.7563585956966716
1537 2.634236686897011
1538 2.634236686897011
1539 2.634236686897011
1540 1.5926128434011702
1541 1.5926128434011702
1542 1.5926128434011702
1543 2.4587408543308826
1544 2.4587408543308826
1545 2.4587408543308826
1546 2.253856866318712
1547 2.253856866318712
1548 2.253856866318712
1549 2.9535981174812136
1550 2.9535981174812136
1551 2.9535981174812136
1552 2.5850585638267596
1553 2.5850585638267596
1554 2.5850585638267596
1555 2.220288280148083
1556 2.220288280148083
1557 2.220288280148083
1558 3.234068957158879
1559 3.234068957158879
1560 3.234068957158879
1561 0.958108264354415
1562 0.958108264354415
1563 0.958108264354415
1564 4.135362152209262
1565 4.135362152209262
1566 4.135362152209262
1567 0.982015171536299
1568 0.982015171536299
1569 0.982015171536299
1570 0.9784614254079436
1571 0.9784614254079436
1572 0.9784614254079436
1573 3.2161180551616715
1574 3.2161180551616715
1575 3.2161180551616715
1576 2.2604076185545776
1577 2.2604076185545776
1578 2.2604076185545776
1579 1.191700925602412
1580 1.191700925602412
1581 1.191700925602412
1582 0.6692896186316681
1583 0.6692896186316681
1584 0.6692896186316681
1585 2.2999319610470144
1586 2.2999319610470144
1587 2.2999319610470144
1588 0.8896432839550543
1589 0.8896432839550543
1590 0.8896432839550543
1591 2.1341129878519065
1592 2.1341129878519065
1593 2.1341129878519065
1594 0.9119316141278613
1595 0.9119316141278613
1596 0.9119316141278613
1597 2.758201446560876
1598 2.758201446560876
1599 2.758201446560876
1600 2.6957868480624736
1601 2.6957868480624736
1602 2.6957868480624736
1603 4.097271287610494
1604 4.097271287610494
1605 4.097271287610494
1606 2.119967426837402
1607 2.119967426837402
1608 2.119967426837402
1609 2.0658680220547203
1610 2.0658680220547203
1611 2.0658680220547203
1612 2.8543081427907575
1613 2.8543081427907575
1614 2.8543081427907575
1615 0.2947930486427266
1616 0.2947930486427266
1617 0.2947930486427266
1618 3.150567724520153
1619 3.150567724520153
1620 3.150567724520153
1621 2.659186943013281
1622 2.659186943013281
1623 2.659186943013281
1624 0.30523077723644376
1625 0.30523077723644376
1626 0.30523077723644376
1627 1.245091717595149
1628 1.245091717595149
1629 1.245091717595149
1630 0.9327039936583357
1631 0.9327039936583357
1632 0.9327039936583357
1633 3.234448375831183
1634 3.234448375831183
1635 3.234448375831183
1636 0.335670513686259
1637 0.335670513686259
1638 0.335670513686259
1639 2.828381919413607
1640 2.828381919413607
1641 2.828381919413607
1642 1.9223745342928975
1643 1.9223745342928975
1644 1.9223745342928975
1645 4.244890707794023
1646 4.244890707794023
1647 4.244890707794023
1648 1.925150294464855
1649 1.925150294464855
1650 1.925150294464855
1651 2.9735683954403576
1652 2.9735683954403576
1653 2.9735683954403576
1654 1.6122561256811314
1655 1.6122561256811314
1656 1.6122561256811314
1657 1.7915226722989106
1658 1.7915226722989106
1659 1.7915226722989106
1660 1.415893948353955
1661 1.415893948353955
1662 1.415893948353955
1663 2.3876161506887215
1664 2.3876161506887215
1665 2.3876161506887215
1666 1.579630514487006
1667 1.579630514487006
1668 1.579630514487006
1669 3.0572098980610143
1670 3.0572098980610143
1671 3.0572098980610143
1672 2.217937656680665
1673 2.217937656680665
1674 2.217937656680665
1675 3.196064506557386
1676 3.196064506557386
1677 3.196064506557386
1678 2.535155276373549
1679 2.535155276373549
1680 2.535155276373549
1681 3.546340544711642
1682 3.546340544711642
1683 3.546340544711642
1684 2.9457813201632495
1685 2.9457813201632495
1686 2.9457813201632495
1687 0.9688514922767808
1688 0.9688514922767808
1689 0.9688514922767808
1690 1.166841792862987
1691 1.166841792862987
1692 1.166841792862987
1693 1.377295279183956
1694 1.377295279183956
1695 1.377295279183956
1696 1.557540162338964
1697 1.557540162338964
1698 1.557540162338964
1699 0.1
1700 0.1
1701 0.1
1702 2.495286859547187
1703 2.495286859547187
1704 2.495286859547187
1705 1.4895097239885127
1706 1.4895097239885127
1707 1.4895097239885127
1708 2.1902672048375633
1709 2.1902672048375633
1710 2.1902672048375633
1711 1.5914257827649032
1712 1.5914257827649032
1713 1.5914257827649032
1714 2.380239054031091
1715 2.380239054031091
1716 2.380239054031091
1717 0.8852290887005156
1718 0.8852290887005156
1719 0.8852290887005156
1720 2.668892891242066
1721 2.668892891242066
1722 2.668892891242066
1723 2.885453877807699
1724 2.885453877807699
1725 2.885453877807699
1726 2.1404693275905795
1727 2.1404693275905795
1728 2.1404693275905795
1729 0.29714119409623807
1730 0.29714119409623807
1731 0.29714119409623807
1732 2.520386069700344
1733 2.520386069700344
1734 2.520386069700344
1735 1.7364772166738407
1736 1.7364772166738407
1737 1.7364772166738407
1738 0.6764253021076234
1739 0.6764253021076234
1740 0.6764253021076234
1741 1.7659797584600967
1742 1.7659797584600967
1743 1.7659797584600967
1744 2.1559265294110923
1745 2.1559265294110923
1746 2.1559265294110923
1747 3.016475849992795
1748 3.016475849992795
1749 3.016475849992795
1750 1.172881877169933
1751 1.172881877169933
1752 1.172881877169933
1753 3.3830204819357013
1754 3.3830204819357013
1755 3.3830204819357013
1756 2.5581191658127374
1757 2.5581191658127374
1758 2.5581191658127374
1759 3.396599054342369
1760 3.396599054342369
1761 3.396599054342369
1762 2.394406887819486
1763 2.394406887819486
1764 2.394406887819486
1765 2.762972369887102
1766 2.762972369887102
1767 2.762972369887102
1768 3.1993718369726034
1769 3.1993718369726034
1770 3.1993718369726034
1771 1.5503374849289426
1772 1.5503374849289426
1773 1.5503374849289426
1774 2.826818405631791
1775 2.826818405631791
1776 2.826818405631791
1777 0.9085906019387193
1778 0.9085906019387193
1779 0.9085906019387193
1780 2.705336908521354
1781 2.705336908521354
1782 2.705336908521354
1783 1.0713147582730054
1784 1.0713147582730054
1785 1.0713147582730054
1786 1.7408539505977134
1787 1.7408539505977134
1788 1.7408539505977134
1789 1.8465439441986966
1790 1.8465439441986966
1791 1.8465439441986966
1792 0.8471403732350247
1793 0.8471403732350247
1794 0.8471403732350247
1795 3.216955104485976
1796 3.216955104485976
1797 3.216955104485976
1798 0.1
1799 1.391951487758965
1800 1.391951487758965
1801 1.391951487758965
1802 1.4381224255268577
1803 1.4381224255268577
1804 1.4381224255268577
1805 0.9199680992876079
1806 0.9199680992876079
1807 0.9199680992876079
1808 2.0670613635356427
1809 2.0670613635356427
1810 2.0670613635356427
1811 0.8563854792215267
1812 0.8563854792215267
1813 0.8563854792215267
1814 1.3429960602194946
1815 1.3429960602194946
1816 1.3429960602194946
1817 1.107648843483818
1818 1.107648843483818
1819 1.107648843483818
1820 1.7673737919033008
1821 1.7673737919033008
1822 1.7673737919033008
1823 1.0916544842678173
1824 1.0916544842678173
1825 1.0916544842678173
1826 1.2744984271663231
1827 1.2744984271663231
1828 1.2744984271663231
1829 0.6949109245915033
1830 0.6949109245915033
1831 0.6949109245915033
1832 1.1751484624830864
1833 1.1751484624830864
1834 1.1751484624830864
1835 0.8404351222814987
1836 0.8404351222814987
1837 0.8404351222814987
1838 1.272165121143978
1839 1.272165121143978
1840 1.272165121143978
1841 1.134063678913704
1842 1.134063678913704
1843 1.134063678913704
1844 1.2793265936279306
1845 1.2793265936279306
1846 1.2793265936279306
1847 1.4817592330758371
1848 1.4817592330758371
1849 1.4817592330758371
1850 1.7197744597184603
1851 1.7197744597184603
1852 1.7197744597184603
1853 2.085613512296637
1854 2.085613512296637
1855 2.085613512296637
1856 1.4968593732383897
1857 1.4968593732383897
1858 1.4968593732383897
1859 1.4013400711345245
1860 1.4013400711345245
1861 1.4013400711345245
1862 0.615252328318427
1863 0.615252328318427
1864 0.615252328318427
1865 0.39061756097793754
1866 0.39061756097793754
1867 0.39061756097793754
1868 1.582472581309839
1869 1.582472581309839
1870 1.582472581309839
1871 1.2565838831731675
1872 1.2565838831731675
1873 1.2565838831731675
1874 1.4520496162916916
1875 1.4520496162916916
1876 1.4520496162916916
1877 1.1332217558925404
1878 1.1332217558925404
1879 1.1332217558925404
1880 1.320280679906033
1881 1.320280679906033
1882 1.320280679906033
1883 0.944385040484818
1884 0.944385040484818
1885 0.944385040484818
1886 0.8680334198870711
1887 0.8680334198870711
1888 0.8680334198870711
1889 1.7575117644061704
1890 1.7575117644061704
1891 1.7575117644061704
1892 1.3571814918189609
1893 1.3571814918189609
1894 1.3571814918189609
1895 0.16121848319374588
1896 0.16121848319374588
1897 0.16121848319374588
1898 1.5962916345439926
1899 1.5962916345439926
1900 1.5962916345439926
1901 0.24856600083988356
1902 0.24856600083988356
1903 0.24856600083988356
1904 0.8618919433596625
1905 0.8618919433596625
1906 0.8618919433596625
1907 1.0932640867305699
1908 1.0932640867305699
1909 1.0932640867305699
1910 0.7956417900424398
1911 0.7956417900424398
1912 0.7956417900424398
1913 1.206742995577692
1914 1.206742995577692
1915 1.206742995577692
1916 1.3438427478984964
1917 1.3438427478984964
1918 1.3438427478984964
1919 0.44487750125306
1920 0.44487750125306
1921 0.44487750125306
1922 2.008682832031292
1923 2.008682832031292
1924 2.008682832031292
1925 0.5688076344755124
1926 0.5688076344755124
1927 0.5688076344755124
1928 1.2896056824902484
1929 1.2896056824902484
1930 1.2896056824902484
1931 1.452475411823181
1932 1.452475411823181
1933 1.452475411823181
1934 1.2043004768345202
1935 1.2043004768345202
1936 1.2043004768345202
1937 1.0210016579389891
1938 1.0210016579389891
1939 1.0210016579389891
1940 1.0595005038468825
1941 1.0595005038468825
1942 1.0595005038468825
1943 0.7742012994687733
1944 0.7742012994687733
1945 0.7742012994687733
1946 1.8040915334783656
1947 1.8040915334783656
1948 1.8040915334783656
1949 1.6134223222866129
1950 1.6134223222866129
1951 1.6134223222866129
1952 0.8838163160051339
1953 0.8838163160051339
1954 0.8838163160051339
1955 1.7627505117700388
1956 1.7627505117700388
1957 1.7627505117700388
1958 1.518762550323225
1959 1.518762550323225
1960 1.518762550323225
1961 1.0740614520371572
1962 1.0740614520371572
1963 1.0740614520371572
1964 1.4554464024879905
1965 1.4554464024879905
1966 1.4554464024879905
1967 1.3145568873691311
1968 1.3145568873691311
1969 1.3145568873691311
1970 1.3594353986013656
1971 1.3594353986013656
1972 1.3594353986013656
1973 0.8054276542708921
1974 0.8054276542708921
1975 0.8054276542708921
1976 1.608239648793917
1977 1.608239648793917
1978 1.608239648793917
1979 1.750829177661405
1980 1.750829177661405
1981 1.750829177661405
1982 1.0368171869855356
1983 1.6344419205258274
1984 1.6344419205258274
1985 1.6344419205258274
1986 2.7358545281157123
1987 2.7358545281157123
1988 2.7358545281157123
1989 2.7026007667147383
1990 2.7026007667147383
1991 2.7026007667147383
1992 1.4902005203281359
1993 1.4902005203281359
1994 1.4902005203281359
1995 3.4237603336767544
1996 3.4237603336767544
1997 3.4237603336767544
1998 2.424345751019792
1999 2.424345751019792
