0 3.606358301729151
1 3.606358301729151
2 2.101684376536412
3 2.101684376536412
4 3.201719892073958
5 3.201719892073958
6 2.8953761190399203
7 2.8953761190399203
8 3.8835123876051894
9 3.8835123876051894
10 3.405823121817463
11 3.405823121817463
12 1.9000112529878217
13 1.9000112529878217
14 2.6856427819006727
15 2.6856427819006727
16 2.037187092272687
17 2.037187092272687
18 1.918232786599709
19 1.918232786599709
20 1.5536096431375503
21 1.5536096431375503
22 1.4083243706604325
23 1.4083243706604325
24 1.8107070570163522
25 1.8107070570163522
26 2.194192244940207
27 2.194192244940207
28 1.588767521782417
29 1.588767521782417
30 2.1207769049771383
31 2.1207769049771383
32 2.8846490360813135
33 2.8846490360813135
34 1.8855925897485186
35 1.8855925897485186
36 2.0119292589131907
37 2.0119292589131907
38 1.408687485599119
39 1.408687485599119
40 1.5353085803703086
41 1.5353085803703086
42 1.904258045383288
43 1.904258045383288
44 2.000764857295462
45 2.000764857295462
46 2.588542334983753
47 2.588542334983753
48 2.1389940972405013
49 2.1389940972405013
50 1.758921303420938
51 1.758921303420938
52 1.6905008307108946
53 1.6905008307108946
54 2.107962502878408
55 2.107962502878408
56 2.0120196910756243
57 2.0120196910756243
58 1.8958650199007232
59 1.8958650199007232
60 1.4571380209259925
61 1.4571380209259925
62 2.4788582559423538
63 2.4788582559423538
64 2.3389828543737274
65 2.3389828543737274
66 1.17782909494653
67 1.17782909494653
68 2.4338973448596564
69 1.9366973060308934
70 1.9366973060308934
71 1.2083208799371357
72 1.2083208799371357
73 1.5551290631695172
74 1.5551290631695172
75 3.5680223285607937
76 3.5680223285607937
77 4.143281195228075
78 4.143281195228075
79 4.137782991434468
80 4.137782991434468
81 2.751503989635767
82 2.751503989635767
83 3.9028820041888723
84 3.9028820041888723
85 4.492783360711336
86 4.492783360711336
87 2.331052142854232
88 2.331052142854232
89 3.020078768824037
90 3.020078768824037
91 2.3245554563920687
92 2.3245554563920687
93 3.29412839840311
94 3.29412839840311
95 2.8137006484278766
96 2.8137006484278766
97 3.5103788745714555
98 3.5103788745714555
99 3.4681293894969842
100 3.4681293894969842
101 3.4018736562906575
102 3.4018736562906575
103 3.442835874951908
104 3.442835874951908
105 3.629060805343394
106 3.629060805343394
107 3.065515240211679
108 3.065515240211679
109 3.4224022498473383
110 3.4224022498473383
111 3.0398360989616817
112 3.0398360989616817
113 4.633012905723171
114 4.633012905723171
115 3.7256382458828488
116 3.7256382458828488
117 2.9581609928493195
118 2.9581609928493195
119 1.954297302555579
120 1.954297302555579
121 4.06084856373973
122 4.06084856373973
123 2.4940883304046197
124 2.4940883304046197
125 2.9290326143491594
126 2.9290326143491594
127 3.454463622124112
128 3.454463622124112
129 3.5322007893360685
130 3.5322007893360685
131 4.0667763266297445
132 4.0667763266297445
133 4.527069315316352
134 4.527069315316352
135 3.765850460442904
136 3.765850460442904
137 1.9393823454581285
138 1.9393823454581285
139 3.1338216970259483
140 3.1338216970259483
141 2.6815881959052073
142 2.6815881959052073
143 1.3326529822966577
144 1.3326529822966577
145 2.368770909622926
146 2.368770909622926
147 4.3412885735246025
148 4.3412885735246025
149 3.052880998499054
150 3.052880998499054
151 3.0581781653397555
152 3.0581781653397555
153 3.3323899523322105
154 3.3323899523322105
155 2.071189039967874
156 2.071189039967874
157 2.6533091637737316
158 2.6533091637737316
159 3.758524390201729
160 3.758524390201729
161 3.232169209494222
162 3.232169209494222
163 3.341662766011354
164 3.341662766011354
165 3.384550490717542
166 3.384550490717542
167 2.8048763589813737
168 2.8048763589813737
169 2.988593094774259
170 2.988593094774259
171 2.926358415649229
172 2.926358415649229
173 3.532014942952395
174 3.532014942952395
175 3.0642960451470156
176 3.0642960451470156
177 3.755831551979027
178 3.755831551979027
179 2.775394691591382
180 2.775394691591382
181 2.534212905949453
182 2.534212905949453
183 2.2073324751986005
184 4.483102621429802
185 4.483102621429802
186 3.9424131452273947
187 3.9424131452273947
188 4.277068748977164
189 4.277068748977164
190 3.4398709718733884
191 3.4398709718733884
192 4.83701376845776
193 4.83701376845776
194 4.009400324094305
195 4.009400324094305
196 2.694453880155726
197 2.694453880155726
198 4.158743710070446
199 4.158743710070446
200 2.824010252259225
201 2.824010252259225
202 4.94030461923718
203 4.94030461923718
204 1.3793650887632616
205 1.3793650887632616
206 1.2453404068651492
207 1.2453404068651492
208 1.185640803388732
209 1.185640803388732
210 0.9946947443777641
211 0.9946947443777641
212 0.8128350845031844
213 0.8128350845031844
214 1.299863196895597
215 1.299863196895597
216 1.0576242765908712
217 1.0576242765908712
218 1.1094868019695285
219 1.1094868019695285
220 0.8172019439186319
221 4.685763043792075
222 4.685763043792075
223 2.148421423625262
224 2.148421423625262
225 4.040579124236721
226 4.040579124236721
227 3.9706344671122946
228 3.9706344671122946
229 3.4688518106145927
230 3.4688518106145927
231 2.917610373200794
232 2.917610373200794
233 3.9876912548785626
234 3.9876912548785626
235 1.9718862974067366
236 1.9718862974067366
237 3.1621927542923873
238 3.1621927542923873
239 2.8808081859342236
240 2.8808081859342236
241 3.035500450205782
242 3.035500450205782
243 4.8459216179162325
244 4.8459216179162325
245 1.8709238394607977
246 1.1721018045516094
247 1.1721018045516094
248 1.2162495718662594
249 1.2162495718662594
250 0.6929360118332074
251 0.6929360118332074
252 1.1996212173769132
253 1.1996212173769132
254 1.5261782330871705
255 1.5261782330871705
256 0.8168680560753605
257 4.074592553253037
258 4.074592553253037
259 2.508976435585316
260 2.508976435585316
261 2.1359556330335963
262 2.1359556330335963
263 2.853095287026629
264 2.853095287026629
265 3.3293856771237924
266 3.3293856771237924
267 3.927600419830656
268 3.927600419830656
269 2.8845720390827063
270 2.8845720390827063
271 1.95076812692795
272 1.95076812692795
273 3.447987853780974
274 3.447987853780974
275 1.0262393658497353
276 1.0262393658497353
277 0.6985677452117647
278 0.6985677452117647
279 1.005894181716433
280 1.005894181716433
281 3.3066611791798177
282 3.3066611791798177
283 4.003084062177396
284 4.003084062177396
285 3.852739701105829
286 3.852739701105829
287 6.016732087114404
288 6.016732087114404
289 3.773699417193145
290 3.773699417193145
291 2.6029969358011544
292 2.6029969358011544
293 3.817416504008914
294 3.817416504008914
295 4.677778276791248
296 4.677778276791248
297 3.2532294584218278
298 3.2532294584218278
299 2.7812899724845694
300 2.7812899724845694
301 4.722414787912838
302 4.722414787912838
303 3.085104987986675
304 1.227157643202166
305 1.227157643202166
306 0.9069138422491129
307 0.9069138422491129
308 1.3894787828630177
309 1.3894787828630177
310 1.466614927894919
311 1.466614927894919
312 0.9829526510365354
313 0.9829526510365354
314 1.0871709600064996
315 1.0871709600064996
316 1.455784220015374
317 1.455784220015374
318 1.2331763881566047
319 1.2331763881566047
320 1.4394353564792486
321 1.4394353564792486
322 1.1608552079249455
323 1.1608552079249455
324 0.7653830122513086
325 0.7653830122513086
326 1.3434036957297961
327 2.994742855133897
328 2.994742855133897
329 2.4907117520305615
330 2.4907117520305615
331 3.643926764230016
332 3.643926764230016
333 3.1191346737625327
334 3.1191346737625327
335 3.637184714487614
336 3.637184714487614
337 3.543463829052602
338 3.543463829052602
339 4.782301449299417
340 0.6890185043367515
341 0.6890185043367515
342 0.6167833297820313
343 0.6167833297820313
344 0.7831539086563245
345 1.0960321389413155
346 1.0960321389413155
347 1.0894962099108503
348 1.0894962099108503
349 0.6199277448172396
350 0.6199277448172396
351 1.007841925403887
352 1.007841925403887
353 1.1071018164447968
354 1.1071018164447968
355 0.6399683967335442
356 0.6399683967335442
357 0.950291315644127
358 0.950291315644127
359 1.2605672438785658
360 1.2605672438785658
361 1.030323021868019
362 1.030323021868019
363 0.624622399533795
364 0.624622399533795
365 1.0518031441137898
366 1.0518031441137898
367 0.982101117428016
368 0.982101117428016
369 1.4171409458241275
370 1.4171409458241275
371 0.8470904705017693
372 0.8470904705017693
373 0.9673334345042559
374 0.9673334345042559
375 0.8777394439577203
376 0.8777394439577203
377 1.4297260567582557
378 1.4297260567582557
379 1.4606413915891352
380 1.4606413915891352
381 1.0590933063142989
382 1.0590933063142989
383 1.0288166987376606
384 1.0288166987376606
385 1.1329825200695252
386 1.1329825200695252
387 1.1467174934761872
388 1.1467174934761872
389 1.4610104250161355
390 1.4610104250161355
391 1.2438440714546175
392 1.2438440714546175
393 1.1014151531471206
394 1.1014151531471206
395 0.4759651664836162
396 0.4759651664836162
397 1.1042673513361754
398 1.1042673513361754
399 1.2176885699396864
400 1.2176885699396864
401 1.4643158917737793
402 1.4643158917737793
403 1.2711022344813003
404 1.2711022344813003
405 0.9549506499132272
406 0.9549506499132272
407 1.449411663912039
408 1.449411663912039
409 1.4071775318912176
410 1.4071775318912176
411 0.88784483268365
412 0.88784483268365
413 1.176688453170231
414 1.176688453170231
415 1.0096117396662818
416 1.0096117396662818
417 1.3601692480770418
418 1.3601692480770418
419 1.0020562782179905
420 1.0020562782179905
421 1.3327945526506344
422 3.5205377392283914
423 3.5205377392283914
424 5.8625237373691945
425 5.8625237373691945
426 4.958479226987659
427 4.052046515489553
428 4.052046515489553
429 4.558439493343673
430 4.558439493343673
431 4.202995237468439
432 4.202995237468439
433 4.0941615821608135
434 4.0941615821608135
435 2.946903576935348
436 2.946903576935348
437 4.9681060320946875
438 4.9681060320946875
439 5.452961861482695
440 5.452961861482695
441 4.60185826061715
442 4.60185826061715
443 2.62522527409263
444 2.62522527409263
445 3.43060208579432
446 3.43060208579432
447 5.148272945776995
448 5.148272945776995
449 3.379897930342037
450 3.379897930342037
451 5.93918239946195
452 5.93918239946195
453 2.722384575456299
454 2.722384575456299
455 4.075462728901895
456 4.075462728901895
457 5.361967617774281
458 5.361967617774281
459 3.4349470653606446
460 3.4349470653606446
461 3.3937015688165246
462 3.3937015688165246
463 4.322391435029617
464 4.322391435029617
465 3.6918879481019227
466 3.6918879481019227
467 4.507190383815634
468 4.507190383815634
469 2.7395231167677507
470 2.7395231167677507
471 2.592868210363869
472 2.592868210363869
473 3.3979402112495647
474 3.3979402112495647
475 4.338224879208595
476 4.338224879208595
477 3.35264302836071
478 3.35264302836071
479 2.846027967004123
480 2.846027967004123
481 3.0460295951668774
482 3.0460295951668774
483 1.179393449737473
484 1.179393449737473
485 0.9238868341228624
486 0.9238868341228624
487 0.7683566039776374
488 1.7629800532550137
489 1.7629800532550137
490 1.559708027686805
491 1.559708027686805
492 3.6560140303349753
493 3.6560140303349753
494 3.868806366132579
495 3.2584908838461595
496 3.2584908838461595
497 3.4004846305663117
498 3.4004846305663117
499 3.85720320452032
500 3.85720320452032
501 3.1589622504388886
502 3.1589622504388886
503 3.1918406489671574
504 3.1918406489671574
505 1.8103355539999009
506 1.8103355539999009
507 2.8255702502830857
508 2.8255702502830857
509 0.5096064804315862
510 0.5096064804315862
511 0.7474817539222819
512 0.7474817539222819
513 0.7294973853605259
514 0.7294973853605259
515 0.7374595003180883
516 0.7374595003180883
517 0.48038735935203936
518 0.48038735935203936
519 0.9536180787832778
520 0.9536180787832778
521 0.644433297446149
522 0.644433297446149
523 0.7580690612590333
524 0.7580690612590333
525 0.6816768318205424
526 0.6816768318205424
527 0.42364528133103163
528 0.42364528133103163
529 0.7144773022119055
530 0.7144773022119055
531 0.8549175208147596
532 0.8549175208147596
533 0.6093805637557871
534 0.6093805637557871
535 0.4666804726810575
536 0.4666804726810575
537 0.42798446488029707
538 0.42798446488029707
539 0.6242017316806674
540 0.6242017316806674
541 0.5734435806943949
542 0.5734435806943949
543 0.43568553534317467
544 0.43568553534317467
545 0.717894235131557
546 0.717894235131557
547 0.794233131583171
548 0.794233131583171
549 0.7444776460756686
550 0.7444776460756686
551 0.5375667127218771
552 0.5375667127218771
553 0.7952880436032912
554 0.7952880436032912
555 0.39871981481245444
556 0.39871981481245444
557 0.6158132081051413
558 0.6158132081051413
559 0.5671451249047929
560 0.5671451249047929
561 0.6383006328046995
562 0.6383006328046995
563 0.5568612682472324
564 0.5568612682472324
565 0.6453330795224269
566 1.7098682484289616
567 1.7098682484289616
568 3.6528384401265828
569 3.6528384401265828
570 3.4379944624818157
571 3.4379944624818157
572 4.431525102483588
573 4.431525102483588
574 2.8066871683101615
575 2.8066871683101615
576 3.0717833699950496
577 3.0717833699950496
578 3.359022766086458
579 3.359022766086458
580 2.7281772278695877
581 2.7281772278695877
582 2.7186886173380422
583 2.7186886173380422
584 3.3961736536035425
585 3.3961736536035425
586 5.209780932101747
587 5.209780932101747
588 5.458251364698587
589 5.458251364698587
590 4.566043153100849
591 4.566043153100849
592 3.674529002701103
593 3.674529002701103
594 3.9725581830106362
595 3.9725581830106362
596 1.7089970553810256
597 1.7089970553810256
598 2.951672694379105
599 2.951672694379105
600 3.987314679004395
601 3.987314679004395
602 3.968512647956599
603 3.968512647956599
604 4.5148864260713815
605 4.5148864260713815
606 3.083311254034464
607 3.083311254034464
608 3.252175088051982
609 3.252175088051982
610 4.411297801399096
611 4.411297801399096
612 3.0950148458598963
613 3.0950148458598963
614 4.388166576881903
615 4.388166576881903
616 0.6676223863813777
617 0.6676223863813777
618 0.7650256852548962
619 0.7650256852548962
620 0.34964820746858266
621 0.34964820746858266
622 0.3696447720295421
623 0.3696447720295421
624 0.6352026446623527
625 0.6352026446623527
626 0.6716390925610393
627 0.6716390925610393
628 0.520187167820553
629 0.520187167820553
630 0.6909099651039133
631 0.6909099651039133
632 0.7268940834887105
633 0.7268940834887105
634 0.7367455573610862
635 0.7367455573610862
636 0.47464925196631585
637 0.47464925196631585
638 0.732468904925502
639 0.732468904925502
640 0.7223563376419021
641 0.7223563376419021
642 0.6905603053384785
643 0.6905603053384785
644 0.4555635313796071
645 0.4555635313796071
646 0.4636588054640119
647 0.4636588054640119
648 0.7571828750611318
649 0.7571828750611318
650 0.6817338610372603
651 0.6817338610372603
652 0.7857891851446753
653 0.7857891851446753
654 0.6679228513695792
655 0.6679228513695792
656 0.6459414987471245
657 0.6459414987471245
658 0.5839848392242519
659 0.5839848392242519
660 0.5711591882349136
661 0.5711591882349136
662 0.7697440422476738
663 0.7697440422476738
664 0.3878367979084828
665 0.3878367979084828
666 0.5640315886641482
667 0.5640315886641482
668 0.607157048834069
669 0.607157048834069
670 0.6119116247413275
671 0.6119116247413275
672 0.580041971872559
673 0.580041971872559
674 0.6672138142285912
675 0.6672138142285912
676 0.7621498207574299
677 0.7621498207574299
678 0.4723773693114962
679 0.4723773693114962
680 0.79279224712081
681 0.79279224712081
682 0.7186796203548071
683 0.7186796203548071
684 0.3761078575602907
685 0.3761078575602907
686 0.9810196947435703
687 0.9810196947435703
688 0.9087124931320885
689 0.9087124931320885
690 0.957539753054711
691 0.957539753054711
692 0.5572789655179513
693 0.5572789655179513
694 0.7503899796490999
695 0.7503899796490999
696 0.607834582272253
697 0.607834582272253
698 0.7629193008260567
699 0.7629193008260567
700 0.6222886457489454
701 0.6222886457489454
702 0.6664373888935649
703 0.6664373888935649
704 0.538867320071505
705 0.538867320071505
706 0.7457132207615703
707 0.7457132207615703
708 0.9705235288416618
709 0.9705235288416618
710 0.610555523788894
711 0.610555523788894
712 0.9938781857029213
713 0.9938781857029213
714 0.7808139093572141
715 0.7808139093572141
716 0.7226047466791815
717 0.7226047466791815
718 0.6149085879222138
719 0.6149085879222138
720 0.48322761275571563
721 0.48322761275571563
722 0.570937825940318
723 0.570937825940318
724 0.6674566794446282
725 0.6674566794446282
726 0.6277374047853151
727 0.6277374047853151
728 0.27331939554356355
729 0.27331939554356355
730 0.6228003075991015
731 0.6228003075991015
732 0.4808609971669471
733 0.4808609971669471
734 0.788004435250851
735 0.788004435250851
736 0.4023416322644286
737 0.4023416322644286
738 0.49179845661976174
739 0.49179845661976174
740 0.5025894627624363
741 0.5025894627624363
742 0.6458463767431707
743 0.6458463767431707
744 1.0565428127663083
745 1.0565428127663083
746 4.130261903769679
747 4.130261903769679
748 2.0941944258676823
749 2.0941944258676823
750 3.734978871856392
751 3.734978871856392
752 2.378375779081805
753 2.378375779081805
754 3.2864760163397175
755 3.2864760163397175
756 2.895283222233589
757 2.895283222233589
758 1.5903972901816847
759 1.5903972901816847
760 3.1486122003231096
761 3.1486122003231096
762 2.501637577594273
763 2.501637577594273
764 3.336012494764092
765 3.336012494764092
766 3.6012643788052316
767 3.6012643788052316
768 2.554949143971282
769 2.554949143971282
770 2.987121957244392
771 2.987121957244392
772 2.6527635524651054
773 2.6527635524651054
774 2.609270186800136
775 2.609270186800136
776 2.992204171976104
777 2.992204171976104
778 3.3669969580828663
779 3.3669969580828663
780 1.0656565096882498
781 1.0656565096882498
782 1.2707531449858547
783 1.2707531449858547
784 0.7942853766640292
785 0.7942853766640292
786 1.5667760741743124
787 1.5667760741743124
788 0.8386891510236624
789 0.8386891510236624
790 1.64613346859159
791 1.64613346859159
792 0.8003300651194938
793 0.7083428604915096
794 0.7083428604915096
795 0.6361753563016593
796 0.6361753563016593
797 0.5636377005330231
798 0.5636377005330231
799 0.5513761037486239
800 0.5513761037486239
801 0.7201222060780541
802 0.7201222060780541
803 0.6598766793386608
804 0.6598766793386608
805 0.6262052911239614
806 0.6262052911239614
807 0.6793641370925781
808 0.6793641370925781
809 0.4920127063153785
810 0.4920127063153785
811 4.3081518575007625
812 4.3081518575007625
813 3.9590016113617965
814 3.9590016113617965
815 2.9568052026143268
816 2.9568052026143268
817 4.018897533959234
818 4.018897533959234
819 4.4297934604058735
820 4.4297934604058735
821 4.365658622591932
822 4.365658622591932
823 4.024483366935775
824 4.024483366935775
825 3.1340737481769954
826 3.1340737481769954
827 3.671844006600373
828 3.671844006600373
829 3.828559721977347
830 0.7490263058177166
831 0.7490263058177166
832 1.0523715220018777
833 1.0523715220018777
834 1.2855398669238844
835 1.2855398669238844
836 0.7242693858738118
837 0.7242693858738118
838 1.5481979500888652
839 1.5481979500888652
840 0.913558104396545
841 0.913558104396545
842 1.3939229360915126
843 1.3939229360915126
844 0.7990848542745139
845 0.7990848542745139
846 1.2552910136992868
847 1.2552910136992868
848 1.5253713781765148
849 1.5253713781765148
850 1.538855280992351
851 1.538855280992351
852 1.3019361609076974
853 1.3019361609076974
854 0.54357229356048
855 0.54357229356048
856 0.9196106435866688
857 0.9196106435866688
858 0.7699927112545262
859 0.7699927112545262
860 1.2250661028861103
861 1.2250661028861103
862 1.3740615359010746
863 1.3740615359010746
864 1.2542795332883527
865 1.2542795332883527
866 0.923467171986194
867 0.923467171986194
868 0.7895624879198717
869 0.7895624879198717
870 1.392042845775584
871 1.392042845775584
872 0.7893232201681825
873 0.7893232201681825
874 1.4360403629192797
875 1.4360403629192797
876 1.5096292805698526
877 1.5096292805698526
878 1.0489254537000168
879 1.0489254537000168
880 1.4742448627609375
881 1.4742448627609375
882 0.9694052261319117
883 0.9694052261319117
884 0.789038738538707
885 0.789038738538707
886 1.1738652190062802
887 1.1738652190062802
888 1.087832085860155
889 1.087832085860155
890 0.8577332097226558
891 0.8577332097226558
892 1.0830997678792187
893 1.0830997678792187
894 1.036843573866336
895 1.036843573866336
896 3.616466952664964
897 3.616466952664964
898 3.3847060842033967
899 3.3847060842033967
900 3.609009361210449
901 3.609009361210449
902 3.9446344719770035
903 3.9446344719770035
904 2.7910043092824313
905 2.7910043092824313
906 4.786834425600028
907 4.786834425600028
908 2.9476979077249097
909 2.9476979077249097
910 3.953862801130537
911 3.953862801130537
912 4.1090506146132935
913 4.1090506146132935
914 4.83912182586617
915 4.83912182586617
916 2.8966767558144357
917 2.8966767558144357
918 4.531360506862482
919 4.531360506862482
920 1.577572023781809
921 1.577572023781809
922 4.080480317887906
923 4.0584375123157095
924 4.0584375123157095
925 3.2481560955955366
926 3.2481560955955366
927 2.473433834079489
928 2.473433834079489
929 6.017634043571612
930 6.017634043571612
931 3.1200743253673977
932 3.1200743253673977
933 3.9262131868319514
934 3.9262131868319514
935 4.220159954754441
936 4.220159954754441
937 4.2153779705009775
938 4.2153779705009775
939 4.300137321636752
940 4.300137321636752
941 3.356746228344005
942 3.356746228344005
943 4.516785785548723
944 4.516785785548723
945 4.025423940783908
946 4.025423940783908
947 3.784840258920622
948 3.784840258920622
949 5.230869658113431
950 5.230869658113431
951 2.6085717726471978
952 2.6085717726471978
953 4.397305579525896
954 4.397305579525896
955 3.6079659776427335
956 3.6079659776427335
957 4.259455723499164
958 4.259455723499164
959 4.423271138149018
960 4.423271138149018
961 2.342369770290981
962 2.342369770290981
963 3.1980561414432866
964 3.1980561414432866
965 4.462632943442987
966 4.462632943442987
967 2.751062952303357
968 2.751062952303357
969 4.322914171943593
970 4.322914171943593
971 4.892720488000542
972 4.892720488000542
973 5.762607984945573
974 5.762607984945573
975 3.719859701730921
976 3.719859701730921
977 4.063111731290151
978 4.063111731290151
979 4.684763486302314
980 4.684763486302314
981 4.273506266296922
982 4.273506266296922
983 4.169448115167743
984 4.169448115167743
985 3.7051277707511683
986 3.7051277707511683
987 2.223690586596531
988 2.223690586596531
989 3.5177603111305147
990 0.9183176310953299
991 0.9183176310953299
992 1.0225892599113682
993 1.0225892599113682
994 1.0920648894952738
995 1.0920648894952738
996 1.2845282779650131
997 1.2845282779650131
998 0.935219184642765
999 0.935219184642765
1000 0.821475001085221
1001 0.821475001085221
1002 1.0662669211131937
1003 1.0662669211131937
1004 0.8883266958217546
1005 0.8883266958217546
1006 1.4456426131389386
1007 1.4456426131389386
1008 0.9527754534331991
1009 0.9527754534331991
1010 1.3885952723523671
1011 1.3885952723523671
1012 0.8041622845923151
1013 0.8041622845923151
1014 1.5359190052621874
1015 1.5359190052621874
1016 1.2783747916563621
1017 1.2783747916563621
1018 1.0417037944903624
1019 1.0417037944903624
1020 0.6090968691969478
1021 0.6090968691969478
1022 0.7805478084639175
1023 0.7805478084639175
1024 1.6735871367905963
1025 1.6735871367905963
1026 0.7517180970817184
1027 0.7517180970817184
1028 0.9629626787053791
1029 0.9629626787053791
1030 1.0066034016305418
1031 1.0066034016305418
1032 0.9025854390131607
1033 0.9025854390131607
1034 1.942965221150551
1035 1.942965221150551
1036 3.485850599543238
1037 3.485850599543238
1038 1.8700252396863788
1039 1.8700252396863788
1040 1.2896180559206678
1041 1.2896180559206678
1042 2.710876315640247
1043 2.710876315640247
1044 2.5803822951561717
1045 2.5803822951561717
1046 1.1539474318459357
1047 1.1539474318459357
1048 2.214421170500072
1049 2.214421170500072
1050 1.4032850304967805
1051 1.4032850304967805
1052 2.1275783851948487
1053 2.1275783851948487
1054 2.2840795371257654
1055 2.2840795371257654
1056 1.873371654432381
1057 1.873371654432381
1058 2.468850055911842
1059 2.468850055911842
1060 1.589394341864222
1061 1.589394341864222
1062 1.9340368829199417
1063 1.9340368829199417
1064 2.1592750626275268
1065 2.1592750626275268
1066 2.1837668626954967
1067 2.1837668626954967
1068 2.284526171459917
1069 2.284526171459917
1070 2.2400501022044903
1071 2.2400501022044903
1072 1.6312031488127556
1073 1.6312031488127556
1074 2.1264402462083742
1075 2.1264402462083742
1076 1.7310054493191593
1077 1.7310054493191593
1078 2.4141098234815446
1079 2.4141098234815446
1080 2.387475218038878
1081 2.387475218038878
1082 1.6480722510214119
1083 1.6480722510214119
1084 2.8762860209967034
1085 2.8762860209967034
1086 1.7927995101481935
1087 1.7927995101481935
1088 2.376224218221937
1089 2.376224218221937
1090 2.4568516223577133
1091 2.4568516223577133
1092 2.4349634172340835
1093 2.4349634172340835
1094 1.0667576762747117
1095 4.762507557316689
1096 4.762507557316689
1097 4.1680555961624535
1098 4.1680555961624535
1099 1.9997637821323042
1100 1.9997637821323042
1101 3.324102042501954
1102 3.324102042501954
1103 4.015489642617931
1104 4.015489642617931
1105 4.490516328407741
1106 4.490516328407741
1107 4.066201960300273
1108 4.066201960300273
1109 3.792836184762698
1110 3.792836184762698
1111 3.9117818623142258
1112 3.9117818623142258
1113 4.332749730604741
1114 4.332749730604741
1115 3.0184668225037403
1116 3.0184668225037403
1117 2.7690279551116337
1118 2.7690279551116337
1119 4.3866010042238
1120 4.3866010042238
1121 3.7801724714836604
1122 3.7801724714836604
1123 4.475855697298488
1124 4.475855697298488
1125 2.723116981597547
1126 2.6080659861918933
1127 2.6080659861918933
1128 3.0766939191077403
1129 3.0766939191077403
1130 2.798367244203692
1131 2.798367244203692
1132 2.9367737260781306
1133 2.9367737260781306
1134 1.9676325352930555
1135 1.9676325352930555
1136 2.5168794550055504
1137 2.5168794550055504
1138 1.9064561481230213
1139 1.9064561481230213
1140 2.449354581405133
1141 2.449354581405133
1142 2.834053002654569
1143 2.834053002654569
1144 2.908531998415618
1145 2.908531998415618
1146 2.459968692904114
1147 2.459968692904114
1148 1.6980978440859436
1149 1.6980978440859436
1150 2.5868982847980075
1151 2.5868982847980075
1152 2.4440578458894775
1153 2.4440578458894775
1154 2.6966463265782483
1155 0.46213288380483797
1156 0.46213288380483797
1157 0.8433145476433463
1158 0.8433145476433463
1159 2.572783299500955
1160 2.572783299500955
1161 2.6494597934277166
1162 2.6494597934277166
1163 1.71662331202532
1164 1.71662331202532
1165 1.5714349355082107
1166 1.5714349355082107
1167 2.6907394058202643
1168 2.6907394058202643
1169 2.889963926600004
1170 2.889963926600004
1171 3.3807321849450913
1172 3.3807321849450913
1173 2.514105627078008
1174 2.514105627078008
1175 2.2267829567255744
1176 2.2267829567255744
1177 2.5558576394546293
1178 2.5558576394546293
1179 1.6744973448372906
1180 1.6744973448372906
1181 3.0109349525220663
1182 3.0109349525220663
1183 2.6588496846489322
1184 2.6588496846489322
1185 1.6365048702812848
1186 1.6365048702812848
1187 2.172420739527255
1188 2.172420739527255
1189 1.966044099873701
1190 1.966044099873701
1191 4.128711091954701
1192 4.128711091954701
1193 2.095576437789208
1194 2.095576437789208
1195 2.596537736078497
1196 2.596537736078497
1197 3.0652730154846566
1198 3.0652730154846566
1199 3.378195407132213
1200 3.378195407132213
1201 2.0479056793610915
1202 2.0479056793610915
1203 3.1375813296452284
1204 3.1375813296452284
1205 2.8361524597786723
1206 2.735770987655509
1207 2.735770987655509
1208 2.2912088320732624
1209 2.2912088320732624
1210 1.5030238216020946
1211 1.5030238216020946
1212 2.432466504658472
1213 2.432466504658472
1214 2.293947609782853
1215 2.293947609782853
1216 1.5275981789089794
1217 1.5275981789089794
1218 2.129230934307322
1219 0.13784772262012035
1220 0.13784772262012035
1221 0.14368210523800207
1222 0.14368210523800207
1223 0.1259605134974703
1224 0.1259605134974703
1225 0.25824071529214393
1226 0.25824071529214393
1227 0.1744275524959008
1228 0.1744275524959008
1229 0.20681742919689922
1230 0.20681742919689922
1231 0.1867314097044438
1232 0.1867314097044438
1233 0.1648942545281701
1234 0.1648942545281701
1235 0.1884202240360106
1236 0.1884202240360106
1237 0.2005511393606792
1238 0.2005511393606792
1239 0.1
1240 0.1
1241 0.2832208574106558
1242 0.2832208574106558
1243 0.19716321236904166
1244 0.19716321236904166
1245 0.16274048481152548
1246 0.16274048481152548
1247 0.2172594368365811
1248 0.2172594368365811
1249 0.2280718457822692
1250 0.2280718457822692
1251 0.22043104953129553
1252 0.22043104953129553
1253 0.24705351523503805
1254 0.24705351523503805
1255 0.29425721177779757
1256 0.29425721177779757
1257 1.7808634445696674
1258 1.7808634445696674
1259 1.3060368475778483
1260 1.3060368475778483
1261 1.320171713221096
1262 1.320171713221096
1263 1.1331059297137833
1264 1.1331059297137833
1265 1.8393893065165627
1266 1.8393893065165627
1267 1.5108306315996136
1268 1.5108306315996136
1269 1.206143857359336
1270 1.206143857359336
1271 1.9788320476064145
1272 1.9788320476064145
1273 1.527738242786812
1274 1.527738242786812
1275 1.8884437371908547
1276 1.8884437371908547
1277 2.0185038310204058
1278 2.0185038310204058
1279 1.7022080669154451
1280 1.7022080669154451
1281 1.1082836085635452
1282 1.1082836085635452
1283 1.6734119705901678
1284 1.6734119705901678
1285 2.1369567328009484
1286 2.1369567328009484
1287 2.4240208712386053
1288 2.4240208712386053
1289 1.478159981171855
1290 1.478159981171855
1291 1.5630389637186946
1292 1.5630389637186946
1293 1.7715586154389507
1294 1.7715586154389507
1295 1.4802959953392625
1296 1.4802959953392625
1297 1.7711800686325532
1298 1.7711800686325532
1299 1.53824317433225
1300 1.53824317433225
1301 1.6628080616087186
1302 1.6628080616087186
1303 0.7804253532899719
1304 0.7804253532899719
1305 1.2574519371337858
1306 1.2574519371337858
1307 1.5926570928801207
1308 1.5926570928801207
1309 1.254042438364005
1310 1.254042438364005
1311 1.9942766986973426
1312 1.9942766986973426
1313 1.6884795819735334
1314 1.6884795819735334
1315 0.5753962508335335
1316 0.5753962508335335
1317 1.100322373193792
1318 1.100322373193792
1319 1.0915490217290698
1320 1.0915490217290698
1321 1.6694003408665552
1322 1.6694003408665552
1323 1.6658265864527044
1324 1.6658265864527044
1325 1.8138949207500885
1326 1.8138949207500885
1327 2.68144284400622
1328 2.68144284400622
1329 1.3240716323949655
1330 1.3240716323949655
1331 1.3859655856024589
1332 1.3859655856024589
1333 2.0529389975386394
1334 0.7819224438406709
1335 0.7819224438406709
1336 0.8186305941390396
1337 0.8186305941390396
1338 0.4757733358750965
1339 0.4757733358750965
1340 0.46252934846428706
1341 0.46252934846428706
1342 0.6595615760615451
1343 0.6595615760615451
1344 0.8088625347884908
1345 0.8088625347884908
1346 0.635449625903916
1347 0.635449625903916
1348 0.3221019630627111
1349 0.3221019630627111
1350 0.3339199722505261
1351 0.3339199722505261
1352 0.6902235457019106
1353 0.6902235457019106
1354 0.8475615955364032
1355 0.8475615955364032
1356 0.394712499295986
1357 0.394712499295986
1358 0.4954632218469153
1359 0.4954632218469153
1360 0.4285697864302356
1361 0.4285697864302356
1362 0.7879566675727847
1363 0.7879566675727847
1364 0.7223219823142768
1365 0.7223219823142768
1366 0.8011881453975238
1367 0.8011881453975238
1368 0.9051255894593614
1369 0.9051255894593614
1370 0.730962339961566
1371 0.730962339961566
1372 0.8576199312129016
1373 0.8576199312129016
1374 0.5915984136792273
1375 0.5915984136792273
1376 0.5782762543597689
1377 0.5782762543597689
1378 0.7029663659901618
1379 0.7029663659901618
1380 0.8144544093694761
1381 0.8144544093694761
1382 0.6975147627216741
1383 0.6975147627216741
1384 0.4777952305355302
1385 0.4777952305355302
1386 0.49483753159051264
1387 0.49483753159051264
1388 0.596389667938125
1389 0.596389667938125
1390 0.5757708780869575
1391 0.5757708780869575
1392 0.5868597562189233
1393 0.5868597562189233
1394 0.5394024043347162
1395 0.5394024043347162
1396 0.7560383251894801
1397 0.7560383251894801
1398 0.8797299328541378
1399 0.8797299328541378
1400 0.8273223365711777
1401 0.8273223365711777
1402 0.5414906710725447
1403 0.5414906710725447
1404 0.7671630345902988
1405 0.7671630345902988
1406 0.4969867443110555
1407 0.4969867443110555
1408 0.5570202752509723
1409 0.5570202752509723
1410 0.8185610673569037
1411 0.8185610673569037
1412 0.4779495875382215
1413 0.4779495875382215
1414 0.6035363071239308
1415 0.6035363071239308
1416 0.7449971817606684
1417 0.7449971817606684
1418 0.5926371825934198
1419 0.5926371825934198
1420 0.7987043901379391
1421 0.7987043901379391
1422 0.6705167111536879
1423 0.6705167111536879
1424 0.8128810266249075
1425 0.8128810266249075
1426 0.7980036150505879
1427 0.7980036150505879
1428 0.585545313489142
1429 0.585545313489142
1430 2.2997681401871963
1431 2.2997681401871963
1432 2.240653114692524
1433 2.240653114692524
1434 2.71567131507648
1435 2.71567131507648
1436 2.298694392687691
1437 2.298694392687691
1438 2.5307148562854334
1439 2.5307148562854334
1440 2.2464899157906935
1441 2.2464899157906935
1442 1.7844998873484756
1443 1.7844998873484756
1444 1.414219077115343
1445 1.414219077115343
1446 1.0905452525675152
1447 1.0905452525675152
1448 3.031488056295739
1449 3.031488056295739
1450 2.9914818961419254
1451 2.9914818961419254
1452 2.7642861030029837
1453 2.7642861030029837
1454 2.478852766812615
1455 2.478852766812615
1456 2.003681912626875
1457 2.003681912626875
1458 3.016326432299919
1459 3.016326432299919
1460 3.0717526489169864
1461 3.0717526489169864
1462 1.8531328593848855
1463 1.8531328593848855
1464 2.959507526889837
1465 2.959507526889837
1466 2.4369675230094283
1467 2.4369675230094283
1468 1.9989360460612025
1469 1.9989360460612025
1470 1.9212761982080973
1471 1.9212761982080973
1472 1.8452463040163338
1473 1.8452463040163338
1474 2.4510697826587156
1475 2.4510697826587156
1476 3.0511358180721952
1477 3.0511358180721952
1478 2.3954633284946536
1479 2.3954633284946536
1480 3.0737711688292855
1481 3.0737711688292855
1482 2.590584488304836
1483 2.590584488304836
1484 2.0785393545412827
1485 2.0785393545412827
1486 2.396005030836191
1487 2.396005030836191
1488 3.732099981224578
1489 3.732099981224578
1490 5.145271265059567
1491 5.145271265059567
1492 4.747534552181293
1493 4.747534552181293
1494 5.140674868982319
1495 5.140674868982319
1496 3.9517749574195875
1497 3.9517749574195875
1498 2.113376172881086
1499 2.113376172881086
1500 2.93214343030068
1501 2.93214343030068
1502 4.969664549059964
1503 4.969664549059964
1504 6.159691657160873
1505 6.159691657160873
1506 3.251639949876578
1507 3.251639949876578
1508 4.809753970659863
1509 4.809753970659863
1510 4.668071446044762
1511 4.668071446044762
1512 3.1684104006665477
1513 3.1684104006665477
1514 1.2598410966279023
1515 1.2598410966279023
1516 3.987022790908349
1517 3.987022790908349
1518 2.9044759268860583
1519 2.9044759268860583
1520 5.195037930761452
1521 5.195037930761452
1522 6.353713222330684
1523 6.353713222330684
1524 5.372725556736384
1525 5.372725556736384
1526 3.3906099569837522
1527 3.3906099569837522
1528 3.874192641080114
1529 3.874192641080114
1530 3.7022838661662174
1531 3.7022838661662174
1532 5.536663840734374
1533 5.536663840734374
1534 4.865867140241685
1535 4.865867140241685
1536 3.975408692793856
1537 3.975408692793856
1538 3.744554533999347
1539 3.744554533999347
1540 3.449460720152273
1541 3.449460720152273
1542 2.547537460084715
1543 2.547537460084715
1544 2.123264489546188
1545 2.123264489546188
1546 3.3123430653577985
1547 3.3123430653577985
1548 3.0917083817641293
1549 3.0917083817641293
1550 2.4631673981687587
1551 2.4631673981687587
1552 1.4673066526147969
1553 1.4673066526147969
1554 3.3470884050819945
1555 3.3470884050819945
1556 1.924268796758695
1557 1.924268796758695
1558 2.56070483428062
1559 2.56070483428062
1560 2.9142844847153375
1561 1.3885588047235013
1562 1.3885588047235013
1563 0.7620116058027886
1564 0.7620116058027886
1565 1.0573310341104696
1566 1.0573310341104696
1567 0.8318598995416058
1568 0.8318598995416058
1569 1.099883577511819
1570 1.099883577511819
1571 1.1996603037387743
1572 1.1996603037387743
1573 1.1212973479180421
1574 1.1212973479180421
1575 1.5710636791788906
1576 1.5710636791788906
1577 0.8550302032800968
1578 0.8550302032800968
1579 1.467704667035703
1580 1.467704667035703
1581 1.028541458102641
1582 1.028541458102641
1583 1.2125361722883006
1584 1.2125361722883006
1585 0.5735572897415725
1586 0.5735572897415725
1587 1.0612176965532099
1588 1.0612176965532099
1589 1.2452446445623349
1590 1.2452446445623349
1591 1.1531143901298864
1592 1.1531143901298864
1593 0.9223877002326965
1594 0.9223877002326965
1595 1.188052890725205
1596 1.188052890725205
1597 1.1264757462446635
1598 5.525451968825724
1599 5.525451968825724
1600 6.429788153332415
1601 6.429788153332415
1602 3.4020248299635814
1603 3.4020248299635814
1604 3.181194170299881
1605 3.181194170299881
1606 4.35520003839166
1607 4.35520003839166
1608 3.5852947885549726
1609 3.5852947885549726
1610 2.720072977260533
1611 2.720072977260533
1612 2.087975868368382
1613 2.087975868368382
1614 1.9365760577002147
1615 1.9365760577002147
1616 1.8699589419272737
1617 1.8699589419272737
1618 1.6167852102650278
1619 1.6167852102650278
1620 2.020172518593454
1621 2.020172518593454
1622 1.4517661822806356
1623 1.4517661822806356
1624 1.0472169747819446
1625 1.0472169747819446
1626 1.5079504236299388
1627 1.5079504236299388
1628 1.7833095873191935
1629 1.7833095873191935
1630 1.5676770099856456
1631 1.5676770099856456
1632 1.8002565719185892
1633 1.8002565719185892
1634 1.511684555096847
1635 1.511684555096847
1636 1.7611616977733082
1637 1.7611616977733082
1638 1.8710650326885283
1639 1.8710650326885283
1640 1.0922226348108863
1641 1.0922226348108863
1642 2.102172022587238
1643 2.102172022587238
1644 1.8167870939330548
1645 1.8167870939330548
1646 1.2344765407554774
1647 1.2344765407554774
1648 1.7199473503261824
1649 1.7199473503261824
1650 1.8661822510084687
1651 1.8661822510084687
1652 2.107354978264516
1653 2.107354978264516
1654 1.6202181964221942
1655 1.6202181964221942
1656 1.7489170190644514
1657 1.7489170190644514
1658 1.1265202301359156
1659 1.1265202301359156
1660 1.7828920678406746
1661 1.7828920678406746
1662 1.7490136003590644
1663 1.7490136003590644
1664 2.1515618942382293
1665 2.1515618942382293
1666 1.6721799550174845
1667 1.6721799550174845
1668 1.3914649822167522
1669 1.3914649822167522
1670 1.3908376926557033
1671 1.3908376926557033
1672 1.4975253982018335
1673 1.4975253982018335
1674 2.0432393031147953
1675 2.0432393031147953
1676 1.7872355917017955
1677 1.7872355917017955
1678 1.4098970802853605
1679 1.4098970802853605
1680 1.0898325604627415
1681 1.0898325604627415
1682 1.8113988350180805
1683 1.8113988350180805
1684 1.4405874488039472
1685 1.4405874488039472
1686 1.9551959865298338
1687 1.9551959865298338
1688 1.3207241769834872
1689 1.3207241769834872
1690 2.084921550853652
1691 2.084921550853652
1692 0.6880886585987283
1693 0.6880886585987283
1694 1.3589860242655212
1695 1.3589860242655212
1696 1.6208489272204398
1697 1.6208489272204398
1698 1.091671819738342
1699 1.091671819738342
1700 1.7992587074284532
1701 1.7992587074284532
1702 2.254990391969181
1703 2.254990391969181
1704 0.7740183431447332
1705 0.7740183431447332
1706 0.753905964704073
1707 0.753905964704073
1708 1.5963144867197856
1709 1.5963144867197856
1710 0.9136738779363859
1711 0.9136738779363859
1712 1.1679601666835002
1713 1.1679601666835002
1714 0.8487570272555931
1715 0.8487570272555931
1716 0.8887589976105874
1717 0.8887589976105874
1718 1.655902453510246
1719 1.655902453510246
1720 0.592612094593224
1721 0.592612094593224
1722 0.763566423948399
1723 0.763566423948399
1724 1.2185192619873908
1725 2.1879762331211765
1726 2.1879762331211765
1727 2.513897975444529
1728 2.513897975444529
1729 2.0050772529331744
1730 2.0050772529331744
1731 2.440411027098571
1732 2.440411027098571
1733 2.938109135383534
1734 2.938109135383534
1735 2.6270451140201643
1736 2.6270451140201643
1737 2.521681359710276
1738 2.521681359710276
1739 3.553462222281881
1740 3.553462222281881
1741 3.12502567369123
1742 3.12502567369123
1743 2.6482668622905363
1744 2.6482668622905363
1745 3.0885275817333633
1746 3.0885275817333633
1747 3.6874627051373423
1748 3.6874627051373423
1749 2.8281243580971487
1750 2.8281243580971487
1751 3.269281895103057
1752 3.269281895103057
1753 3.0943258239964897
1754 3.0943258239964897
1755 1.7828361998314566
1756 1.7828361998314566
1757 1.5204500854859362
1758 1.5204500854859362
1759 2.0915283142229573
1760 2.0915283142229573
1761 2.676000952915901
1762 2.676000952915901
1763 3.259188632455909
1764 3.259188632455909
1765 3.2265606443773938
1766 3.2265606443773938
1767 2.7887999762693227
1768 2.7887999762693227
1769 0.9861861298482524
1770 3.607125266708845
1771 3.607125266708845
1772 3.6306026676100474
1773 3.6306026676100474
1774 3.8315356412214876
1775 3.8315356412214876
1776 2.9480095511645903
1777 2.9480095511645903
1778 3.2556890922345767
1779 3.2556890922345767
1780 3.938346087619603
1781 3.938346087619603
1782 2.4525632855887065
1783 2.4525632855887065
1784 2.581660911302644
1785 2.581660911302644
1786 3.4353831042289156
1787 3.4353831042289156
1788 1.7472942829726477
1789 1.7472942829726477
1790 2.1683497197708825
1791 2.1683497197708825
1792 2.3728132921436424
1793 2.3728132921436424
1794 2.6918867096161883
1795 2.6918867096161883
1796 2.364274580330094
1797 2.364274580330094
1798 2.1648850251620386
1799 2.1648850251620386
1800 3.016663540217811
1801 3.016663540217811
1802 1.7179187352331329
1803 1.7179187352331329
1804 2.4718949712882257
1805 2.4718949712882257
1806 3.9421660236059903
1807 3.9421660236059903
1808 3.149439852077985
1809 3.149439852077985
1810 3.6714184343168794
1811 3.6714184343168794
1812 2.492678841356738
1813 2.492678841356738
1814 3.8642075261049333
1815 3.8642075261049333
1816 2.4704145652097527
1817 2.4704145652097527
1818 2.8622451058146847
1819 2.8622451058146847
1820 2.838810713816554
1821 2.838810713816554
1822 2.7163187067095302
1823 2.7163187067095302
1824 3.4971168625072075
1825 3.4971168625072075
1826 4.384283574064866
1827 4.384283574064866
1828 3.995570957737945
1829 3.995570957737945
1830 2.278538308774759
1831 2.278538308774759
1832 4.680919120181387
1833 4.680919120181387
1834 2.98242352037851
1835 2.98242352037851
1836 3.396802781225691
1837 3.396802781225691
1838 3.109516677748887
1839 3.109516677748887
1840 3.625067171614492
1841 3.625067171614492
1842 2.52148233454265
1843 2.52148233454265
1844 2.2305654619130433
1845 2.2305654619130433
1846 2.353749166676363
1847 2.353749166676363
1848 3.4702655135402978
1849 3.4702655135402978
1850 3.635854537594066
1851 3.635854537594066
1852 4.565036018335407
1853 4.565036018335407
1854 2.626002456454448
1855 2.626002456454448
1856 4.803405534963986
1857 4.803405534963986
1858 3.599920881220155
1859 3.599920881220155
1860 4.457130029749261
1861 4.457130029749261
1862 4.863476446883248
1863 4.863476446883248
1864 3.148176645181861
1865 3.148176645181861
1866 3.5164884433272348
1867 3.5164884433272348
1868 4.568254969434774
1869 4.568254969434774
1870 4.353838721031603
1871 1.4386128035125019
1872 1.4386128035125019
1873 2.507542207005483
1874 2.507542207005483
1875 2.1350725823818473
1876 2.1350725823818473
1877 2.159485301437926
1878 2.159485301437926
1879 1.6898830450691649
1880 1.6898830450691649
1881 3.201412087746416
1882 3.201412087746416
1883 3.118710973214646
1884 3.118710973214646
1885 1.4799278220325611
1886 1.4799278220325611
1887 1.5004840223324543
1888 1.5004840223324543
1889 2.59009565446221
1890 2.59009565446221
1891 1.5615411817355014
1892 1.5615411817355014
1893 2.774414968167586
1894 2.774414968167586
1895 1.6861888575904715
1896 1.6861888575904715
1897 2.048552724214447
1898 2.048552724214447
1899 2.1636336353706955
1900 2.1636336353706955
1901 2.4496326215907915
1902 2.4496326215907915
1903 2.208485345957815
1904 2.208485345957815
1905 2.633473503497542
1906 2.633473503497542
1907 2.826004937419131
1908 2.826004937419131
1909 1.9971877577231918
1910 1.9971877577231918
1911 1.7281747875288376
1912 1.7281747875288376
1913 1.4770503395963064
1914 1.4770503395963064
1915 2.2138387366077175
1916 2.2138387366077175
1917 1.4280312152655963
1918 1.4280312152655963
1919 2.153424994995853
1920 2.153424994995853
1921 1.5272105594935548
1922 1.5272105594935548
1923 2.1099580682493184
1924 2.1099580682493184
1925 1.4911757888318258
1926 1.4911757888318258
1927 1.1362429245111128
1928 1.1362429245111128
1929 1.5402595640949501
1930 1.5402595640949501
1931 2.1274501341325998
1932 2.1274501341325998
1933 1.6873761817040258
1934 1.6873761817040258
1935 1.8173620244953599
1936 1.8173620244953599
1937 1.474030243544664
1938 1.474030243544664
1939 2.7544686898652087
1940 2.7544686898652087
1941 1.8156830485378364
1942 1.8156830485378364
1943 1.8628046508820704
1944 1.8628046508820704
1945 2.08345580640922
1946 2.08345580640922
1947 2.7881446763035127
1948 2.7881446763035127
1949 1.6356093170534858
1950 1.6356093170534858
1951 1.783127240289826
1952 1.783127240289826
1953 2.9072422163279485
1954 2.9072422163279485
1955 1.8628371600958717
1956 1.8628371600958717
1957 2.4651360575605716
1958 2.4651360575605716
1959 2.46304308122397
1960 2.46304308122397
1961 2.3744738242200203
1962 2.3744738242200203
1963 2.7600690328128517
1964 2.7600690328128517
1965 1.7265200200295512
1966 1.7265200200295512
1967 1.4822455896075333
1968 1.4822455896075333
1969 1.3544697956854903
1970 1.3544697956854903
1971 2.4419903018073223
1972 2.4419903018073223
1973 2.6033089102908025
1974 2.6033089102908025
1975 1.9798712060311228
1976 1.9798712060311228
1977 1.708465419858869
1978 1.708465419858869
1979 1.8480252862535118
1980 1.8480252862535118
1981 1.0428301121373944
1982 1.0428301121373944
1983 1.4266747228724954
1984 3.043964338666639
1985 3.043964338666639
1986 1.8989382903825285
1987 1.8989382903825285
1988 2.709569370435598
1989 2.709569370435598
1990 2.7599261925271397
1991 2.7599261925271397
1992 2.99158935586024
1993 2.99158935586024
1994 2.0533789317612294
1995 2.0533789317612294
1996 3.4364861197955436
1997 3.4364861197955436
1998 2.5904109083360547
1999 2.5904109083360547
