0 0.3491834143455011
1 0.3491834143455011
2 0.3491834143455011
3 0.185844792916789
4 2.1255942404146446
5 2.1255942404146446
6 2.1255942404146446
7 1.6253093647507288
8 3.4068050980307643
9 3.4068050980307643
10 3.4068050980307643
11 5.057797388170159
12 5.057797388170159
13 5.057797388170159
14 1.751015412824588
15 1.751015412824588
16 1.751015412824588
17 2.2902631386814116
18 2.2902631386814116
19 2.2902631386814116
20 3.9666102671181025
21 3.9666102671181025
22 3.9666102671181025
23 4.562243692410503
24 4.562243692410503
25 4.562243692410503
26 4.883012414021052
27 4.883012414021052
28 4.883012414021052
29 3.9408027635285436
30 3.9408027635285436
31 3.9408027635285436
32 4.10145817214892
33 4.10145817214892
34 4.10145817214892
35 1.8305634377364117
36 2.4952307349769276
37 1.8719533485628963
38 1.8719533485628963
39 1.8719533485628963
40 2.744450199633661
41 0.19198342649790878
42 0.19198342649790878
43 0.19198342649790878
44 0.883698839123825
45 0.883698839123825
46 0.883698839123825
47 1.6387513396563005
48 1.6387513396563005
49 1.6387513396563005
50 0.4102244195002882
51 0.4102244195002882
52 0.4102244195002882
53 5.436434154846686
54 2.820470635973791
55 2.820470635973791
56 2.820470635973791
57 0.7837143312075951
58 0.7837143312075951
59 0.7837143312075951
60 4.061943276355019
61 4.061943276355019
62 4.061943276355019
63 1.8199715260929297
64 1.8199715260929297
65 1.8199715260929297
66 3.4730525214960473
67 3.4730525214960473
68 3.4730525214960473
69 1.7294709379163637
70 1.7294709379163637
71 1.7294709379163637
72 0.6546685690371448
73 0.6546685690371448
74 0.6546685690371448
75 0.7063205985631098
76 0.7063205985631098
77 0.7063205985631098
78 0.6625370147887892
79 0.6625370147887892
80 0.6625370147887892
81 2.285313278505445
82 0.6671730738654017
83 0.6671730738654017
84 0.6671730738654017
85 0.48214674865211904
86 0.48214674865211904
87 0.48214674865211904
88 0.7030844458427566
89 0.7030844458427566
90 0.7030844458427566
91 0.6535089357942226
92 0.6535089357942226
93 0.6535089357942226
94 0.9279998187029288
95 0.9279998187029288
96 0.9279998187029288
97 0.49786001284755044
98 0.49786001284755044
99 0.49786001284755044
100 0.3613310490382053
101 1.8213432436037897
102 1.8213432436037897
103 1.8213432436037897
104 0.89414889710878
105 0.89414889710878
106 0.89414889710878
107 1.4499830269914238
108 1.4499830269914238
109 1.4499830269914238
110 1.463868525577317
111 1.463868525577317
112 1.463868525577317
113 0.8892689952846605
114 0.8892689952846605
115 0.8892689952846605
116 1.2441514717761182
117 1.2441514717761182
118 1.2441514717761182
119 0.7137940404921033
120 2.0950076187708757
121 2.0950076187708757
122 2.0950076187708757
123 2.2869882134855617
124 2.2869882134855617
125 2.2869882134855617
126 1.3636092747905872
127 1.3636092747905872
128 1.3636092747905872
129 0.8966861158738308
130 0.8966861158738308
131 0.8966861158738308
132 2.2420519589919023
133 2.2420519589919023
134 2.2420519589919023
135 2.145275645985725
136 2.145275645985725
137 2.145275645985725
138 0.8835661793455256
139 0.8835661793455256
140 0.8835661793455256
141 3.6049583560118528
142 3.6049583560118528
143 3.6049583560118528
144 2.1371214445069766
145 2.1371214445069766
146 2.1371214445069766
147 0.6994196089775506
148 0.6994196089775506
149 0.6994196089775506
150 1.455639560825579
151 1.455639560825579
152 1.455639560825579
153 3.525779975637013
154 3.525779975637013
155 3.525779975637013
156 2.6402603291864057
157 2.6402603291864057
158 2.6402603291864057
159 2.6759502518586182
160 2.6759502518586182
161 2.6759502518586182
162 1.6675830370752105
163 1.6675830370752105
164 1.6675830370752105
165 1.479600583579324
166 1.479600583579324
167 1.479600583579324
168 1.9456378713069757
169 1.9456378713069757
170 1.9456378713069757
171 2.5883742060696346
172 2.5883742060696346
173 2.5883742060696346
174 2.6097286151738484
175 2.6097286151738484
176 2.6097286151738484
177 1.725881891501784
178 1.725881891501784
179 1.725881891501784
180 1.995087531886615
181 1.995087531886615
182 1.995087531886615
183 1.02277928793034
184 1.02277928793034
185 1.02277928793034
186 3.3928920575807826
187 3.3928920575807826
188 3.3928920575807826
189 2.523312320854707
190 0.22721774591910604
191 0.22721774591910604
192 0.22721774591910604
193 0.13869652590366008
194 1.3667860356155852
195 1.3667860356155852
196 1.3667860356155852
197 3.379934564897569
198 3.379934564897569
199 3.379934564897569
200 1.8686503492754079
201 1.8686503492754079
202 1.8686503492754079
203 2.4439645852035667
204 2.4439645852035667
205 2.4789029665085236
206 2.876357953058956
207 2.876357953058956
208 2.876357953058956
209 2.9107672753682428
210 2.9107672753682428
211 2.9107672753682428
212 3.045281149614011
213 1.0181960588430377
214 1.0181960588430377
215 1.0181960588430377
216 1.0030298060679486
217 1.0030298060679486
218 1.0030298060679486
219 1.7341764297549944
220 1.7341764297549944
221 1.7341764297549944
222 1.8092878937730745
223 1.8092878937730745
224 4.1567727879798095
225 4.1567727879798095
226 4.1567727879798095
227 2.731243834868631
228 1.108840603804079
229 1.108840603804079
230 1.108840603804079
231 3.4571041109173097
232 3.4571041109173097
233 3.4571041109173097
234 5.3641392852492285
235 5.3641392852492285
236 5.3641392852492285
237 5.1609669394341795
238 5.1609669394341795
239 5.1609669394341795
240 1.401070947480101
241 1.401070947480101
242 1.401070947480101
243 2.5975913654867124
244 2.5975913654867124
245 2.5975913654867124
246 2.7804028663909888
247 2.7804028663909888
248 2.7804028663909888
249 3.6034719314002674
250 3.6034719314002674
251 3.6034719314002674
252 3.7284802428227053
253 3.7284802428227053
254 3.7284802428227053
255 4.365578495463465
256 4.365578495463465
257 4.365578495463465
258 3.2548540391081406
259 3.2548540391081406
260 3.2548540391081406
261 2.294073154795573
262 2.294073154795573
263 2.294073154795573
264 4.103860786857018
265 4.103860786857018
266 4.103860786857018
267 4.719525390288691
268 3.3133319324020887
269 3.3133319324020887
270 3.3133319324020887
271 5.233625215619079
272 5.233625215619079
273 5.233625215619079
274 5.022051660377409
275 5.022051660377409
276 5.022051660377409
277 5.146577056856852
278 5.146577056856852
279 5.146577056856852
280 1.214233604776339
281 1.214233604776339
282 1.214233604776339
283 4.2850935826038
284 4.2850935826038
285 4.2850935826038
286 4.054183858650192
287 4.054183858650192
288 4.054183858650192
289 1.697129100076572
290 1.697129100076572
291 1.697129100076572
292 2.915667271331576
293 2.915667271331576
294 2.915667271331576
295 3.7262287191288914
296 3.7262287191288914
297 3.7262287191288914
298 3.0080227568698037
299 3.0080227568698037
300 3.0080227568698037
301 5.388158767439215
302 5.388158767439215
303 5.388158767439215
304 2.2796098954685173
305 2.2796098954685173
306 2.2796098954685173
307 3.4864593485682907
308 2.2489007124689087
309 2.2489007124689087
310 2.2489007124689087
311 1.0159083101979598
312 1.0159083101979598
313 1.0159083101979598
314 2.409603543007467
315 2.409603543007467
316 2.409603543007467
317 1.5207233802443256
318 1.5207233802443256
319 1.5207233802443256
320 2.1713099829647233
321 2.1713099829647233
322 2.1713099829647233
323 2.5962154819791303
324 4.0161827204333775
325 4.0161827204333775
326 4.0161827204333775
327 4.513684292454887
328 4.513684292454887
329 1.1507792981060225
330 1.1507792981060225
331 1.1507792981060225
332 0.8503086320389086
333 2.393294753374697
334 2.393294753374697
335 2.393294753374697
336 2.1475722228004477
337 2.1475722228004477
338 2.1475722228004477
339 2.8515725710921216
340 2.8515725710921216
341 2.8515725710921216
342 2.9637261457564783
343 2.9637261457564783
344 2.9637261457564783
345 3.4571730477863527
346 3.4571730477863527
347 3.4571730477863527
348 3.0346072282137064
349 3.0346072282137064
350 3.0346072282137064
351 1.135900488052275
352 1.135900488052275
353 1.135900488052275
354 2.28957464768409
355 2.28957464768409
356 2.28957464768409
357 3.0852416182325544
358 3.0852416182325544
359 3.0852416182325544
360 2.2557850674432647
361 2.2557850674432647
362 2.2557850674432647
363 2.980331266204501
364 2.980331266204501
365 2.980331266204501
366 1.430733369647327
367 1.430733369647327
368 1.430733369647327
369 2.2624427042665958
370 2.2624427042665958
371 2.2624427042665958
372 1.776102205339614
373 1.776102205339614
374 1.776102205339614
375 1.8838884516222212
376 1.8838884516222212
377 1.8838884516222212
378 1.6708327664361131
379 1.6708327664361131
380 1.6708327664361131
381 2.4837892430581037
382 2.4837892430581037
383 2.4837892430581037
384 0.7935187764837339
385 0.7935187764837339
386 0.7935187764837339
387 2.19387567319238
388 2.19387567319238
389 2.19387567319238
390 2.4994870849524182
391 2.4994870849524182
392 2.4994870849524182
393 2.6036814701469675
394 2.6036814701469675
395 2.6036814701469675
396 2.352629376122296
397 1.2296869272128275
398 1.2296869272128275
399 1.2296869272128275
400 1.4557948636642677
401 1.4557948636642677
402 1.4557948636642677
403 1.4008277098185828
404 1.4008277098185828
405 1.4008277098185828
406 1.523989563281667
407 1.523989563281667
408 1.523989563281667
409 2.836106564353215
410 2.836106564353215
411 2.836106564353215
412 1.1539271635773207
413 1.753798137615786
414 1.753798137615786
415 1.753798137615786
416 1.2523685121205397
417 1.2523685121205397
418 1.2523685121205397
419 1.7597303834374418
420 1.7597303834374418
421 1.7597303834374418
422 1.2020653023116055
423 1.2020653023116055
424 1.2020653023116055
425 0.61363917464179
426 0.61363917464179
427 0.61363917464179
428 0.7530091715256021
429 0.7530091715256021
430 0.7530091715256021
431 1.1656763182188525
432 1.1656763182188525
433 1.1656763182188525
434 0.6467204426414
435 0.6467204426414
436 0.3867883417121185
437 0.3867883417121185
438 0.3867883417121185
439 0.12004341622136983
440 0.12004341622136983
441 0.12004341622136983
442 0.13289881832413142
443 0.13289881832413142
444 0.13289881832413142
445 0.3198436817919893
446 0.3198436817919893
447 0.3198436817919893
448 0.18613042434319804
449 0.18613042434319804
450 3.3622022775844727
451 3.3622022775844727
452 3.3622022775844727
453 2.00986716311118
454 2.00986716311118
455 2.00986716311118
456 2.464591736053602
457 3.830469560507757
458 3.830469560507757
459 3.830469560507757
460 2.3534950197756146
461 2.3534950197756146
462 2.3534950197756146
463 3.416407993424024
464 3.416407993424024
465 3.416407993424024
466 2.8846544547246373
467 2.8846544547246373
468 2.8846544547246373
469 3.0204477921760358
470 3.0204477921760358
471 3.0204477921760358
472 2.267256628439799
473 2.267256628439799
474 2.267256628439799
475 5.093077960856949
476 5.093077960856949
477 5.093077960856949
478 4.195580029824803
479 4.195580029824803
480 4.195580029824803
481 2.1867484056112962
482 2.1867484056112962
483 2.1867484056112962
484 3.313555252115944
485 3.313555252115944
486 3.313555252115944
487 2.6134911858769527
488 2.6134911858769527
489 1.259873129384102
490 1.259873129384102
491 1.259873129384102
492 4.2215840218476695
493 4.2215840218476695
494 4.2215840218476695
495 2.9676016356958597
496 2.9676016356958597
497 2.9676016356958597
498 1.0820541701357442
499 1.0820541701357442
500 1.0820541701357442
501 1.290818640241034
502 1.290818640241034
503 1.290818640241034
504 1.4121872129964543
505 2.8997012424904884
506 2.8997012424904884
507 2.8997012424904884
508 2.0214350996677117
509 2.0214350996677117
510 2.0214350996677117
511 1.6078358315034238
512 1.6078358315034238
513 1.6078358315034238
514 1.8801500869875885
515 1.8801500869875885
516 1.8801500869875885
517 3.5180118965650506
518 3.5180118965650506
519 3.5180118965650506
520 2.1015779438524667
521 2.1015779438524667
522 2.1015779438524667
523 3.17289524868702
524 3.21462373518012
525 3.21462373518012
526 3.21462373518012
527 2.3721857551056016
528 2.3721857551056016
529 2.3721857551056016
530 3.8706080901193807
531 3.8706080901193807
532 3.8706080901193807
533 1.506735794417664
534 1.506735794417664
535 1.506735794417664
536 1.8889349935315827
537 1.8889349935315827
538 1.8889349935315827
539 2.1512593714282153
540 2.1512593714282153
541 2.1512593714282153
542 2.7813762764949335
543 2.7813762764949335
544 2.7813762764949335
545 1.4995711888897763
546 1.4995711888897763
547 1.4995711888897763
548 2.814717517856211
549 2.814717517856211
550 2.814717517856211
551 3.628461563818752
552 3.628461563818752
553 3.628461563818752
554 4.317324044003168
555 4.317324044003168
556 4.317324044003168
557 1.9498945166135488
558 1.9498945166135488
559 1.9498945166135488
560 1.4204568533139774
561 1.4204568533139774
562 1.4204568533139774
563 1.8754870970072688
564 1.8754870970072688
565 1.8754870970072688
566 1.963560276515348
567 1.963560276515348
568 1.963560276515348
569 2.0384807914175425
570 2.0384807914175425
571 2.0384807914175425
572 2.1847502301698443
573 2.1847502301698443
574 2.1847502301698443
575 1.9466160554099181
576 1.9466160554099181
577 1.9466160554099181
578 2.9427285973638275
579 2.9427285973638275
580 2.9427285973638275
581 1.4916496316501369
582 2.144890714434829
583 2.144890714434829
584 2.144890714434829
585 1.284738010967848
586 1.284738010967848
587 1.284738010967848
588 1.5008712354973717
589 1.5008712354973717
590 1.5008712354973717
591 1.7176772724326559
592 1.7176772724326559
593 1.7176772724326559
594 1.8059631540612673
595 1.8059631540612673
596 1.8059631540612673
597 1.2202936682711525
598 1.2202936682711525
599 1.2202936682711525
600 2.4926896527501317
601 1.8540139189751417
602 1.8540139189751417
603 1.8540139189751417
604 2.6170699477662915
605 2.6170699477662915
606 2.6170699477662915
607 2.64867294351648
608 2.64867294351648
609 2.64867294351648
610 2.742893911505151
611 2.742893911505151
612 2.742893911505151
613 3.2603467308948053
614 3.2603467308948053
615 3.2603467308948053
616 0.8735121525633613
617 0.8735121525633613
618 0.8735121525633613
619 2.432038508505492
620 2.432038508505492
621 2.432038508505492
622 3.4304246497695896
623 3.4304246497695896
624 3.4304246497695896
625 2.5451639507635706
626 2.5451639507635706
627 2.5451639507635706
628 3.086757367666426
629 3.086757367666426
630 3.086757367666426
631 1.0473260391491996
632 1.0473260391491996
633 1.0473260391491996
634 2.990975535253356
635 2.990975535253356
636 2.990975535253356
637 1.9549989860287718
638 1.9549989860287718
639 3.1846990217023112
640 3.1846990217023112
641 3.1846990217023112
642 5.849183269804647
643 5.849183269804647
644 5.849183269804647
645 7.020970909860642
646 7.020970909860642
647 7.020970909860642
648 1.8754636894365544
649 1.8754636894365544
650 1.8754636894365544
651 6.736416588316709
652 6.736416588316709
653 6.736416588316709
654 4.719029784099381
655 4.719029784099381
656 4.719029784099381
657 0.21562640125684318
658 0.21562640125684318
659 0.21562640125684318
660 0.7426670788372248
661 0.7426670788372248
662 0.7426670788372248
663 1.609137649811962
664 1.609137649811962
665 1.609137649811962
666 0.8098557653299538
667 0.8098557653299538
668 0.8098557653299538
669 0.8240769714477253
670 0.8240769714477253
671 0.8240769714477253
672 0.6025015694364364
673 0.6025015694364364
674 0.6025015694364364
675 0.5324485128060412
676 0.5324485128060412
677 0.5324485128060412
678 2.8735725004869264
679 2.8735725004869264
680 2.8735725004869264
681 0.7475639290641243
682 0.7475639290641243
683 0.7475639290641243
684 0.5720045343898492
685 0.5720045343898492
686 1.1504310696332911
687 1.1504310696332911
688 1.1504310696332911
689 1.0049290258499155
690 1.0049290258499155
691 1.0049290258499155
692 1.8441726771509284
693 1.8441726771509284
694 1.8441726771509284
695 1.124729893196632
696 1.124729893196632
697 1.124729893196632
698 2.1989303261424276
699 2.1989303261424276
700 2.1989303261424276
701 0.563206717974513
702 0.563206717974513
703 0.563206717974513
704 2.1248908157372135
705 2.1248908157372135
706 2.1248908157372135
707 2.178434103510764
708 2.178434103510764
709 2.178434103510764
710 2.033963000423621
711 2.033963000423621
712 2.033963000423621
713 0.7212363835173569
714 0.7212363835173569
715 0.7212363835173569
716 1.8002756027235736
717 1.8002756027235736
718 1.8002756027235736
719 1.9754950545976877
720 1.9754950545976877
721 1.9754950545976877
722 1.5819636046085939
723 1.5819636046085939
724 1.5819636046085939
725 1.6227173822735457
726 1.6227173822735457
727 1.6227173822735457
728 1.4382485653884212
729 1.4382485653884212
730 1.4382485653884212
731 0.10656980240590416
732 0.10656980240590416
733 0.10656980240590416
734 0.27381027004997355
735 0.27381027004997355
736 0.27381027004997355
737 0.134921852689601
738 0.134921852689601
739 0.134921852689601
740 0.2683892745820567
741 0.2683892745820567
742 0.2683892745820567
743 0.19048073030100535
744 0.19048073030100535
745 0.19048073030100535
746 0.1
747 0.1
748 0.1
749 0.23803303769115014
750 0.23803303769115014
751 0.23803303769115014
752 2.861515966382512
753 2.861515966382512
754 2.861515966382512
755 0.1
756 0.1
757 0.1
758 2.1944798127568603
759 2.1944798127568603
760 2.1944798127568603
761 1.8779979646524034
762 1.8779979646524034
763 1.8779979646524034
764 1.3700505519733677
765 1.3700505519733677
766 1.3700505519733677
767 1.5228139755472208
768 0.7104396726446972
769 0.7104396726446972
770 0.7104396726446972
771 0.7107392123853479
772 0.7107392123853479
773 0.7107392123853479
774 0.5953406216502118
775 0.5953406216502118
776 0.5953406216502118
777 0.16111007945481437
778 0.16111007945481437
779 0.16111007945481437
780 0.6350281017903011
781 0.6350281017903011
782 0.6350281017903011
783 0.6469434849970072
784 0.6469434849970072
785 0.6469434849970072
786 4.407246684581647
787 4.407246684581647
788 4.407246684581647
789 7.606651604992714
790 0.9842893067039977
791 0.9842893067039977
792 0.9842893067039977
793 0.37167199180566773
794 0.37167199180566773
795 0.37167199180566773
796 0.9082892982463139
797 0.9082892982463139
798 0.9082892982463139
799 0.5642053908834203
800 0.5642053908834203
801 1.8464094098481354
802 1.8464094098481354
803 1.8464094098481354
804 1.4685132860983834
805 1.4685132860983834
806 1.4685132860983834
807 2.2576875074097273
808 2.2576875074097273
809 2.2576875074097273
810 0.7642800580462781
811 0.7642800580462781
812 0.7642800580462781
813 1.0707656275988349
814 1.0707656275988349
815 1.0707656275988349
816 1.938538276860036
817 1.938538276860036
818 1.938538276860036
819 0.32131089181466455
820 0.32131089181466455
821 0.32131089181466455
822 0.9374085963166484
823 0.9374085963166484
824 0.9374085963166484
825 2.7486550163617056
826 2.7486550163617056
827 2.7486550163617056
828 1.2214968062142812
829 1.2214968062142812
830 2.9012080511678557
831 2.9012080511678557
832 2.9012080511678557
833 2.413730443181081
834 2.413730443181081
835 2.413730443181081
836 3.4796066655214517
837 3.4796066655214517
838 3.4796066655214517
839 2.429783876551052
840 2.429783876551052
841 2.429783876551052
842 4.298787324403514
843 4.298787324403514
844 4.298787324403514
845 5.345095257227085
846 5.345095257227085
847 5.345095257227085
848 4.735020328209128
849 4.735020328209128
850 4.735020328209128
851 4.084028882142076
852 4.084028882142076
853 4.084028882142076
854 2.2901920888335225
855 2.2901920888335225
856 2.2901920888335225
857 6.296655737317183
858 6.296655737317183
859 6.296655737317183
860 3.8593231046611933
861 3.8593231046611933
862 3.8593231046611933
863 2.983401218407204
864 2.983401218407204
865 2.983401218407204
866 3.7870106481272154
867 3.7870106481272154
868 3.7870106481272154
869 2.90582710446309
870 2.90582710446309
871 2.90582710446309
872 2.1707085969474034
873 2.1707085969474034
874 2.4583711754192237
875 2.4583711754192237
876 2.4583711754192237
877 0.8131221890229987
878 0.8131221890229987
879 0.8131221890229987
880 1.6347086007602185
881 1.6347086007602185
882 0.13140763289479784
883 0.13140763289479784
884 0.13140763289479784
885 0.21445000594183852
886 0.21445000594183852
887 0.21445000594183852
888 0.11628403944468214
889 0.11628403944468214
890 0.11628403944468214
891 0.15316892925142872
892 0.15316892925142872
893 0.15316892925142872
894 0.28892974255838505
895 0.28892974255838505
896 0.28892974255838505
897 0.1
898 0.1
899 2.160124496658915
900 2.160124496658915
901 2.160124496658915
902 1.6130631319938251
903 1.6130631319938251
904 1.6130631319938251
905 1.8505754656454756
906 1.8505754656454756
907 1.8505754656454756
908 2.580133694438989
909 2.580133694438989
910 2.580133694438989
911 4.9872880020544965
912 4.9872880020544965
913 4.9872880020544965
914 5.160277747602526
915 5.160277747602526
916 5.160277747602526
917 4.055027749859213
918 4.055027749859213
919 1.759598490194212
920 1.759598490194212
921 1.759598490194212
922 2.7659258366385635
923 2.7659258366385635
924 2.7659258366385635
925 1.7623788848709967
926 1.7623788848709967
927 1.7623788848709967
928 1.9579660735756472
929 1.9579660735756472
930 1.9579660735756472
931 2.4002228582016043
932 2.4002228582016043
933 2.4002228582016043
934 2.520033718135145
935 2.520033718135145
936 0.8840465813820501
937 0.8840465813820501
938 0.8840465813820501
939 0.8274908502625403
940 2.609587312717761
941 2.609587312717761
942 2.609587312717761
943 2.8482097198838
944 0.20174405972550166
945 0.20174405972550166
946 0.20174405972550166
947 0.1359187887614821
948 0.1359187887614821
949 0.1359187887614821
950 0.23807839989814003
951 0.23807839989814003
952 0.23807839989814003
953 0.3627707310727448
954 0.3627707310727448
955 0.3627707310727448
956 0.2451880505135187
957 0.2451880505135187
958 0.2451880505135187
959 0.1
960 0.1
961 0.1
962 0.24633993331541112
963 0.24633993331541112
964 0.24633993331541112
965 0.15836486616534143
966 1.1830711127020819
967 5.273917591257982
968 5.273917591257982
969 5.273917591257982
970 3.074666332490544
971 3.074666332490544
972 3.074666332490544
973 0.735713025905953
974 0.735713025905953
975 0.735713025905953
976 2.070624765206767
977 2.070624765206767
978 2.070624765206767
979 2.3614007783397226
980 2.3614007783397226
981 2.3614007783397226
982 4.374865538161114
983 4.374865538161114
984 4.374865538161114
985 2.9908626591351997
986 2.9908626591351997
987 2.9908626591351997
988 2.844117171064433
989 2.844117171064433
990 2.844117171064433
991 2.13157473208771
992 2.13157473208771
993 2.13157473208771
994 2.2121366025898306
995 2.2121366025898306
996 0.9436774940413346
997 0.9436774940413346
998 0.9436774940413346
999 0.5786933180676327
1000 0.5786933180676327
1001 0.5786933180676327
1002 0.5828158978837076
1003 0.5828158978837076
1004 0.5828158978837076
1005 0.5745081755224098
1006 0.5745081755224098
1007 0.5745081755224098
1008 0.45072405544058547
1009 0.45072405544058547
1010 0.45072405544058547
1011 0.8489798966726974
1012 0.8489798966726974
1013 0.8489798966726974
1014 0.5948651009011452
1015 0.5948651009011452
1016 0.5948651009011452
1017 0.6825245337300371
1018 0.6825245337300371
1019 0.6854426325341656
1020 0.6854426325341656
1021 0.6854426325341656
1022 1.4242073548106988
1023 1.4242073548106988
1024 1.4242073548106988
1025 0.9948368457191846
1026 0.9948368457191846
1027 0.9948368457191846
1028 2.4211152560794575
1029 2.4211152560794575
1030 3.104238182035756
1031 3.104238182035756
1032 3.104238182035756
1033 1.6482275595090143
1034 1.6482275595090143
1035 1.6482275595090143
1036 2.2764225496260195
1037 2.2764225496260195
1038 2.2764225496260195
1039 2.3443258599923866
1040 2.3443258599923866
1041 2.3443258599923866
1042 2.239615803665404
1043 2.239615803665404
1044 2.239615803665404
1045 1.3066688472024883
1046 0.1
1047 0.9140300089505536
1048 0.9140300089505536
1049 0.9140300089505536
1050 1.7534517999854948
1051 1.7534517999854948
1052 1.7534517999854948
1053 0.964715365743391
1054 0.964715365743391
1055 0.964715365743391
1056 0.5890971637012707
1057 0.5890971637012707
1058 0.5890971637012707
1059 0.9820788252054751
1060 0.9820788252054751
1061 0.9820788252054751
1062 0.545351758835514
1063 0.545351758835514
1064 0.545351758835514
1065 0.9236312618447188
1066 0.9236312618447188
1067 0.9236312618447188
1068 1.2638018036935534
1069 1.2638018036935534
1070 1.2638018036935534
1071 3.1959985600287184
1072 3.1959985600287184
1073 3.1959985600287184
1074 3.076730170872813
1075 3.076730170872813
1076 3.076730170872813
1077 3.3292808585513156
1078 3.3292808585513156
1079 3.3292808585513156
1080 3.005897322693436
1081 3.005897322693436
1082 3.005897322693436
1083 2.5820487695767858
1084 1.5445435205650484
1085 1.5445435205650484
1086 1.5445435205650484
1087 2.2246548436126656
1088 2.2246548436126656
1089 2.2246548436126656
1090 0.13065433098949797
1091 0.13065433098949797
1092 0.13065433098949797
1093 0.23201214732169506
1094 0.23201214732169506
1095 0.23201214732169506
1096 0.1
1097 0.1
1098 0.1
1099 0.261402527392317
1100 0.261402527392317
1101 0.261402527392317
1102 0.15288334312435956
1103 0.15288334312435956
1104 0.15288334312435956
1105 0.21325998860705195
1106 0.21325998860705195
1107 0.21325998860705195
1108 0.3161928584514517
1109 1.1379864631346566
1110 1.8653976339004164
1111 1.8653976339004164
1112 1.8653976339004164
1113 0.9861802077250881
1114 0.9861802077250881
1115 0.9861802077250881
1116 2.7922961083135545
1117 2.7922961083135545
1118 2.7922961083135545
1119 3.0426680071251764
1120 3.0426680071251764
1121 1.7907718602215739
1122 1.7907718602215739
1123 1.7907718602215739
1124 1.7915762198227576
1125 1.7915762198227576
1126 1.7915762198227576
1127 2.523793652092546
1128 2.523793652092546
1129 2.523793652092546
1130 1.852264696071066
1131 1.852264696071066
1132 1.852264696071066
1133 3.683457121727841
1134 3.683457121727841
1135 3.683457121727841
1136 2.4523518837748317
1137 2.4523518837748317
1138 2.4523518837748317
1139 2.9749994213819293
1140 2.9749994213819293
1141 2.9749994213819293
1142 2.8868305321352152
1143 2.8868305321352152
1144 2.8868305321352152
1145 1.8207597145785603
1146 1.8207597145785603
1147 1.8207597145785603
1148 1.5650437345059172
1149 1.5650437345059172
1150 1.5650437345059172
1151 1.587115590989602
1152 1.9375403058178284
1153 1.9375403058178284
1154 1.9375403058178284
1155 4.461921272542618
1156 4.461921272542618
1157 4.461921272542618
1158 1.6039670886761015
1159 1.6039670886761015
1160 1.6039670886761015
1161 3.88118698606107
1162 3.88118698606107
1163 3.916589953781958
1164 3.916589953781958
1165 3.916589953781958
1166 4.376664552913138
1167 4.376664552913138
1168 4.376664552913138
1169 3.5640562721542683
1170 3.5640562721542683
1171 3.5640562721542683
1172 6.88050732685355
1173 6.88050732685355
1174 6.88050732685355
1175 2.7069904618089504
1176 2.7069904618089504
1177 2.7069904618089504
1178 1.9050110136518037
1179 1.9050110136518037
1180 1.9050110136518037
1181 2.2099043043499753
1182 2.2099043043499753
1183 2.2099043043499753
1184 1.5528589816983986
1185 1.5528589816983986
1186 1.5528589816983986
1187 2.118403238879829
1188 2.118403238879829
1189 2.118403238879829
1190 3.9487212485054055
1191 3.9487212485054055
1192 3.9487212485054055
1193 5.154873781235528
1194 5.154873781235528
1195 5.154873781235528
1196 3.974361146064423
1197 3.974361146064423
1198 2.2698084334594237
1199 2.2698084334594237
1200 2.2698084334594237
1201 2.111797091981517
1202 2.111797091981517
1203 2.111797091981517
1204 2.3450019060494283
1205 2.3450019060494283
1206 2.3450019060494283
1207 2.306699497986526
1208 0.35094696912926904
1209 0.35094696912926904
1210 0.35094696912926904
1211 0.6364569153027904
1212 0.6364569153027904
1213 0.6364569153027904
1214 1.1738601853182373
1215 1.1738601853182373
1216 1.1738601853182373
1217 0.9920116827591738
1218 4.247150943841907
1219 4.247150943841907
1220 4.247150943841907
1221 3.0636761822229004
1222 3.0636761822229004
1223 3.0636761822229004
1224 3.840543823737863
1225 3.840543823737863
1226 3.840543823737863
1227 2.8256548174475573
1228 2.8256548174475573
1229 2.8256548174475573
1230 3.2947521282722287
1231 3.2947521282722287
1232 3.2947521282722287
1233 1.7533056289855677
1234 1.7533056289855677
1235 1.7533056289855677
1236 2.6292262173955274
1237 2.6292262173955274
1238 2.6292262173955274
1239 1.432744331326151
1240 1.432744331326151
1241 1.432744331326151
1242 2.1098911849788213
1243 2.1098911849788213
1244 2.1098911849788213
1245 1.7920052169387208
1246 1.7920052169387208
1247 1.7920052169387208
1248 3.3595909103912023
1249 3.3595909103912023
1250 3.3595909103912023
1251 2.7531962034408926
1252 2.7531962034408926
1253 2.7531962034408926
1254 3.80238119883131
1255 3.707701951749629
1256 2.2811440152813076
1257 2.2811440152813076
1258 2.2811440152813076
1259 2.1581707574266553
1260 2.1581707574266553
1261 2.1581707574266553
1262 2.6906714282324042
1263 2.6906714282324042
1264 6.9014096806088885
1265 6.9014096806088885
1266 6.9014096806088885
1267 6.332498034231094
1268 6.332498034231094
1269 6.332498034231094
1270 2.9739585573742775
1271 2.9739585573742775
1272 2.9739585573742775
1273 4.484675106541381
1274 4.484675106541381
1275 4.484675106541381
1276 4.877763480652103
1277 4.877763480652103
1278 4.877763480652103
1279 5.597765441474522
1280 5.597765441474522
1281 5.597765441474522
1282 2.7049216620924725
1283 1.7111805221008645
1284 1.7111805221008645
1285 1.7111805221008645
1286 2.837490559985991
1287 2.837490559985991
1288 2.837490559985991
1289 1.0732309256430361
1290 1.0732309256430361
1291 1.0732309256430361
1292 1.0589366253894656
1293 1.0589366253894656
1294 1.0589366253894656
1295 1.4549549880819648
1296 1.4549549880819648
1297 1.4549549880819648
1298 1.8627380574767316
1299 1.8627380574767316
1300 1.8627380574767316
1301 1.776258297678489
1302 1.776258297678489
1303 1.776258297678489
1304 1.6463116301025553
1305 1.6463116301025553
1306 1.6463116301025553
1307 1.5984454792067488
1308 1.5984454792067488
1309 1.5984454792067488
1310 2.4319805887726234
1311 2.4319805887726234
1312 2.4319805887726234
1313 1.6599147242121985
1314 1.6599147242121985
1315 1.6599147242121985
1316 1.4732396676176032
1317 1.4732396676176032
1318 1.4732396676176032
1319 1.8204052095723373
1320 1.8204052095723373
1321 3.8268971440912374
1322 3.8268971440912374
1323 3.8268971440912374
1324 3.199166827491587
1325 3.199166827491587
1326 3.199166827491587
1327 2.1734968308429474
1328 2.1734968308429474
1329 2.1734968308429474
1330 2.5549806187740027
1331 2.5549806187740027
1332 2.5549806187740027
1333 5.156838470765181
1334 5.156838470765181
1335 5.156838470765181
1336 4.077193403376522
1337 4.077193403376522
1338 4.077193403376522
1339 2.0490862236787986
1340 2.0490862236787986
1341 2.0490862236787986
1342 3.7295967437594557
1343 3.7295967437594557
1344 3.7295967437594557
1345 4.475427508024736
1346 4.475427508024736
1347 4.475427508024736
1348 3.988961133567196
1349 3.988961133567196
1350 3.988961133567196
1351 2.7723112748205208
1352 2.7723112748205208
1353 2.7723112748205208
1354 3.312670336023015
1355 6.876985387633789
1356 6.876985387633789
1357 6.876985387633789
1358 4.425616273956718
1359 4.425616273956718
1360 4.425616273956718
1361 3.8814850412792223
1362 3.8814850412792223
1363 3.8814850412792223
1364 2.7881471213493594
1365 2.7881471213493594
1366 2.7881471213493594
1367 4.039598470400427
1368 4.039598470400427
1369 4.039598470400427
1370 1.4802351217494527
1371 1.4802351217494527
1372 1.4802351217494527
1373 4.027510124363688
1374 4.027510124363688
1375 4.027510124363688
1376 2.7443669116997746
1377 2.7443669116997746
1378 2.7443669116997746
1379 2.223786266199769
1380 2.223786266199769
1381 2.223786266199769
1382 4.638407395987691
1383 4.638407395987691
1384 4.638407395987691
1385 4.703323683273493
1386 4.703323683273493
1387 4.703323683273493
1388 2.7952950021702248
1389 2.7952950021702248
1390 2.7952950021702248
1391 3.109381304653909
1392 3.109381304653909
1393 3.109381304653909
1394 3.1181580436871985
1395 3.1181580436871985
1396 3.1181580436871985
1397 3.3065912687911734
1398 3.3065912687911734
1399 3.3065912687911734
1400 2.1223704468389144
1401 2.1223704468389144
1402 2.1223704468389144
1403 1.5864162695759672
1404 1.5864162695759672
1405 1.5864162695759672
1406 2.2305888285781923
1407 2.2305888285781923
1408 2.2305888285781923
1409 2.6769912106597182
1410 2.6769912106597182
1411 2.6769912106597182
1412 1.7420870955307
1413 1.7420870955307
1414 1.7420870955307
1415 4.095325225570269
1416 4.095325225570269
1417 4.095325225570269
1418 1.2214366918094044
1419 1.2214366918094044
1420 1.2214366918094044
1421 2.814848921155743
1422 2.814848921155743
1423 2.814848921155743
1424 3.1674579617324508
1425 3.1674579617324508
1426 3.1674579617324508
1427 2.0502664579556664
1428 2.0502664579556664
1429 2.0502664579556664
1430 1.5887467624864189
1431 1.5887467624864189
1432 1.5887467624864189
1433 3.1518373334730234
1434 3.1518373334730234
1435 3.1518373334730234
1436 0.46728059385447107
1437 0.46728059385447107
1438 0.46728059385447107
1439 1.6195804565777205
1440 1.6195804565777205
1441 1.6195804565777205
1442 3.745298546747068
1443 3.745298546747068
1444 3.745298546747068
1445 3.2872221116693887
1446 3.2872221116693887
1447 3.2872221116693887
1448 1.9559268370731142
1449 1.9559268370731142
1450 1.9559268370731142
1451 3.5865590642974996
1452 3.5865590642974996
1453 3.5865590642974996
1454 0.7907194091035366
1455 0.7907194091035366
1456 0.7907194091035366
1457 2.0044544386502854
1458 2.0044544386502854
1459 2.0044544386502854
1460 1.391508655778494
1461 1.391508655778494
1462 1.391508655778494
1463 1.9529387282900146
1464 1.9529387282900146
1465 1.9529387282900146
1466 2.641647467612153
1467 2.641647467612153
1468 2.641647467612153
1469 1.5517579620632473
1470 1.5517579620632473
1471 1.5517579620632473
1472 1.136288035747343
1473 1.136288035747343
1474 1.136288035747343
1475 2.5543675986564582
1476 2.5543675986564582
1477 2.5543675986564582
1478 3.1485549528435572
1479 1.6679711882706703
1480 1.6679711882706703
1481 1.6679711882706703
1482 1.5698307569486558
1483 1.5698307569486558
1484 1.5698307569486558
1485 1.5878897294336793
1486 3.396973026225639
1487 3.396973026225639
1488 3.396973026225639
1489 2.368622738119307
1490 2.368622738119307
1491 2.368622738119307
1492 1.4550274484047887
1493 1.4550274484047887
1494 1.4550274484047887
1495 2.202231623231355
1496 2.202231623231355
1497 2.202231623231355
1498 3.1011826488951266
1499 3.1011826488951266
1500 3.1011826488951266
1501 2.664297121826661
1502 1.6124007159016498
1503 1.6124007159016498
1504 1.6124007159016498
1505 0.7374618456044333
1506 0.7374618456044333
1507 0.7374618456044333
1508 1.6578949577850892
1509 1.6578949577850892
1510 1.6578949577850892
1511 2.0722528136792375
1512 2.0722528136792375
1513 3.4224268550009125
1514 3.4224268550009125
1515 2.2577188851172663
1516 1.368221795469355
1517 1.368221795469355
1518 1.368221795469355
1519 1.634977807040868
1520 1.634977807040868
1521 1.634977807040868
1522 2.022667872983871
1523 2.022667872983871
1524 2.022667872983871
1525 0.5308678639486545
1526 0.5308678639486545
1527 0.5308678639486545
1528 1.0579486355082448
1529 1.0579486355082448
1530 4.08252947271499
1531 4.08252947271499
1532 4.08252947271499
1533 2.1964925022037294
1534 2.1964925022037294
1535 2.1964925022037294
1536 2.971322396099315
1537 2.971322396099315
1538 2.971322396099315
1539 4.2578867550694515
1540 4.2578867550694515
1541 4.2578867550694515
1542 3.5833034478802164
1543 3.5833034478802164
1544 3.5833034478802164
1545 3.0652734684239222
1546 3.0652734684239222
1547 3.0652734684239222
1548 2.9542591767930952
1549 2.9542591767930952
1550 2.9542591767930952
1551 4.802175502565685
1552 4.802175502565685
1553 4.802175502565685
1554 3.460518997996087
1555 3.460518997996087
1556 3.460518997996087
1557 2.8777163851644882
1558 2.8777163851644882
1559 2.8777163851644882
1560 2.7585789744876887
1561 2.7585789744876887
1562 2.7585789744876887
1563 2.146289504628764
1564 2.146289504628764
1565 2.146289504628764
1566 3.7668639133787796
1567 3.7668639133787796
1568 3.7668639133787796
1569 1.8406161769035347
1570 1.8406161769035347
1571 1.8406161769035347
1572 4.5583294065565365
1573 1.0040354582182982
1574 1.0040354582182982
1575 1.0040354582182982
1576 0.48174998299112426
1577 0.48174998299112426
1578 0.48174998299112426
1579 1.0618647965888603
1580 1.0618647965888603
1581 1.4744914826181437
1582 1.4744914826181437
1583 1.4744914826181437
1584 2.293021272833747
1585 2.293021272833747
1586 2.293021272833747
1587 0.7064704327233708
1588 0.7064704327233708
1589 0.7064704327233708
1590 1.6685327340805054
1591 1.6685327340805054
1592 1.6685327340805054
1593 2.6151234834504717
1594 2.6151234834504717
1595 2.6151234834504717
1596 0.34470794923109116
1597 0.34470794923109116
1598 0.34470794923109116
1599 1.7037720554175477
1600 1.7037720554175477
1601 2.658193068523818
1602 2.658193068523818
1603 2.658193068523818
1604 2.496768975127787
1605 2.496768975127787
1606 1.2928023234240296
1607 1.2928023234240296
1608 1.2928023234240296
1609 3.29591121709977
1610 3.29591121709977
1611 3.29591121709977
1612 2.238282207702076
1613 2.238282207702076
1614 2.238282207702076
1615 3.174578772723456
1616 3.174578772723456
1617 3.174578772723456
1618 1.5043250839502882
1619 1.5043250839502882
1620 1.5043250839502882
1621 0.51452707968878
1622 0.51452707968878
1623 0.51452707968878
1624 0.8722738112220358
1625 0.8722738112220358
1626 0.8722738112220358
1627 1.2881334309308878
1628 1.2881334309308878
1629 1.2881334309308878
1630 0.750759757147323
1631 4.767550962645936
1632 4.767550962645936
1633 4.767550962645936
1634 3.253626542682146
1635 3.253626542682146
1636 3.253626542682146
1637 3.8244450713959512
1638 3.8244450713959512
1639 3.8244450713959512
1640 2.319502134365509
1641 2.319502134365509
1642 2.319502134365509
1643 5.010682767051291
1644 5.010682767051291
1645 5.010682767051291
1646 3.172316004490294
1647 3.172316004490294
1648 3.172316004490294
1649 0.5044327277987803
1650 0.5044327277987803
1651 0.5044327277987803
1652 4.208657448262359
1653 4.208657448262359
1654 0.4302163420029046
1655 0.4302163420029046
1656 0.4302163420029046
1657 2.2817721799490127
1658 2.2817721799490127
1659 2.2817721799490127
1660 1.1199443418713968
1661 1.1199443418713968
1662 1.1199443418713968
1663 1.663587416515311
1664 1.663587416515311
1665 1.663587416515311
1666 0.8018330540224067
1667 3.9609353404554346
1668 3.9609353404554346
1669 3.9609353404554346
1670 1.8163616138205734
1671 1.8163616138205734
1672 1.8163616138205734
1673 3.3738702652811274
1674 3.3738702652811274
1675 3.3738702652811274
1676 2.9533104554771414
1677 2.9533104554771414
1678 2.9533104554771414
1679 3.148742590697379
1680 3.6112189128903074
1681 3.6112189128903074
1682 3.6112189128903074
1683 2.431055195996492
1684 2.431055195996492
1685 2.431055195996492
1686 2.172319772182901
1687 2.172319772182901
1688 2.172319772182901
1689 2.285987564521617
1690 2.285987564521617
1691 2.285987564521617
1692 1.8425575019287215
1693 1.8425575019287215
1694 1.8425575019287215
1695 1.1149594668100538
1696 1.1149594668100538
1697 1.1149594668100538
1698 2.4979211227795415
1699 2.4979211227795415
1700 2.4979211227795415
1701 0.4315560445171105
1702 0.4315560445171105
1703 0.4315560445171105
1704 3.548007721720964
1705 3.548007721720964
1706 3.548007721720964
1707 2.0384900504165255
1708 2.0384900504165255
1709 2.0384900504165255
1710 2.5340364268052267
1711 2.5340364268052267
1712 2.5340364268052267
1713 2.9895145265661354
1714 2.9895145265661354
1715 2.9895145265661354
1716 3.341456854759942
1717 3.341456854759942
1718 3.341456854759942
1719 1.684450697186836
1720 1.684450697186836
1721 1.684450697186836
1722 1.7436331446173103
1723 1.7436331446173103
1724 1.7436331446173103
1725 1.3396620715121585
1726 1.3396620715121585
1727 1.3396620715121585
1728 2.223388706205447
1729 2.223388706205447
1730 2.223388706205447
1731 2.129601962516049
1732 2.129601962516049
1733 2.129601962516049
1734 2.792996190390234
1735 2.792996190390234
1736 2.792996190390234
1737 0.8643021563394031
1738 0.8643021563394031
1739 0.8643021563394031
1740 1.1358395736852347
1741 1.1358395736852347
1742 1.1358395736852347
1743 1.8582601252580295
1744 1.8582601252580295
1745 1.8582601252580295
1746 0.9721226790378887
1747 0.9721226790378887
1748 0.9721226790378887
1749 1.2404047462901049
1750 1.2404047462901049
1751 1.2404047462901049
1752 1.7469754885608577
1753 1.7469754885608577
1754 1.7469754885608577
1755 2.130811728435454
1756 2.130811728435454
1757 2.130811728435454
1758 2.4903032614666847
1759 2.4903032614666847
1760 3.1438462753047536
1761 3.1438462753047536
1762 3.1438462753047536
1763 5.477057090556375
1764 5.477057090556375
1765 5.477057090556375
1766 5.160216066195318
1767 5.160216066195318
1768 5.160216066195318
1769 1.8566849800900018
1770 1.8566849800900018
1771 1.8566849800900018
1772 3.128585821223438
1773 3.128585821223438
1774 3.128585821223438
1775 1.28252203240034
1776 1.28252203240034
1777 1.28252203240034
1778 3.2261081952276633
1779 3.2261081952276633
1780 3.2261081952276633
1781 2.38509431039737
1782 2.38509431039737
1783 2.38509431039737
1784 2.1998160859201645
1785 2.1998160859201645
1786 2.1998160859201645
1787 1.4132250359104945
1788 1.4132250359104945
1789 1.4132250359104945
1790 1.9441798367992287
1791 1.9441798367992287
1792 1.9441798367992287
1793 3.08173787331146
1794 3.08173787331146
1795 3.08173787331146
1796 1.7597065172581132
1797 1.7597065172581132
1798 1.7597065172581132
1799 2.666207521572734
1800 2.666207521572734
1801 2.666207521572734
1802 4.1849048686643515
1803 4.1849048686643515
1804 4.1849048686643515
1805 0.7831638198178783
1806 0.7831638198178783
1807 0.629168266541127
1808 0.629168266541127
1809 0.629168266541127
1810 0.4354329365237385
1811 0.4354329365237385
1812 0.4354329365237385
1813 0.7892359950736283
1814 0.7892359950736283
1815 0.7892359950736283
1816 0.40495422564764216
1817 0.40495422564764216
1818 1.187646025541273
1819 1.187646025541273
1820 1.187646025541273
1821 1.8544874499752046
1822 1.8544874499752046
1823 1.8544874499752046
1824 5.212225592020929
1825 1.9971956623125597
1826 1.9971956623125597
1827 1.9971956623125597
1828 2.0904878187302605
1829 2.0904878187302605
1830 2.0904878187302605
1831 0.16620368151214293
1832 0.16620368151214293
1833 1.4876641849050558
1834 1.4876641849050558
1835 1.4876641849050558
1836 6.039710482420748
1837 6.039710482420748
1838 6.039710482420748
1839 2.756518809049067
1840 2.756518809049067
1841 2.2414256541421613
1842 2.2414256541421613
1843 2.2414256541421613
1844 0.8000134602852755
1845 0.8000134602852755
1846 0.8000134602852755
1847 1.007100569337307
1848 1.007100569337307
1849 1.007100569337307
1850 1.6374146720416451
1851 1.6374146720416451
1852 1.6374146720416451
1853 1.7967385073816173
1854 1.7967385073816173
1855 1.7967385073816173
1856 1.0305654328366756
1857 1.0305654328366756
1858 1.4445700876429783
1859 2.855355252097817
1860 2.855355252097817
1861 2.855355252097817
1862 2.754540208454918
1863 2.754540208454918
1864 2.754540208454918
1865 2.2736003667566393
1866 2.2736003667566393
1867 2.2736003667566393
1868 2.7482536144968996
1869 2.7482536144968996
1870 2.7482536144968996
1871 3.320682719107549
1872 3.320682719107549
1873 3.320682719107549
1874 0.9215174335090006
1875 0.9215174335090006
1876 0.9215174335090006
1877 2.823398410212092
1878 0.7258041708227226
1879 0.7258041708227226
1880 0.7258041708227226
1881 1.1220887633279795
1882 1.1220887633279795
1883 1.1220887633279795
1884 0.9394337182639287
1885 0.9394337182639287
1886 0.9394337182639287
1887 0.9697178381105145
1888 0.9697178381105145
1889 0.9697178381105145
1890 0.856928231706215
1891 0.856928231706215
1892 0.856928231706215
1893 0.6154674685157229
1894 0.6154674685157229
1895 0.6154674685157229
1896 0.8354525818419155
1897 0.8354525818419155
1898 0.8354525818419155
1899 0.3748372045036101
1900 0.3748372045036101
1901 3.0371404815450678
1902 3.0371404815450678
1903 3.0371404815450678
1904 3.102510032327401
1905 3.102510032327401
1906 3.102510032327401
1907 2.657507603758091
1908 2.657507603758091
1909 2.657507603758091
1910 1.959801448403441
1911 1.959801448403441
1912 1.959801448403441
1913 3.430924610870405
1914 3.430924610870405
1915 3.430924610870405
1916 2.5883808383961973
1917 2.5883808383961973
1918 1.5097756571445111
1919 1.5097756571445111
1920 1.5097756571445111
1921 0.9299187849862214
1922 0.9299187849862214
1923 0.9299187849862214
1924 1.0636965130681038
1925 1.0636965130681038
1926 0.4489353494825061
1927 0.4489353494825061
1928 0.4489353494825061
1929 4.261270382235971
1930 4.261270382235971
1931 4.261270382235971
1932 2.2659555816413453
1933 2.2659555816413453
1934 2.2659555816413453
1935 3.6414012278451864
1936 3.6414012278451864
1937 3.6414012278451864
1938 3.1719214981001986
1939 3.1719214981001986
1940 3.1719214981001986
1941 1.9498059087177602
1942 1.9498059087177602
1943 1.9498059087177602
1944 2.7008488280335676
1945 2.7008488280335676
1946 2.7008488280335676
1947 6.433385283583208
1948 6.433385283583208
1949 1.917649519780295
1950 1.917649519780295
1951 1.917649519780295
1952 2.262564840433712
1953 2.262564840433712
1954 2.262564840433712
1955 3.4453292897144956
1956 3.4453292897144956
1957 3.4453292897144956
1958 2.8177925941226802
1959 2.8177925941226802
1960 2.8177925941226802
1961 1.483696589237073
1962 1.483696589237073
1963 1.483696589237073
1964 1.888677919996355
1965 1.888677919996355
1966 1.888677919996355
1967 1.4879728973786832
1968 1.4879728973786832
1969 1.4879728973786832
1970 1.1198017717220858
1971 1.1198017717220858
1972 1.1198017717220858
1973 2.7722997902120263
1974 2.7722997902120263
1975 2.7722997902120263
1976 3.990042812493325
1977 3.3641520821026925
1978 1.0495868423160681
1979 1.0495868423160681
1980 1.0495868423160681
1981 1.1440726487154032
1982 1.1440726487154032
1983 1.1440726487154032
1984 1.309813182984505
1985 1.309813182984505
1986 1.309813182984505
1987 0.5708299542597276
1988 0.5708299542597276
1989 0.5708299542597276
1990 1.5632387851678664
1991 1.5632387851678664
1992 1.5632387851678664
1993 0.5867308125433288
1994 0.5867308125433288
1995 0.5867308125433288
1996 0.7073151160307511
1997 0.7073151160307511
1998 3.5946382715152496
1999 3.5946382715152496
