0 2.0447213194704994
1 2.0447213194704994
2 2.0447213194704994
3 2.0447213194704994
4 1.3475900492792765
5 1.3475900492792765
6 1.3475900492792765
7 1.3475900492792765
8 0.44574341541044116
9 0.44574341541044116
10 0.44574341541044116
11 0.44574341541044116
12 1.7960184558446246
13 1.7960184558446246
14 1.7960184558446246
15 1.7960184558446246
16 1.6211605703229286
17 1.6211605703229286
18 1.6211605703229286
19 1.6211605703229286
20 1.4599521776586983
21 1.4599521776586983
22 1.4599521776586983
23 1.4599521776586983
24 1.79238115042414
25 1.79238115042414
26 1.79238115042414
27 1.79238115042414
28 1.8520323041470128
29 1.8520323041470128
30 1.8520323041470128
31 1.8520323041470128
32 0.829920591162618
33 0.829920591162618
34 0.829920591162618
35 0.829920591162618
36 1.8884508344342252
37 1.8884508344342252
38 1.8884508344342252
39 1.8884508344342252
40 1.2111782832147315
41 1.2111782832147315
42 1.2111782832147315
43 1.2111782832147315
44 0.9195824511494816
45 0.9195824511494816
46 0.9195824511494816
47 0.9195824511494816
48 1.27370043500761
49 5.175766586941069
50 5.175766586941069
51 5.175766586941069
52 5.175766586941069
53 4.101444957261275
54 5.177858806981364
55 5.177858806981364
56 5.177858806981364
57 5.177858806981364
58 4.643174171105224
59 4.643174171105224
60 4.643174171105224
61 2.454135407835991
62 2.454135407835991
63 2.454135407835991
64 2.454135407835991
65 3.793978053288406
66 3.793978053288406
67 3.793978053288406
68 3.793978053288406
69 6.011067297550788
70 6.011067297550788
71 6.011067297550788
72 6.011067297550788
73 6.481281049763275
74 6.481281049763275
75 6.481281049763275
76 6.481281049763275
77 6.7572943912735735
78 6.7572943912735735
79 6.7572943912735735
80 6.7572943912735735
81 3.5677883484369035
82 3.5677883484369035
83 3.5677883484369035
84 3.5677883484369035
85 5.553810140637921
86 5.553810140637921
87 5.553810140637921
88 5.553810140637921
89 3.864503838131235
90 3.864503838131235
91 3.864503838131235
92 3.864503838131235
93 6.459703973830575
94 6.459703973830575
95 6.459703973830575
96 6.459703973830575
97 5.704266230271697
98 5.704266230271697
99 5.704266230271697
100 5.704266230271697
101 3.3133109807634122
102 3.3133109807634122
103 3.3133109807634122
104 3.3133109807634122
105 4.193791570914961
106 4.193791570914961
107 4.193791570914961
108 4.193791570914961
109 3.529319992408558
110 3.529319992408558
111 3.529319992408558
112 3.529319992408558
113 1.8435554268236305
114 1.8435554268236305
115 1.8435554268236305
116 1.8435554268236305
117 5.768673887233187
118 5.768673887233187
119 5.768673887233187
120 5.768673887233187
121 6.250771605811561
122 6.250771605811561
123 6.250771605811561
124 6.250771605811561
125 2.77086267313805
126 2.77086267313805
127 2.77086267313805
128 2.77086267313805
129 3.1457236959594703
130 3.1457236959594703
131 3.1457236959594703
132 3.1457236959594703
133 4.068137566685033
134 4.068137566685033
135 4.068137566685033
136 4.068137566685033
137 4.500473030941655
138 4.500473030941655
139 4.500473030941655
140 4.500473030941655
141 4.186505145480733
142 4.186505145480733
143 4.186505145480733
144 4.186505145480733
145 4.730899290744754
146 4.730899290744754
147 4.730899290744754
148 4.730899290744754
149 4.756980769164255
150 4.756980769164255
151 4.756980769164255
152 4.756980769164255
153 5.364166365196024
154 5.364166365196024
155 5.364166365196024
156 5.364166365196024
157 3.9206586386539994
158 3.9206586386539994
159 3.9206586386539994
160 3.9206586386539994
161 5.167026063966536
162 5.167026063966536
163 5.167026063966536
164 5.167026063966536
165 4.049085226812289
166 4.049085226812289
167 4.049085226812289
168 4.049085226812289
169 5.946445658757215
170 5.946445658757215
171 5.946445658757215
172 5.946445658757215
173 3.1899806879094914
174 3.1899806879094914
175 3.1899806879094914
176 3.1899806879094914
177 2.4964142045995996
178 2.4964142045995996
179 2.4964142045995996
180 2.4964142045995996
181 6.343554201719826
182 6.343554201719826
183 6.343554201719826
184 6.343554201719826
185 7.270757165746979
186 7.270757165746979
187 1.8733841157902626
188 1.8733841157902626
189 1.8733841157902626
190 1.8733841157902626
191 3.6025007389556984
192 3.6025007389556984
193 3.6025007389556984
194 3.6025007389556984
195 2.1485462390139487
196 2.1485462390139487
197 2.1485462390139487
198 2.1485462390139487
199 4.4077324628173296
200 4.4077324628173296
201 4.4077324628173296
202 4.4077324628173296
203 3.274911258369689
204 3.274911258369689
205 3.274911258369689
206 3.274911258369689
207 2.906852475059176
208 2.906852475059176
209 2.906852475059176
210 2.906852475059176
211 2.96101459656836
212 2.96101459656836
213 2.96101459656836
214 2.96101459656836
215 5.354782234863828
216 5.354782234863828
217 5.354782234863828
218 5.354782234863828
219 2.675050424313898
220 2.675050424313898
221 2.675050424313898
222 2.675050424313898
223 2.619404665181169
224 2.619404665181169
225 2.619404665181169
226 2.619404665181169
227 2.0395053498502906
228 2.0395053498502906
229 2.0395053498502906
230 2.0395053498502906
231 2.652427077493595
232 2.652427077493595
233 2.652427077493595
234 2.652427077493595
235 1.980866390221835
236 1.980866390221835
237 1.980866390221835
238 1.980866390221835
239 4.4475425402042585
240 4.4475425402042585
241 4.4475425402042585
242 4.4475425402042585
243 3.376949280053901
244 3.376949280053901
245 3.376949280053901
246 3.376949280053901
247 1.077870509405729
248 1.077870509405729
249 1.077870509405729
250 1.077870509405729
251 3.7072955424671923
252 3.7072955424671923
253 3.7072955424671923
254 3.7072955424671923
255 2.5979496353877627
256 2.5979496353877627
257 2.5979496353877627
258 2.5979496353877627
259 2.160773510159178
260 2.160773510159178
261 2.160773510159178
262 2.160773510159178
263 2.4036169545736206
264 2.4036169545736206
265 2.4036169545736206
266 2.4036169545736206
267 4.321460730356509
268 1.7283875223532612
269 1.7283875223532612
270 1.7283875223532612
271 4.088177107773117
272 4.088177107773117
273 4.088177107773117
274 4.088177107773117
275 3.144959230890287
276 3.144959230890287
277 3.144959230890287
278 3.144959230890287
279 4.415388459357008
280 4.415388459357008
281 4.415388459357008
282 4.415388459357008
283 2.7516002932606844
284 2.7516002932606844
285 2.7516002932606844
286 2.7516002932606844
287 1.6179131165528073
288 1.6179131165528073
289 1.6179131165528073
290 1.6179131165528073
291 3.2972633888749154
292 3.2972633888749154
293 3.2972633888749154
294 3.2972633888749154
295 2.4517169957767835
296 2.4517169957767835
297 2.4517169957767835
298 2.4517169957767835
299 4.690877357054617
300 4.690877357054617
301 4.690877357054617
302 4.690877357054617
303 3.223183393233937
304 3.223183393233937
305 3.223183393233937
306 3.223183393233937
307 2.192977077872766
308 2.192977077872766
309 2.192977077872766
310 2.192977077872766
311 3.063568264806885
312 3.063568264806885
313 3.063568264806885
314 3.063568264806885
315 6.353035473727497
316 6.353035473727497
317 6.353035473727497
318 6.353035473727497
319 2.4699112886309553
320 2.4699112886309553
321 2.4699112886309553
322 2.4699112886309553
323 1.8926277449256972
324 1.8926277449256972
325 1.8926277449256972
326 1.8926277449256972
327 1.9463506037108103
328 1.9463506037108103
329 1.9463506037108103
330 1.9463506037108103
331 2.9774623847507278
332 2.9774623847507278
333 2.9774623847507278
334 2.9774623847507278
335 1.1609197088992667
336 1.1609197088992667
337 1.1609197088992667
338 1.1609197088992667
339 1.8610897578983576
340 1.8610897578983576
341 1.8610897578983576
342 1.413702564008697
343 1.413702564008697
344 1.413702564008697
345 1.413702564008697
346 0.7421564013052929
347 0.7421564013052929
348 0.7421564013052929
349 0.7421564013052929
350 0.7090728048244315
351 0.7090728048244315
352 0.7090728048244315
353 0.7090728048244315
354 1.4361754625747
355 1.4361754625747
356 1.4361754625747
357 1.4361754625747
358 0.6624839527251369
359 0.6624839527251369
360 0.6624839527251369
361 0.6624839527251369
362 0.7989173266041664
363 0.7989173266041664
364 0.7989173266041664
365 0.7989173266041664
366 1.2374074524613559
367 1.2374074524613559
368 1.2374074524613559
369 3.9747453211583026
370 3.9747453211583026
371 3.9747453211583026
372 3.9747453211583026
373 1.8965874387066928
374 1.8965874387066928
375 1.8965874387066928
376 1.8965874387066928
377 2.1480322976299213
378 2.1480322976299213
379 2.1480322976299213
380 2.1480322976299213
381 2.373577888899917
382 2.373577888899917
383 2.373577888899917
384 2.373577888899917
385 2.6048735143936006
386 2.6048735143936006
387 2.6048735143936006
388 2.6048735143936006
389 2.364069895126752
390 2.364069895126752
391 2.364069895126752
392 2.364069895126752
393 0.9899368730236491
394 0.9899368730236491
395 0.9899368730236491
396 0.9899368730236491
397 3.2023094781412036
398 3.2023094781412036
399 3.2023094781412036
400 3.2023094781412036
401 2.26095935470866
402 2.26095935470866
403 0.9399427213769913
404 0.9399427213769913
405 0.9399427213769913
406 0.9399427213769913
407 0.7481864527655525
408 0.7481864527655525
409 0.7481864527655525
410 0.7481864527655525
411 0.5984428013602242
412 0.5984428013602242
413 0.5984428013602242
414 0.5984428013602242
415 1.2351845991807529
416 1.2351845991807529
417 1.2351845991807529
418 1.2351845991807529
419 0.7353948524010713
420 0.7353948524010713
421 0.7353948524010713
422 0.7353948524010713
423 0.5895262311248068
424 0.5895262311248068
425 0.5895262311248068
426 0.5895262311248068
427 0.8980636774778161
428 0.8980636774778161
429 0.8980636774778161
430 0.8980636774778161
431 0.8970603530255167
432 0.8970603530255167
433 0.8970603530255167
434 0.8970603530255167
435 0.8910744544336436
436 0.8910744544336436
437 0.8910744544336436
438 0.8910744544336436
439 0.49630853218942816
440 0.49630853218942816
441 0.49630853218942816
442 0.49630853218942816
443 0.799158701294379
444 0.799158701294379
445 0.799158701294379
446 0.799158701294379
447 0.7449489877516339
448 0.7449489877516339
449 0.7449489877516339
450 0.7449489877516339
451 0.8242617578991625
452 0.8242617578991625
453 0.8242617578991625
454 0.8242617578991625
455 3.738878400530756
456 3.738878400530756
457 0.9107929487509483
458 0.9107929487509483
459 0.9107929487509483
460 0.9107929487509483
461 3.022068529106772
462 3.022068529106772
463 3.022068529106772
464 3.022068529106772
465 4.118853346772213
466 4.118853346772213
467 4.118853346772213
468 4.118853346772213
469 2.517654933698791
470 2.517654933698791
471 2.517654933698791
472 2.517654933698791
473 2.5863361902460817
474 2.5863361902460817
475 2.5863361902460817
476 2.5863361902460817
477 2.092412446371071
478 2.092412446371071
479 2.092412446371071
480 2.092412446371071
481 1.6980159334482936
482 1.6980159334482936
483 1.6980159334482936
484 1.6980159334482936
485 2.5455715395145897
486 2.5455715395145897
487 2.5455715395145897
488 2.5455715395145897
489 2.647492617043776
490 2.647492617043776
491 2.647492617043776
492 2.647492617043776
493 3.527593293958912
494 3.527593293958912
495 3.527593293958912
496 3.527593293958912
497 4.918808669185326
498 4.918808669185326
499 4.918808669185326
500 4.918808669185326
501 4.642589922653352
502 4.642589922653352
503 4.642589922653352
504 4.642589922653352
505 2.8603424182208634
506 2.8603424182208634
507 2.8603424182208634
508 2.8603424182208634
509 2.751211760454007
510 2.751211760454007
511 2.751211760454007
512 2.751211760454007
513 2.719479575036144
514 2.0211531078344938
515 2.0211531078344938
516 2.0211531078344938
517 2.0211531078344938
518 4.088068652457701
519 4.088068652457701
520 4.088068652457701
521 4.088068652457701
522 4.940420120522677
523 4.940420120522677
524 4.940420120522677
525 4.940420120522677
526 4.736490021525331
527 4.736490021525331
528 4.736490021525331
529 0.8537143517791798
530 0.8537143517791798
531 0.8537143517791798
532 0.8537143517791798
533 0.4298350037590536
534 0.4298350037590536
535 0.4298350037590536
536 0.4298350037590536
537 1.2264931172845759
538 1.2264931172845759
539 1.2264931172845759
540 1.2264931172845759
541 1.6319888079195408
542 1.6319888079195408
543 1.6319888079195408
544 1.6319888079195408
545 1.0641854310427694
546 1.0641854310427694
547 1.0641854310427694
548 1.0641854310427694
549 0.7469574617834354
550 0.7469574617834354
551 0.7469574617834354
552 0.7469574617834354
553 0.9215838850018873
554 0.9215838850018873
555 0.9215838850018873
556 0.9215838850018873
557 0.5692478340882824
558 0.5692478340882824
559 4.721807464376106
560 4.721807464376106
561 1.3948541187212282
562 1.3948541187212282
563 1.3948541187212282
564 1.3948541187212282
565 1.376472010951419
566 1.376472010951419
567 1.376472010951419
568 1.376472010951419
569 0.9013985028258247
570 0.9013985028258247
571 0.9013985028258247
572 0.9013985028258247
573 1.085244899034081
574 0.1
575 0.1
576 0.1
577 0.1
578 4.985266279274947
579 0.807690265551654
580 0.807690265551654
581 0.807690265551654
582 0.807690265551654
583 0.8846686671439999
584 0.8846686671439999
585 3.108151678404558
586 3.108151678404558
587 3.108151678404558
588 3.108151678404558
589 3.364035553909888
590 3.364035553909888
591 3.364035553909888
592 3.364035553909888
593 1.947682273984774
594 1.947682273984774
595 1.947682273984774
596 1.947682273984774
597 1.3706911511773567
598 1.3706911511773567
599 1.3706911511773567
600 1.3706911511773567
601 3.516882563315037
602 3.516882563315037
603 3.516882563315037
604 3.516882563315037
605 3.4368328573704607
606 3.4368328573704607
607 3.4368328573704607
608 3.4368328573704607
609 1.7434558230641746
610 1.7434558230641746
611 1.7434558230641746
612 1.7434558230641746
613 2.1156708607155688
614 2.1156708607155688
615 2.1156708607155688
616 2.1156708607155688
617 2.036715913317816
618 2.036715913317816
619 2.036715913317816
620 2.036715913317816
621 3.7649279313243413
622 3.7649279313243413
623 3.7649279313243413
624 3.7649279313243413
625 3.835777006026289
626 3.835777006026289
627 3.835777006026289
628 3.835777006026289
629 1.814826270726636
630 1.814826270726636
631 1.814826270726636
632 1.814826270726636
633 2.998841353799422
634 2.998841353799422
635 2.998841353799422
636 2.998841353799422
637 3.7612190778224215
638 3.7612190778224215
639 3.7612190778224215
640 3.7612190778224215
641 2.8902056306278867
642 2.8902056306278867
643 2.8902056306278867
644 2.8902056306278867
645 3.464482179501724
646 3.464482179501724
647 3.464482179501724
648 3.464482179501724
649 1.3245670320196088
650 1.3245670320196088
651 1.3245670320196088
652 1.3245670320196088
653 3.1516057938020263
654 3.1516057938020263
655 3.1516057938020263
656 3.1516057938020263
657 2.208426114719503
658 2.208426114719503
659 2.208426114719503
660 2.208426114719503
661 2.1990701480389583
662 2.1990701480389583
663 2.1990701480389583
664 2.1990701480389583
665 2.2714932803443384
666 2.2714932803443384
667 2.2714932803443384
668 2.2714932803443384
669 2.5753224714738523
670 2.5753224714738523
671 2.5753224714738523
672 2.5753224714738523
673 2.6883252170793623
674 2.6883252170793623
675 2.6883252170793623
676 2.6883252170793623
677 1.3409391005600715
678 1.3409391005600715
679 1.3409391005600715
680 1.3409391005600715
681 1.7966140033833116
682 1.7966140033833116
683 1.7966140033833116
684 1.7966140033833116
685 1.286510460464764
686 1.286510460464764
687 1.286510460464764
688 1.286510460464764
689 1.7478841724667888
690 1.7478841724667888
691 1.7478841724667888
692 1.7478841724667888
693 1.6339733591820025
694 1.6339733591820025
695 1.6339733591820025
696 1.6339733591820025
697 2.5967177995325827
698 2.5967177995325827
699 1.2926859422907093
700 1.2926859422907093
701 1.2926859422907093
702 1.2926859422907093
703 2.6018661132823375
704 2.6018661132823375
705 2.6018661132823375
706 2.6018661132823375
707 3.1637092574578425
708 3.1637092574578425
709 3.1637092574578425
710 3.1637092574578425
711 3.3271233759223913
712 3.3271233759223913
713 3.3271233759223913
714 3.3271233759223913
715 2.723157751012116
716 2.723157751012116
717 2.723157751012116
718 2.723157751012116
719 2.9328761294931294
720 2.9328761294931294
721 2.9328761294931294
722 2.9328761294931294
723 2.7824862708241302
724 2.7824862708241302
725 2.7824862708241302
726 2.7824862708241302
727 2.262492943986958
728 2.262492943986958
729 2.262492943986958
730 2.262492943986958
731 1.6049788078769818
732 1.6049788078769818
733 1.6049788078769818
734 1.6049788078769818
735 3.5163116745382816
736 3.5163116745382816
737 3.5163116745382816
738 3.5163116745382816
739 1.9328175807564145
740 1.9328175807564145
741 1.9328175807564145
742 1.9328175807564145
743 3.7760130676675425
744 3.7760130676675425
745 3.7760130676675425
746 3.7760130676675425
747 3.0565091056909117
748 3.0565091056909117
749 3.0565091056909117
750 3.0565091056909117
751 3.762048461259212
752 3.762048461259212
753 3.762048461259212
754 3.762048461259212
755 2.754092253731174
756 2.754092253731174
757 2.754092253731174
758 2.754092253731174
759 3.112013315100264
760 3.112013315100264
761 3.112013315100264
762 3.112013315100264
763 1.9986041919386106
764 1.9986041919386106
765 1.9986041919386106
766 1.9986041919386106
767 2.708121057912115
768 2.708121057912115
769 2.708121057912115
770 2.708121057912115
771 2.154465668183281
772 2.154465668183281
773 2.154465668183281
774 2.154465668183281
775 3.2799641483929642
776 3.2799641483929642
777 3.2799641483929642
778 3.2799641483929642
779 3.2916877369189876
780 3.2916877369189876
781 3.2916877369189876
782 3.2916877369189876
783 2.5518715671949908
784 2.5518715671949908
785 2.5518715671949908
786 2.5518715671949908
787 2.900375056123535
788 2.900375056123535
789 2.900375056123535
790 2.900375056123535
791 1.7508291469167014
792 1.7508291469167014
793 1.7508291469167014
794 1.5892719262673096
795 1.5892719262673096
796 1.5892719262673096
797 1.5892719262673096
798 1.2393189834588942
799 1.2393189834588942
800 1.2393189834588942
801 1.2393189834588942
802 1.6156677977757932
803 1.6156677977757932
804 1.6156677977757932
805 1.6156677977757932
806 1.1093537368799964
807 1.1093537368799964
808 1.1093537368799964
809 1.1093537368799964
810 1.7822750844735005
811 1.7822750844735005
812 1.7822750844735005
813 1.7822750844735005
814 1.9174532157258988
815 1.9174532157258988
816 1.9174532157258988
817 1.9174532157258988
818 0.9997651859310565
819 0.9997651859310565
820 0.9997651859310565
821 0.9997651859310565
822 1.9231321302365645
823 1.9231321302365645
824 1.9231321302365645
825 1.9231321302365645
826 1.9365931742472764
827 1.9365931742472764
828 1.9365931742472764
829 1.9365931742472764
830 1.7964758564893544
831 1.7964758564893544
832 1.7964758564893544
833 1.7964758564893544
834 1.7350637331453365
835 1.7350637331453365
836 1.7350637331453365
837 1.7350637331453365
838 1.8191126990349937
839 1.8191126990349937
840 1.8191126990349937
841 1.8191126990349937
842 2.1398296700436643
843 2.1398296700436643
844 2.1398296700436643
845 2.1398296700436643
846 1.6014965482925783
847 1.6014965482925783
848 1.6014965482925783
849 1.6014965482925783
850 0.532125535065797
851 0.532125535065797
852 0.532125535065797
853 0.532125535065797
854 2.08367132073825
855 2.08367132073825
856 2.08367132073825
857 2.08367132073825
858 2.047135351953129
859 2.047135351953129
860 2.047135351953129
861 2.047135351953129
862 1.0896152172019475
863 1.0896152172019475
864 1.0896152172019475
865 1.0896152172019475
866 1.912743103655922
867 1.912743103655922
868 1.912743103655922
869 1.912743103655922
870 1.8671084564081266
871 1.8671084564081266
872 1.8671084564081266
873 1.8671084564081266
874 1.199929038993335
875 1.199929038993335
876 1.199929038993335
877 1.7221951109255138
878 1.7221951109255138
879 1.7221951109255138
880 1.7221951109255138
881 1.2921319281434385
882 1.2921319281434385
883 1.2921319281434385
884 1.2921319281434385
885 2.0604604403475024
886 2.0604604403475024
887 2.0604604403475024
888 2.0604604403475024
889 1.8729192343550245
890 1.8729192343550245
891 1.8729192343550245
892 1.8729192343550245
893 0.5732232410098099
894 0.5732232410098099
895 0.5732232410098099
896 0.5732232410098099
897 2.5132650117499398
898 2.5132650117499398
899 2.5132650117499398
900 2.5132650117499398
901 2.352616009952955
902 1.2900460825176334
903 1.2900460825176334
904 1.2900460825176334
905 1.2900460825176334
906 1.1015321464851349
907 1.1015321464851349
908 1.1015321464851349
909 1.1015321464851349
910 1.5287811142345704
911 1.5287811142345704
912 1.5287811142345704
913 1.5287811142345704
914 2.2018107269575715
915 2.2018107269575715
916 1.0588504177794638
917 1.0588504177794638
918 1.0588504177794638
919 1.0588504177794638
920 1.6704648922237042
921 1.6704648922237042
922 1.6704648922237042
923 1.6704648922237042
924 1.1022582611316891
925 1.1022582611316891
926 1.1022582611316891
927 1.1022582611316891
928 1.091862390220251
929 1.091862390220251
930 1.091862390220251
931 1.091862390220251
932 1.5311056229308895
933 1.5311056229308895
934 1.5311056229308895
935 1.5311056229308895
936 1.2282287803217444
937 1.2282287803217444
938 1.2282287803217444
939 1.2282287803217444
940 1.7806703264678996
941 1.7806703264678996
942 1.7806703264678996
943 1.7806703264678996
944 0.22932730286061598
945 0.22932730286061598
946 0.22932730286061598
947 0.22932730286061598
948 0.6538834313481685
949 0.8061782388873574
950 0.8061782388873574
951 0.8061782388873574
952 0.8061782388873574
953 0.9397639251481302
954 1.0175146926458796
955 1.0175146926458796
956 1.0175146926458796
957 1.0175146926458796
958 0.9070031524562825
959 0.9070031524562825
960 0.9070031524562825
961 0.9070031524562825
962 1.4918209167412118
963 1.4918209167412118
964 1.4918209167412118
965 1.4918209167412118
966 1.6332089538216983
967 1.6332089538216983
968 1.6332089538216983
969 1.6332089538216983
970 1.4997988038008971
971 1.4997988038008971
972 1.4997988038008971
973 1.4997988038008971
974 1.0701781014445486
975 1.0701781014445486
976 1.0701781014445486
977 1.0701781014445486
978 4.747692254723975
979 3.571622918373644
980 3.571622918373644
981 3.571622918373644
982 3.571622918373644
983 3.9753234925022625
984 3.9753234925022625
985 3.9753234925022625
986 3.9753234925022625
987 3.0605624249547088
988 3.0605624249547088
989 3.0605624249547088
990 3.0605624249547088
991 2.8021008835279617
992 2.8021008835279617
993 2.8021008835279617
994 2.8021008835279617
995 1.571136700875614
996 1.571136700875614
997 1.571136700875614
998 1.571136700875614
999 4.344755062351577
1000 4.344755062351577
1001 4.344755062351577
1002 4.344755062351577
1003 3.742824411508958
1004 3.742824411508958
1005 3.742824411508958
1006 3.742824411508958
1007 3.867707754325905
1008 3.867707754325905
1009 3.867707754325905
1010 3.867707754325905
1011 3.5252230279953194
1012 3.5252230279953194
1013 3.5252230279953194
1014 3.5252230279953194
1015 3.141356312336407
1016 3.6410958577721177
1017 3.6410958577721177
1018 3.6410958577721177
1019 3.6410958577721177
1020 2.5928713281942106
1021 2.5928713281942106
1022 2.5928713281942106
1023 2.5928713281942106
1024 4.730235904983209
1025 4.730235904983209
1026 4.730235904983209
1027 4.730235904983209
1028 3.5546635995447966
1029 3.5546635995447966
1030 3.5546635995447966
1031 3.5546635995447966
1032 2.0313916651286448
1033 2.0313916651286448
1034 2.0313916651286448
1035 2.0313916651286448
1036 1.8348953071156828
1037 1.8348953071156828
1038 1.8348953071156828
1039 1.8348953071156828
1040 2.04583372290958
1041 2.04583372290958
1042 2.04583372290958
1043 2.04583372290958
1044 2.470284791308994
1045 2.470284791308994
1046 2.470284791308994
1047 2.470284791308994
1048 2.99564874814649
1049 2.99564874814649
1050 2.99564874814649
1051 2.99564874814649
1052 2.431838795901286
1053 2.431838795901286
1054 2.431838795901286
1055 2.431838795901286
1056 2.267935728315963
1057 2.267935728315963
1058 2.267935728315963
1059 2.267935728315963
1060 2.464275667990659
1061 2.464275667990659
1062 2.464275667990659
1063 2.464275667990659
1064 2.889643521268618
1065 2.889643521268618
1066 2.889643521268618
1067 2.889643521268618
1068 3.1254376554569023
1069 3.1254376554569023
1070 3.1254376554569023
1071 3.1254376554569023
1072 2.2439481212814925
1073 2.2439481212814925
1074 2.2439481212814925
1075 2.2439481212814925
1076 2.742139398419817
1077 2.742139398419817
1078 2.742139398419817
1079 2.742139398419817
1080 2.1816560470999256
1081 2.1816560470999256
1082 2.1816560470999256
1083 2.1816560470999256
1084 4.370763534031193
1085 4.370763534031193
1086 4.370763534031193
1087 4.370763534031193
1088 3.777329040927512
1089 3.777329040927512
1090 3.777329040927512
1091 4.9903001248004015
1092 4.9903001248004015
1093 4.9903001248004015
1094 2.39537636939723
1095 2.39537636939723
1096 2.39537636939723
1097 2.39537636939723
1098 3.3486739664006455
1099 3.3486739664006455
1100 3.3486739664006455
1101 3.3486739664006455
1102 3.8282931043732384
1103 3.8282931043732384
1104 3.8282931043732384
1105 3.8282931043732384
1106 2.7424608766446537
1107 2.7424608766446537
1108 2.7424608766446537
1109 2.7424608766446537
1110 3.213113311566164
1111 3.213113311566164
1112 3.213113311566164
1113 3.213113311566164
1114 3.0935465840283336
1115 3.0935465840283336
1116 3.0935465840283336
1117 3.0935465840283336
1118 2.587933214905739
1119 2.587933214905739
1120 2.587933214905739
1121 2.587933214905739
1122 1.736955258387777
1123 1.736955258387777
1124 1.736955258387777
1125 1.736955258387777
1126 1.8875569164772439
1127 1.8875569164772439
1128 1.8875569164772439
1129 1.8875569164772439
1130 3.8351230255921953
1131 3.8351230255921953
1132 3.8351230255921953
1133 3.8351230255921953
1134 1.9994823711945915
1135 1.9994823711945915
1136 1.9994823711945915
1137 1.9994823711945915
1138 2.7362425876993295
1139 2.7362425876993295
1140 2.7362425876993295
1141 2.7362425876993295
1142 2.513914896044391
1143 2.513914896044391
1144 2.513914896044391
1145 2.513914896044391
1146 2.6875492943928876
1147 2.6875492943928876
1148 2.6875492943928876
1149 2.6875492943928876
1150 2.957000133347347
1151 2.957000133347347
1152 2.957000133347347
1153 2.957000133347347
1154 1.784326255442937
1155 1.784326255442937
1156 1.784326255442937
1157 1.784326255442937
1158 4.137382900706874
1159 4.137382900706874
1160 4.137382900706874
1161 4.137382900706874
1162 4.325026640451204
1163 4.325026640451204
1164 4.325026640451204
1165 4.325026640451204
1166 3.6030947010831813
1167 3.6030947010831813
1168 3.6030947010831813
1169 3.6030947010831813
1170 2.4540610172151522
1171 2.4540610172151522
1172 2.4540610172151522
1173 2.4540610172151522
1174 2.0133257872292716
1175 2.0133257872292716
1176 2.0133257872292716
1177 2.0133257872292716
1178 1.3984719711648939
1179 1.3984719711648939
1180 1.3984719711648939
1181 1.3984719711648939
1182 1.3806216193823722
1183 1.3806216193823722
1184 1.3806216193823722
1185 1.3806216193823722
1186 2.1363989048275736
1187 2.1363989048275736
1188 2.1363989048275736
1189 2.1363989048275736
1190 2.719068895234358
1191 2.719068895234358
1192 2.719068895234358
1193 2.719068895234358
1194 3.8184066250284894
1195 3.8184066250284894
1196 3.8184066250284894
1197 3.8184066250284894
1198 4.483896652956597
1199 4.483896652956597
1200 4.483896652956597
1201 4.483896652956597
1202 3.66597564958746
1203 3.66597564958746
1204 3.66597564958746
1205 3.66597564958746
1206 4.879899632091868
1207 4.879899632091868
1208 4.879899632091868
1209 4.879899632091868
1210 3.2164770327480294
1211 3.2164770327480294
1212 3.2164770327480294
1213 3.2164770327480294
1214 5.666044463330341
1215 5.666044463330341
1216 5.666044463330341
1217 5.666044463330341
1218 3.716132376067859
1219 3.716132376067859
1220 3.716132376067859
1221 3.716132376067859
1222 1.529077090406941
1223 1.529077090406941
1224 1.529077090406941
1225 1.529077090406941
1226 4.9557618319638745
1227 3.3709864080472793
1228 3.3709864080472793
1229 3.3709864080472793
1230 3.3709864080472793
1231 2.1429352897734226
1232 2.1429352897734226
1233 2.1429352897734226
1234 2.1429352897734226
1235 1.9811457498098495
1236 1.9811457498098495
1237 1.9811457498098495
1238 1.9811457498098495
1239 2.278679970330688
1240 2.278679970330688
1241 2.278679970330688
1242 2.278679970330688
1243 2.8174780938699966
1244 2.8174780938699966
1245 2.8174780938699966
1246 0.7513522165888102
1247 0.7513522165888102
1248 0.7513522165888102
1249 0.7513522165888102
1250 3.429514288647094
1251 3.429514288647094
1252 3.429514288647094
1253 3.429514288647094
1254 2.4236101591991317
1255 2.4236101591991317
1256 2.4236101591991317
1257 2.4236101591991317
1258 2.61857720988226
1259 2.61857720988226
1260 2.61857720988226
1261 2.61857720988226
1262 2.493794945232664
1263 2.493794945232664
1264 2.493794945232664
1265 2.493794945232664
1266 1.2938092541225412
1267 1.2938092541225412
1268 0.19538516998746733
1269 0.19538516998746733
1270 0.19538516998746733
1271 0.19538516998746733
1272 0.2079253819718237
1273 0.2079253819718237
1274 0.2079253819718237
1275 0.2079253819718237
1276 0.20914082260523928
1277 0.20914082260523928
1278 0.20914082260523928
1279 0.20914082260523928
1280 0.18513631577454998
1281 0.18513631577454998
1282 0.18513631577454998
1283 0.18513631577454998
1284 0.17193321511138435
1285 0.17193321511138435
1286 0.17193321511138435
1287 0.17193321511138435
1288 0.22201601105896432
1289 1.2581271783164674
1290 1.2581271783164674
1291 1.2581271783164674
1292 1.2581271783164674
1293 1.0726433076484618
1294 1.0726433076484618
1295 1.0726433076484618
1296 1.0726433076484618
1297 0.9690760369234315
1298 0.9690760369234315
1299 0.9690760369234315
1300 0.9690760369234315
1301 1.7672548957406646
1302 1.7672548957406646
1303 1.7672548957406646
1304 1.7672548957406646
1305 1.292640395204724
1306 1.292640395204724
1307 1.292640395204724
1308 1.292640395204724
1309 1.4212934395053354
1310 1.4212934395053354
1311 1.4212934395053354
1312 1.4212934395053354
1313 1.3802643997505113
1314 1.3802643997505113
1315 1.3802643997505113
1316 1.3802643997505113
1317 0.8199647355989299
1318 0.8199647355989299
1319 0.8199647355989299
1320 0.8199647355989299
1321 1.011045654878745
1322 1.011045654878745
1323 1.011045654878745
1324 1.011045654878745
1325 1.8919446009627816
1326 1.8919446009627816
1327 1.8919446009627816
1328 1.8919446009627816
1329 1.9975822560920788
1330 1.9975822560920788
1331 1.9975822560920788
1332 1.9975822560920788
1333 0.8187766922497749
1334 0.8187766922497749
1335 0.8187766922497749
1336 0.8187766922497749
1337 0.9646005933008616
1338 0.9646005933008616
1339 0.9646005933008616
1340 0.9646005933008616
1341 1.1719379368898717
1342 1.1719379368898717
1343 1.1719379368898717
1344 1.1719379368898717
1345 0.8567089690291934
1346 0.8567089690291934
1347 0.8567089690291934
1348 0.8567089690291934
1349 0.9893927557818861
1350 0.9893927557818861
1351 0.9893927557818861
1352 0.9893927557818861
1353 0.6887849731650648
1354 0.6887849731650648
1355 0.6887849731650648
1356 0.6887849731650648
1357 0.9107161922595965
1358 0.9107161922595965
1359 0.9107161922595965
1360 0.9107161922595965
1361 0.9874224990404559
1362 0.9874224990404559
1363 0.9874224990404559
1364 0.9874224990404559
1365 1.318984516164487
1366 1.318984516164487
1367 1.318984516164487
1368 1.318984516164487
1369 0.87516647760679
1370 0.87516647760679
1371 0.87516647760679
1372 0.87516647760679
1373 0.5264133611270149
1374 0.5264133611270149
1375 0.5264133611270149
1376 0.5264133611270149
1377 0.8167888268963479
1378 0.8167888268963479
1379 0.8167888268963479
1380 0.8167888268963479
1381 1.4453690957220418
1382 1.4453690957220418
1383 1.4453690957220418
1384 1.4453690957220418
1385 1.225677938090826
1386 1.225677938090826
1387 1.225677938090826
1388 1.225677938090826
1389 0.8937933218021024
1390 0.8937933218021024
1391 0.8937933218021024
1392 0.8937933218021024
1393 1.4917829151886082
1394 1.4917829151886082
1395 1.4917829151886082
1396 1.4917829151886082
1397 0.5336507228727507
1398 0.5336507228727507
1399 0.5336507228727507
1400 0.5336507228727507
1401 0.5010229262144739
1402 0.5010229262144739
1403 0.5010229262144739
1404 0.5010229262144739
1405 2.318742262748824
1406 3.3215788611886374
1407 3.3215788611886374
1408 3.3215788611886374
1409 1.4094072410478153
1410 1.4094072410478153
1411 1.4094072410478153
1412 1.4094072410478153
1413 1.959742321061812
1414 1.959742321061812
1415 1.959742321061812
1416 1.959742321061812
1417 0.7808145302398813
1418 0.7808145302398813
1419 2.229512233865417
1420 2.229512233865417
1421 2.229512233865417
1422 2.229512233865417
1423 1.7841107556036437
1424 1.7841107556036437
1425 5.070208359312059
1426 5.070208359312059
1427 5.070208359312059
1428 5.070208359312059
1429 4.045241847108973
1430 4.045241847108973
1431 4.045241847108973
1432 4.045241847108973
1433 4.717006582082198
1434 4.717006582082198
1435 3.538273982326854
1436 3.538273982326854
1437 3.538273982326854
1438 3.538273982326854
1439 5.11720792052565
1440 5.11720792052565
1441 2.947638916578288
1442 2.947638916578288
1443 2.947638916578288
1444 2.947638916578288
1445 2.0483056836986613
1446 2.0483056836986613
1447 2.0483056836986613
1448 2.0483056836986613
1449 3.988966307762667
1450 3.988966307762667
1451 3.988966307762667
1452 3.988966307762667
1453 4.368815024234237
1454 4.368815024234237
1455 4.368815024234237
1456 4.368815024234237
1457 2.4105916744461227
1458 2.4105916744461227
1459 2.4105916744461227
1460 2.4105916744461227
1461 2.100662817947892
1462 2.100662817947892
1463 2.100662817947892
1464 2.100662817947892
1465 3.144590778839933
1466 3.144590778839933
1467 3.144590778839933
1468 3.144590778839933
1469 3.5904642509309643
1470 3.5904642509309643
1471 3.5904642509309643
1472 3.5904642509309643
1473 3.06949647498568
1474 3.06949647498568
1475 3.06949647498568
1476 3.06949647498568
1477 1.2948352458383205
1478 1.2948352458383205
1479 1.2948352458383205
1480 1.2948352458383205
1481 4.509017795743603
1482 4.509017795743603
1483 4.509017795743603
1484 4.509017795743603
1485 3.9245320863457214
1486 3.9245320863457214
1487 3.9245320863457214
1488 3.9245320863457214
1489 5.245724284870613
1490 5.245724284870613
1491 5.245724284870613
1492 5.245724284870613
1493 2.920671274502814
1494 2.920671274502814
1495 2.920671274502814
1496 2.920671274502814
1497 1.2827081487905072
1498 3.074882691235295
1499 3.074882691235295
1500 3.074882691235295
1501 3.074882691235295
1502 3.7711561619737473
1503 3.7711561619737473
1504 3.7711561619737473
1505 3.7711561619737473
1506 3.6386338759049717
1507 3.6386338759049717
1508 3.6386338759049717
1509 3.6386338759049717
1510 2.4921633825828553
1511 2.4921633825828553
1512 2.4921633825828553
1513 2.4921633825828553
1514 6.764331440625968
1515 6.764331440625968
1516 6.764331440625968
1517 6.764331440625968
1518 6.317257923092293
1519 6.317257923092293
1520 6.317257923092293
1521 6.317257923092293
1522 4.012080275804147
1523 4.012080275804147
1524 4.012080275804147
1525 4.012080275804147
1526 2.2796169467965357
1527 1.54590346312182
1528 1.54590346312182
1529 1.54590346312182
1530 1.54590346312182
1531 2.2384778610108067
1532 2.2384778610108067
1533 2.2384778610108067
1534 2.2384778610108067
1535 2.7456786701253595
1536 2.7456786701253595
1537 2.7456786701253595
1538 2.7456786701253595
1539 2.490832978414751
1540 2.490832978414751
1541 2.490832978414751
1542 2.490832978414751
1543 2.442509917177304
1544 2.442509917177304
1545 2.442509917177304
1546 2.442509917177304
1547 1.0385726443111154
1548 1.0385726443111154
1549 1.0385726443111154
1550 1.0385726443111154
1551 1.831924439960409
1552 1.831924439960409
1553 1.831924439960409
1554 1.831924439960409
1555 1.1800570553409782
1556 1.1800570553409782
1557 1.1800570553409782
1558 1.1800570553409782
1559 1.768873543851845
1560 1.768873543851845
1561 1.768873543851845
1562 1.768873543851845
1563 1.5142485864769273
1564 1.5142485864769273
1565 1.5142485864769273
1566 1.5142485864769273
1567 1.3700638014144273
1568 1.3700638014144273
1569 1.3700638014144273
1570 1.3700638014144273
1571 1.3022049489308705
1572 1.3022049489308705
1573 1.3022049489308705
1574 1.3022049489308705
1575 1.4546481463717797
1576 1.4546481463717797
1577 1.4546481463717797
1578 1.4546481463717797
1579 1.9977679710459593
1580 1.0161352695171997
1581 1.0161352695171997
1582 1.0161352695171997
1583 1.0161352695171997
1584 2.266185364071078
1585 2.266185364071078
1586 2.266185364071078
1587 2.266185364071078
1588 3.957053113841935
1589 3.957053113841935
1590 3.957053113841935
1591 2.3134049335681754
1592 2.3134049335681754
1593 2.3134049335681754
1594 2.3134049335681754
1595 3.0822726861117173
1596 3.0822726861117173
1597 3.0822726861117173
1598 3.0822726861117173
1599 4.108771090158058
1600 4.108771090158058
1601 4.108771090158058
1602 4.108771090158058
1603 2.0578980690591466
1604 2.0578980690591466
1605 2.0578980690591466
1606 2.0578980690591466
1607 2.2982758343440257
1608 0.718424544513991
1609 0.718424544513991
1610 0.718424544513991
1611 0.718424544513991
1612 1.054962787115396
1613 3.932437677601495
1614 3.932437677601495
1615 2.4153319303608254
1616 2.4153319303608254
1617 2.4153319303608254
1618 2.4153319303608254
1619 2.2193585077522147
1620 2.2193585077522147
1621 2.2193585077522147
1622 2.2193585077522147
1623 1.60706562866373
1624 1.60706562866373
1625 1.60706562866373
1626 1.60706562866373
1627 1.9411331302205723
1628 1.9411331302205723
1629 1.9411331302205723
1630 1.9411331302205723
1631 1.3150200391960496
1632 1.3150200391960496
1633 1.3150200391960496
1634 1.3150200391960496
1635 1.0327571746528728
1636 1.0327571746528728
1637 1.0327571746528728
1638 1.0327571746528728
1639 2.0967375633583307
1640 2.0967375633583307
1641 2.0967375633583307
1642 2.0967375633583307
1643 1.0386327403347269
1644 1.0386327403347269
1645 1.0386327403347269
1646 1.0386327403347269
1647 1.3991587734276094
1648 1.3991587734276094
1649 1.3991587734276094
1650 1.3991587734276094
1651 1.3013372125999416
1652 1.3013372125999416
1653 1.3013372125999416
1654 1.3013372125999416
1655 0.9628459391420621
1656 0.9628459391420621
1657 0.9628459391420621
1658 0.9628459391420621
1659 1.4453035617125736
1660 1.4453035617125736
1661 0.1
1662 0.1
1663 0.1
1664 0.1
1665 0.22296201343019684
1666 0.22296201343019684
1667 0.22296201343019684
1668 0.22296201343019684
1669 0.17965572149422115
1670 0.17965572149422115
1671 0.17965572149422115
1672 0.17965572149422115
1673 0.1
1674 0.1
1675 0.1
1676 0.1
1677 0.16596013486368566
1678 0.16596013486368566
1679 0.16596013486368566
1680 0.16596013486368566
1681 0.21769976138624994
1682 0.21769976138624994
1683 0.21769976138624994
1684 0.21769976138624994
1685 0.20386006525520065
1686 0.20386006525520065
1687 0.20386006525520065
1688 0.20386006525520065
1689 0.19171851538598503
1690 0.19171851538598503
1691 0.19171851538598503
1692 0.19171851538598503
1693 0.2190553281501298
1694 0.2190553281501298
1695 0.2190553281501298
1696 0.2190553281501298
1697 0.20938923696756193
1698 3.5668828315867076
1699 3.5668828315867076
1700 3.5668828315867076
1701 3.5668828315867076
1702 1.7339428561440233
1703 1.7339428561440233
1704 1.7339428561440233
1705 1.7339428561440233
1706 3.6939300377232462
1707 3.6939300377232462
1708 3.6939300377232462
1709 3.6939300377232462
1710 2.7078920625360334
1711 2.7078920625360334
1712 2.7078920625360334
1713 2.7078920625360334
1714 2.6926787961719136
1715 2.6926787961719136
1716 2.6926787961719136
1717 2.6926787961719136
1718 2.216905245866202
1719 2.216905245866202
1720 2.216905245866202
1721 2.216905245866202
1722 2.7968568464437458
1723 2.7968568464437458
1724 2.7968568464437458
1725 2.7968568464437458
1726 2.597162835663036
1727 2.597162835663036
1728 2.597162835663036
1729 2.597162835663036
1730 2.072830275747294
1731 2.072830275747294
1732 2.072830275747294
1733 3.0464882539769826
1734 3.0464882539769826
1735 3.0464882539769826
1736 3.0464882539769826
1737 0.7695379525129431
1738 0.7695379525129431
1739 0.7695379525129431
1740 0.7695379525129431
1741 0.1
1742 0.1
1743 0.1
1744 0.1
1745 0.4498250868119692
1746 0.4498250868119692
1747 0.4498250868119692
1748 0.4498250868119692
1749 0.49502668690103824
1750 0.49502668690103824
1751 0.49502668690103824
1752 0.49502668690103824
1753 0.5762100953802681
1754 0.5762100953802681
1755 0.5762100953802681
1756 0.5762100953802681
1757 0.780065400935358
1758 0.780065400935358
1759 0.780065400935358
1760 0.780065400935358
1761 0.6600526853063083
1762 0.6600526853063083
1763 0.6600526853063083
1764 0.6600526853063083
1765 0.7158291575012674
1766 0.7158291575012674
1767 0.7158291575012674
1768 0.7158291575012674
1769 0.6323128542344121
1770 0.6323128542344121
1771 0.6323128542344121
1772 0.6323128542344121
1773 0.5601860457700789
1774 0.5601860457700789
1775 0.5601860457700789
1776 0.5601860457700789
1777 0.556475224710087
1778 0.556475224710087
1779 0.556475224710087
1780 0.556475224710087
1781 2.5892345074380274
1782 2.5892345074380274
1783 2.5892345074380274
1784 2.5892345074380274
1785 3.5982842481948163
1786 3.5982842481948163
1787 3.5982842481948163
1788 3.5982842481948163
1789 2.6155805161800063
1790 2.6155805161800063
1791 2.6155805161800063
1792 2.6155805161800063
1793 1.860522320197514
1794 1.860522320197514
1795 1.860522320197514
1796 1.860522320197514
1797 3.281676312854983
1798 3.281676312854983
1799 3.281676312854983
1800 3.281676312854983
1801 3.0712217929738372
1802 3.0712217929738372
1803 3.0712217929738372
1804 3.0712217929738372
1805 3.7617129862770193
1806 3.7617129862770193
1807 3.7617129862770193
1808 3.7617129862770193
1809 3.3415010961336984
1810 3.3415010961336984
1811 3.3415010961336984
1812 3.3415010961336984
1813 4.427058799896306
1814 4.427058799896306
1815 4.25809754914102
1816 4.25809754914102
1817 4.25809754914102
1818 4.25809754914102
1819 3.398743713057063
1820 3.398743713057063
1821 3.398743713057063
1822 3.398743713057063
1823 3.5535295885258273
1824 3.5535295885258273
1825 3.5535295885258273
1826 3.5535295885258273
1827 5.733418498097684
1828 5.733418498097684
1829 5.733418498097684
1830 5.733418498097684
1831 1.0427091606957464
1832 1.0427091606957464
1833 1.0427091606957464
1834 1.0427091606957464
1835 2.0128823132682534
1836 2.0128823132682534
1837 2.0128823132682534
1838 2.0128823132682534
1839 3.9546089498085015
1840 3.9546089498085015
1841 3.9546089498085015
1842 3.9546089498085015
1843 2.508792857206349
1844 2.508792857206349
1845 2.508792857206349
1846 2.508792857206349
1847 4.518994786309776
1848 4.518994786309776
1849 4.518994786309776
1850 4.518994786309776
1851 3.3321396104593006
1852 3.3321396104593006
1853 3.3321396104593006
1854 3.3321396104593006
1855 2.4223611556359055
1856 2.4223611556359055
1857 2.4223611556359055
1858 2.4223611556359055
1859 4.501814670044777
1860 4.501814670044777
1861 4.501814670044777
1862 4.501814670044777
1863 2.5882084566448973
1864 2.5882084566448973
1865 2.5882084566448973
1866 2.5882084566448973
1867 0.3319844736788653
1868 2.1621599784595276
1869 2.1621599784595276
1870 2.1621599784595276
1871 2.1621599784595276
1872 1.3502677939466883
1873 4.6738057884815865
1874 4.6738057884815865
1875 4.6738057884815865
1876 4.6738057884815865
1877 3.877968569340744
1878 3.877968569340744
1879 3.877968569340744
1880 3.877968569340744
1881 1.9400228640031631
1882 1.9400228640031631
1883 1.9400228640031631
1884 1.9400228640031631
1885 4.41598010341268
1886 4.41598010341268
1887 4.41598010341268
1888 4.41598010341268
1889 2.4587825553971534
1890 2.4587825553971534
1891 2.4587825553971534
1892 2.4587825553971534
1893 4.326070759110706
1894 4.326070759110706
1895 1.511250125551913
1896 1.511250125551913
1897 1.511250125551913
1898 1.511250125551913
1899 2.240513339989647
1900 2.240513339989647
1901 2.240513339989647
1902 2.240513339989647
1903 3.9877532135683484
1904 3.9877532135683484
1905 3.9877532135683484
1906 3.9877532135683484
1907 5.320859004256125
1908 5.320859004256125
1909 5.320859004256125
1910 0.4433483506553202
1911 0.4433483506553202
1912 0.4433483506553202
1913 0.4433483506553202
1914 1.6591941637539147
1915 1.6591941637539147
1916 1.6591941637539147
1917 1.6591941637539147
1918 1.19774647563882
1919 1.19774647563882
1920 1.19774647563882
1921 1.19774647563882
1922 2.8982860639170513
1923 2.8982860639170513
1924 2.8982860639170513
1925 2.8982860639170513
1926 1.3622478588085
1927 1.3622478588085
1928 1.3622478588085
1929 1.3622478588085
1930 0.5762756576900713
1931 0.5762756576900713
1932 0.5762756576900713
1933 0.5762756576900713
1934 1.0636510985051588
1935 1.0636510985051588
1936 1.0636510985051588
1937 1.0636510985051588
1938 1.8865439488835567
1939 1.8865439488835567
1940 1.8865439488835567
1941 1.8865439488835567
1942 1.0228992189711585
1943 1.0228992189711585
1944 1.0228992189711585
1945 1.0228992189711585
1946 1.8124428448902392
1947 1.8124428448902392
1948 1.8124428448902392
1949 1.8124428448902392
1950 1.7377271094630218
1951 4.061216289141886
1952 4.061216289141886
1953 4.061216289141886
1954 4.061216289141886
1955 4.370752093340356
1956 4.370752093340356
1957 4.370752093340356
1958 4.370752093340356
1959 4.677110836636023
1960 4.677110836636023
1961 4.677110836636023
1962 4.677110836636023
1963 3.932526678694229
1964 3.932526678694229
1965 3.932526678694229
1966 3.932526678694229
1967 2.724418691177303
1968 2.724418691177303
1969 2.724418691177303
1970 2.724418691177303
1971 3.8709450006917066
1972 3.8709450006917066
1973 3.8709450006917066
1974 3.8709450006917066
1975 2.991647419425816
1976 2.991647419425816
1977 2.991647419425816
1978 2.991647419425816
1979 1.197396410958111
1980 1.197396410958111
1981 1.197396410958111
1982 1.197396410958111
1983 2.2285258899662646
1984 2.2285258899662646
1985 2.2285258899662646
1986 2.2285258899662646
1987 3.858108898049189
1988 3.858108898049189
1989 3.858108898049189
1990 3.858108898049189
1991 5.0938890896666695
1992 5.0938890896666695
1993 5.0938890896666695
1994 5.0938890896666695
1995 6.147764638779893
1996 6.147764638779893
1997 1.8527657442074295
1998 1.8527657442074295
1999 1.8527657442074295
